0.9242443638027833
0.9236031512402223
0.9225218559493759
0.9209800370577794
0.918946799561943
0.916379313186934
0.9132210515934365
0.909399521651985
0.9048233060259684
0.8993782717704346
0.8929228115204872
0.8852820143170407
0.8762407494145517
0.8655358461141144
0.8528479604099002
0.837794483189664
0.8199261716812016
0.7987322955962092
0.7736620252426739
0.7441729347204742
0.7098186676456447
0.6703822849408312
0.6260430248425268
0.5775298258015956
0.5261796394523571
0.47382036054756643
0.42247017419841104
0.37395697515756177
0.329617715059246
0.29018133235433374
0.25582706527942733
0.22633797475725714
0.20126770440380443
0.18007382831886945
0.16220551681039821
0.14715203959011
0.134464153885849
0.12375925058541043
0.11471798568294822
0.1070771884795271
0.10062172822957938
0.09517669397402356
0.0906004783479832
0.08677894840652993
0.08362068681304642
0.08105320043805642
0.07901996294223301
0.07747814405063878
0.07639684875978442
0.07575563619721652
