-0.010700478025658166	-0.021480239408422284	-0.03239108535362567	-0.043445380411947905	-0.054620050790921616	-0.06586722790618449	-0.07712419730497841	-0.08832026800872589	0.09938079255004151	0.11022917892748146	-0.12078764387078308	-0.13097727161038963	0.1407178147808733	0.1499276189144112	-0.158524048817705	-0.16642483192512464	-0.17355079122652858	-0.1798304635389483	-0.18520698941597716	0.18964721710537433	0.19315185046321562	-0.1957634244291731	-0.19756639094789136	0.19867284976486593	-0.19919199419084802	0.19919199419145964	0.19867284976606087	0.19756639094853035	-0.19576342442836578	0.19315185046185854	-0.18964721710477941	0.1852069894169199	0.17983046354051668	-0.1735507912272151	0.1664248319242109	0.15852404881599552	0.1499276189135203	-0.14071781478167925	-0.13097727161204847	0.12078764387190818	0.11022917892707924	-0.09938079254864438	0.08832026800759334	0.07712419730497197	0.06586722790706903	-0.05462005079190814	0.043445380412311475	0.03239108535310131	0.021480239407621907	-0.010700478025050504
-0.021803693054242068	-0.043515476974804665	-0.06498519167795187	-0.08598061174882743	-0.10619957824629286	-0.12529794426227814	-0.14291697614677784	-0.1587044977372638	0.17232989658881764	0.1834946303201874	-0.19193979456193297	-0.19745194284184733	0.19986801344377902	0.19907994695848635	-0.1950393235679568	-0.1877620772557801	-0.1773330170341029	-0.16390944766937815	-0.14772260578160915	0.12907494036546974	0.1083306919010687	-0.08589745602307468	-0.0621987330958444	0.03764281380625433	-0.012599840095179381	-0.012599840095308895	-0.03764281380649461	-0.06219873309596609	0.08589745602260991	-0.10833069190025427	0.12907494036509612	-0.14772260578241903	-0.16390944767083523	0.17733301703478913	-0.1877620772547247	-0.1950393235658492	-0.1990799469573165	0.1998680134449127	0.1974519428443036	-0.19193979456366428	-0.18349463031950153	0.1723298965864458	-0.15870449773532574	-0.1429169761468506	-0.12529794426400234	0.10619957824820427	-0.08598061174950083	-0.06498519167683851	-0.043515476973136	0.021803693052979356
-0.03350353443056617	-0.06623287948846679	-0.09733843997184174	-0.12587948763599058	-0.1508713783609719	-0.17136074178911317	-0.1864987100525541	-0.19560006075803282	0.198186551103749	0.1940159437878705	-0.1830985838594434	-0.16570303890686539	0.14235186666382763	0.11380813162613296	-0.08105286245106572	-0.045253265148728135	-0.007721248739789227	0.030138204124591606	0.06688884855556679	-0.10113389749550435	-0.1315916377416259	0.1571673333030061	0.17700737579964446	-0.19051978001816383	0.19735394410695986	-0.19735394410741935	-0.19051978001898515	-0.17700737579996279	0.15716733330235064	-0.13159163774091034	0.10113389749544409	-0.06688884855607807	-0.030138204124881	-0.007721248739928701	0.04525326514868978	0.08105286245042251	0.11380813162559189	-0.14235186666454033	-0.16570303890863544	0.18309858386075756	0.19401594378697537	-0.19818655110113828	0.19560006075599148	0.18649871005303228	0.17136074179172633	-0.1508713783637275	0.12587948763679874	0.09733843996987337	0.06623287948564169	-0.03350353442845612
-0.045467824336291596	-0.08870681139427845	-0.12746676580614452	-0.1595445442155664	-0.18294360076350588	-0.19606408588940355	-0.19786872227749913	-0.1879979831073992	0.16682687208808786	0.13546380127972174	-0.09569561009338988	-0.04988481230898488	0.0008266649335876399	-0.048425112518791995	0.09475404087401817	0.13518697769537363	0.16709837562379212	0.18839911027386294	0.19769481837288008	-0.19439742574057695	-0.1787734115043915	0.15191552143158787	0.11563472548571718	-0.07228868318956053	0.02458604779260313	0.02458604779255047	0.07228868318992283	0.11563472548611178	-0.15191552143107165	0.17877341150325454	-0.1943974257399603	0.19769481837371056	0.18839911027530187	-0.16709837562440413	0.1351869776947679	0.09475404087317893	0.04842511251857563	0.0008266649335940475	0.04988481230958937	-0.0956956100941847	-0.13546380127922014	0.16682687208597963	-0.187997983105427	-0.19786872227784694	-0.19606408589217386	0.18294360076671437	-0.15954454421664663	-0.127466765803809	-0.08870681139081857	0.04546782433365539
-0.05737143670724545	-0.11002708238110542	-0.1534701110935266	-0.18375169324263993	-0.19788881603759167	-0.19425662491852244	-0.17285208622394996	-0.13537679916014594	0.08512798886302324	0.026712914464439325	0.03438051015731976	0.09231176919335395	-0.14146148960054722	-0.17699438740661927	0.19535568115358692	0.194650100637457	0.17486144833199277	0.13788336002750448	0.08734846008180938	-0.028263636325293807	0.033516246559955484	-0.09191610860808	-0.14128359295009185	0.17694894466560054	-0.1956244504494245	0.19562445044942578	0.1769489446652972	0.14128359294937456	-0.09191610860748699	0.03351624656053263	0.0282636363238941	-0.08734846008113854	-0.1378833600283867	0.17486144833338033	-0.1946501006377775	-0.19535568115277505	-0.17699438740598086	0.14146148960067154	0.0923117691932105	-0.03438051015646799	0.026712914464914375	-0.0851279888617762	0.13537679915793535	0.1728520862231702	0.19425662492037657	-0.1978888160407801	0.18375169324436155	0.15347011109176212	0.1100270823779838	-0.057371436704680014
-0.06910259390490193	-0.12973352750850475	-0.1742541244949023	-0.1967665808396772	-0.19398922819279996	-0.16587202891393737	-0.11576923939951114	-0.05010195894855952	-0.022450336356260658	-0.09211182062628119	0.1493570657251123	0.18624885344114728	-0.19757533734143023	-0.18162203198323412	0.14046273820522082	0.07971783766017339	0.007801227309273647	-0.06524964024194224	-0.12920124330371233	0.17510189586159175	0.19658150825493031	-0.19075927257906625	-0.1586056224562039	0.104712541695852	-0.03655760781908423	-0.03655760781849907	-0.10471254169603593	-0.15860562245677873	0.19075927257895314	-0.19658150825455442	0.17510189586180525	-0.12920124330449095	-0.06524964024195917	-0.007801227310327176	0.07971783766092945	0.14046273820458405	0.18162203198214802	-0.1975753373414046	-0.18624885344170317	0.1493570657250256	0.0921118206254929	-0.0224503363565078	-0.050101958946820235	-0.11576923939824878	-0.1658720289151638	0.19398922819596517	-0.19676658084186938	-0.17425412449341632	-0.1297335275053366	0.06910259390212334
-0.08059311658569053	-0.14747627896788398	-0.18903275207643322	-0.1977117776783894	-0.1715404762454508	-0.11474023177688	-0.037186172590551486	0.047258193781076666	-0.12323394018133056	-0.17673178627019945	0.19774054669023514	0.18218515681601377	-0.13277248930066976	-0.0585665813904673	-0.026647158756834887	-0.10691885799155702	-0.1671407029987504	-0.19593283884784923	-0.18784428088278118	0.14442080564988588	0.073906186353527	0.010376428940453748	0.09262424922542961	-0.15757255159166966	0.1932979539564312	-0.19329795395676927	-0.15757255159202999	-0.09262424922515657	0.010376428940031065	0.07390618635319003	-0.14442080564928655	0.18784428088308397	0.19593283884859317	-0.1671407029985717	0.10691885799051765	0.026647158756532834	-0.05856658138957828	0.1327724893000645	0.1821851568164043	-0.19774054669052807	-0.17673178626932393	0.12323394018078206	-0.047258193782357655	0.03718617258866222	0.11474023177709913	-0.17154047624827004	0.19771177768105855	0.1890327520755321	0.14747627896499224	-0.080593116582876
-0.09179073427722352	-0.16296564240756434	-0.1972727557783852	-0.1865101502788167	-0.13268202905764762	-0.04788357308184986	0.04827415052310689	0.1331806049924853	-0.18660842155990165	-0.1956353049625923	0.15787369860543432	0.08218239051514263	0.013353954368543303	0.1057225090725019	-0.1725372827916653	-0.19750650290616772	-0.17446479878869964	-0.10895081113355462	-0.0169011534157341	-0.07925032204294077	-0.15610768545861353	0.1950773004901406	0.18688111789195394	-0.13368928430161328	0.04842702749338223	0.048427027493001644	0.1336892843019336	0.18688111789239203	-0.19507730048974495	0.15610768545832024	-0.07925032204346501	-0.016901153415211805	-0.10895081113412977	0.17446479878949128	-0.19750650290579028	-0.1725372827907678	-0.10572250907265235	0.01335395436935188	-0.08218239051523613	0.15787369860607375	0.1956353049620745	-0.18660842155883817	0.13318060499303463	0.048274150525187076	-0.04788357308117148	0.13268202905994417	-0.18651015028179538	-0.1972727557780344	-0.16296564240492764	0.09179073427434448
-0.1026388235248844	-0.1759357055694545	-0.19865144196918746	-0.16381034817133405	-0.08109755180227873	0.025551938226646746	0.1247553175503724	0.1869573888534881	-0.19337229353368177	-0.1418146593857012	0.0475631823080439	-0.061088806425902385	0.151307222037319	0.1956720673975282	-0.18058040867512457	-0.11049892821095157	-0.00670732629370747	0.09914414028621128	0.1747227114806762	-0.1969597790263454	-0.15914410763247597	0.07292561363963874	-0.03537577795954764	0.1329152601754196	-0.19029267152477033	0.19029267152509638	0.13291526017566602	0.035375777959145475	0.07292561363983376	-0.1591441076319285	0.1969597790260586	-0.17472271148136112	-0.09914414028649408	-0.0067073262945235145	0.11049892821141727	0.18058040867429126	0.19567206739687118	-0.15130722203788133	-0.06108880642618973	-0.04756318230870165	-0.14181465938571478	0.19337229353247776	-0.18695738885326446	-0.12475531755229498	-0.025551938228102873	-0.08109755180387236	0.1638103481744493	0.198651441969397	0.1759357055671294	-0.10263882352197273
-0.11309063856095472	-0.1861763894647292	-0.19310936565700018	-0.13100085652992896	-0.021726394950135033	0.09548038949886714	0.1780377534496317	0.19561232063489514	-0.14147858703422075	-0.03528489541177425	-0.08395823463206135	-0.1721834855404127	0.1966063023489798	0.14800934712365416	-0.04432950921101518	0.07588646243268507	0.1677998857315457	0.19705423139443995	0.1526940160950558	-0.05130997637212668	0.06920408090990238	-0.16391722301071684	-0.19768907137059175	0.15816104356991945	-0.06012432157621968	-0.06012432157592007	-0.15816104357028302	-0.19768907137086028	0.163917223010185	-0.06920408090981578	-0.051309976371557424	0.15269401609517314	0.19705423139529882	-0.16779988573155025	0.07588646243184727	-0.04432950921090345	-0.14800934712272573	0.19660630234902454	0.17218348554095808	-0.08395823463170089	0.03528489541228115	-0.14147858703325708	0.19561232063402256	0.17803775345107153	0.09548038950085011	0.021726394950967332	-0.1310008565330651	-0.19310936565782075	-0.18617638946281972	0.11309063855807558
-0.12310394899885424	-0.19352592614769792	-0.1808370619897848	-0.0901055849070609	0.039730857638210736	0.1522823181011135	0.19820042626334008	0.15704417954970923	-0.0466590545187479	0.08436230124755213	-0.17801314006811117	-0.1926203324470311	0.12152564448699875	-0.0037379089767221145	0.12734070405666717	0.19403301287063499	0.17391083643603034	0.07591880877530878	-0.05607622259125654	0.16295809763061625	0.19692432587293413	-0.14290465375114875	-0.02516110655730715	-0.10376904569103919	0.18658653571015987	-0.18658653571053485	-0.1037690456913386	0.02516110655757063	-0.1429046537508729	0.196924325872129	-0.16295809763047864	0.05607622259159914	-0.07591880877599913	0.17391083643704774	-0.1940330128704662	-0.1273407040563373	-0.0037379089776130377	-0.12152564448620502	-0.19262033244729507	0.17801314006807017	0.08436230124680197	0.04665905451810025	-0.15704417954810465	-0.19820042626364495	-0.15228231810287673	0.03973085763774475	0.09010558491039072	0.18083706199142768	0.19352592614639724	-0.12310394899611198
-0.13263921612276297	-0.19786922869675985	-0.1622617620283392	-0.04364928824343083	0.09737286584837533	0.18814470273840686	0.1814882630294273	0.08055983283813078	0.06232013973818853	0.17264724422565672	-0.19263256588920927	-0.11164177078285463	-0.027960303095378246	-0.15285223911784163	0.19726129043981874	0.1376943392616005	0.0054871790878266765	-0.12961328798386954	-0.19627244982843647	0.15931147898840123	0.038297425892542994	0.10290652275403697	0.1899786127018568	-0.17727395769594764	0.07159735936777795	0.07159735936797162	0.17727395769677692	0.1899786127024188	-0.1029065227539669	-0.03829742589195216	0.1593114789876087	-0.1962724498287063	-0.12961328798405364	-0.005487179088765652	0.137694339262103	0.19726129043915697	0.1528522391178634	-0.027960303096230838	0.1116417707829989	-0.19263256588976185	-0.17264724422520264	0.062320139738567135	0.08055983283603524	0.18148826302845375	0.18814470273959055	-0.09737286584817582	-0.04364928824684672	-0.1622617620307951	-0.19786922869613213	0.13263921612020185
-0.14165853526075442	-0.19913742419580563	-0.13802953451500807	0.005501469685871111	0.1456668469699008	0.19813700988925836	0.13101098573859057	-0.015374240898949154	0.1523899569350101	0.19674348583929535	-0.12128886051253597	0.028118975461632216	-0.16032600902900715	-0.19447492634740876	0.10956927334957965	-0.04246405308571121	-0.16844318410990797	-0.19106637007756974	-0.09643162371435102	-0.05738068004645513	-0.17601982250872986	0.18683445227258721	0.08333134991451563	0.07110774141251765	-0.18218091663466282	0.18218091663495142	0.07110774141247694	-0.08333134991523913	0.18683445227274212	-0.17601982250887832	0.057380680047554304	0.09643162371339638	0.1910663700774612	-0.1684431841090009	0.04246405308405957	-0.10956927335002607	-0.19447492634740438	0.16032600903004435	0.02811897546207647	0.12128886051327398	0.19674348583945028	-0.1523899569354897	0.015374240901748422	-0.13101098573564382	-0.19813700988865873	0.14566684696887286	-0.005501469681568769	0.13802953451899536	0.1991374241964349	-0.1416585352586896
-0.15012642657572378	-0.197310189830336	-0.10898461145212256	0.05431288053542292	0.17997677993640818	0.1808855523494695	0.05616012868626951	-0.10759585222605335	0.19621944976265773	0.1476907623596118	0.004181822153450562	0.15307524990295562	-0.19452534051050435	-0.09933639526833046	-0.06566782095268295	-0.1844357392132082	-0.17332842096773243	-0.04012713298147772	0.12134462974751532	-0.1973400059986729	-0.13438184489347355	-0.023148949196384577	-0.16446208216862732	0.19037276988741578	-0.08280051626208776	-0.08280051626165942	-0.19037276988759735	-0.16446208216841587	0.023148949195822045	0.13438184489330304	-0.1973400059987809	0.12134462974845221	-0.04012713298143139	0.17332842096812517	-0.18443573921243514	-0.06566782095213601	0.09933639526768656	-0.19452534051048848	-0.15307524990316604	0.004181822152397557	-0.1476907623606067	0.19621944976325273	-0.10759585222884856	0.05616012868216327	0.1808855523475454	-0.1799767799350278	0.05431288053087699	-0.10898461145714296	-0.1973101898319516	0.15012642657403624
-0.15800981743806977	-0.19241581350922934	-0.0761397016587608	0.0997713000585163	0.19700832837812632	0.1387618729976622	-0.029139077845502577	-0.17384025513957507	0.18050984578509072	0.04372712387958501	0.1277864591003613	0.19743290384734685	-0.10961687732234027	0.06565941206007614	-0.18843581298923984	-0.16055565629410143	-0.004267157841877509	0.15541776771057586	0.19071880143537623	-0.07339866338685953	0.1026660206955627	-0.19671642623027707	-0.13368734048771366	-0.036035021578398455	0.1770881974964837	-0.17708819749679836	-0.03603502157835518	0.13368734048833197	-0.196716426230248	0.10266602069593833	0.07339866338568198	-0.19071880143490458	-0.1554177677101893	-0.004267157843467142	0.16055565629523527	0.18843581298948106	0.06565941206137228	0.10961687732086761	0.19743290384684556	-0.12778645909924966	0.04372712388101973	-0.1805098457854268	0.17384025514136792	0.029139077849505046	-0.1387618729952639	0.1970083283771004	-0.09977130005458601	0.07613970166405215	0.19241581351132792	-0.1580098174365083
-0.16527796866073666	-0.18453034523132383	-0.04064006071799039	0.13907012846385947	0.19512613357772896	0.07755783595442534	-0.1090171466052982	-0.19811411944138474	0.11002814914343431	-0.07649386472011668	0.19436494472878668	0.1378357835353645	0.04241039764445568	0.18448117829700075	-0.1606426936953786	0.007701879120700567	0.16907602109261255	0.1781984314648317	0.026847139710437243	0.14869841004049994	0.19042375368734835	-0.06082546802670906	0.12352870783091596	-0.1970110706216212	0.09369079549329244	0.09369079549265097	0.19701107062151868	0.12352870783027169	0.06082546802745094	-0.19042375368754427	0.1486984100414153	0.02684713970922406	0.17819843146452607	-0.16907602109155512	0.0077018791189130695	-0.16064269369598116	-0.18448117829779315	0.04241039764616628	-0.1378357835346932	0.19436494472828547	0.07649386471890894	0.11002814914336534	-0.19811411944180338	-0.10901714660847929	0.07755783595189165	-0.1951261335770981	0.13907012846068584	-0.04064006072343417	-0.18453034523392384	0.16527796865935282
-0.1719025258291526	-0.17377629550725196	-0.003723418865088771	0.16978320687449486	0.17451090453893328	0.005689271517973236	-0.16861278833580068	-0.17455676836328082	0.006160512163931478	-0.16827466379882644	0.1742061721017404	0.005663806637297704	0.16846979346558483	0.17356820601691242	-0.00449496986275387	0.16903353946272154	0.17274014947073102	0.00289207531445164	-0.1698580696765978	0.17194265868081007	0.0012789085268976787	0.17075140403155875	0.17150985156439863	-0.00026018304203804724	-0.17132629539335473	0.171326295393706	-0.0002601830420269972	-0.17150985156476412	0.17075140403122657	0.001278908526609983	-0.1719426586802436	0.16985806967701367	-0.0028920753146015146	0.1727401494712721	-0.16903353946200922	0.0044949698630476305	0.17356820601650905	-0.16846979346635177	0.005663806636907334	-0.1742061721020713	-0.16827466379829367	-0.00616051216349009	0.17455676836235273	0.16861278833774443	-0.005689271515465781	0.17451090453850227	-0.16978320687201182	0.003723418870631992	0.1737762955103497	-0.17190252582796653
-0.17785766140577314	-0.16032079898407137	0.03332306223809122	0.1900144292058982	0.13714182529167987	-0.06696156092761332	-0.1968382431309915	-0.10885561984615713	-0.09957646590824176	-0.19749158260665722	0.07630627866501664	-0.12949026350280643	0.19137486271536788	0.040594781892239785	0.1552443752159583	0.17836373301583666	0.0030481808071824937	-0.1756289972871822	-0.1588299862645232	-0.03475037690965183	-0.18972578962454165	0.13371557431244718	-0.07101509243274823	0.1969630235462001	-0.10422682835355097	-0.10422682835286717	-0.19696302354601244	-0.07101509243195649	-0.13371557431307168	0.18972578962494027	-0.03475037691090285	-0.15882998626368927	-0.1756289972867781	-0.0030481808086567086	0.1783637330167058	0.15524437521613274	-0.04059478189105129	0.19137486271485457	0.1294902635027871	0.0763062786659323	0.19749158260691674	-0.09957646590889863	-0.1088556198441722	-0.19683824313139475	-0.06696156092973539	-0.1371418252914853	0.19001442920422137	0.033323062232670266	-0.16032079898754864	0.1778576614047521
-0.18312017598544159	-0.14437302266118884	0.0692076496954436	0.1985147609478575	0.08660648086581033	-0.13040490039870792	-0.18844221879831635	-0.01687311760439939	-0.17509882492030795	-0.15328181707079458	-0.05564601832104463	-0.19646366028324674	0.09710086494831606	-0.12092659406232395	0.19094235174210902	0.027302269945483047	-0.1697028233275088	-0.15891923780654862	0.04644413330661615	-0.1949720998486649	-0.10484282590844521	-0.11367121181979169	-0.19325349740174064	0.03654641931593775	0.16491659963323135	-0.1649165996335943	0.03654641931590902	0.1932534974018489	-0.11367121181919766	-0.10484282590841854	0.19497209984894587	-0.04644413330760869	0.15891923780636502	-0.16970282332660763	-0.027302269947069812	-0.1909423517425809	-0.12092659406341019	-0.09710086494695563	-0.1964636602828895	0.05564601831998612	-0.15328181707171956	0.17509882492100357	0.016873117601860395	0.1884422187971694	0.13040490040013591	0.08660648086592494	-0.19851476094711523	-0.06920764969037965	0.14437302266494154	-0.1831201759845786
-0.18766957295634187	-0.12618088458454485	0.10267912012587913	0.19475940042649278	0.02775648971281018	-0.1759170474064369	-0.14498679823519	0.07918310196075248	-0.19749067278831944	-0.0520823733200506	-0.16276575399277152	-0.15999283413611792	-0.05662808507454824	-0.19740734067207502	0.07407596510468005	-0.14831049948622296	-0.17214577741196407	0.03444658084637627	0.19491792640969804	-0.09445958969801786	0.13249622348021325	-0.18223930912827205	0.011844046082827478	-0.1902300967817951	0.11436871231462427	0.1143687123140042	0.19023009678158148	0.011844046081980164	0.18223930912866595	-0.13249622348060908	-0.09445958969706851	0.19491792640967096	0.034446580846121566	0.17214577741250195	-0.14831049948533456	0.07407596510512515	0.19740734067238833	-0.05662808507590216	0.15999283413565082	-0.16276575399203186	0.0520823733213073	-0.19749067278890034	0.0791831019632292	-0.1449867982328366	-0.17591704740705078	-0.027756489713228197	0.19475940042672338	0.1026791201213427	-0.12618088458853044	0.18766957295568104
-0.19148813196188483	-0.10602718889170083	0.13257039989375066	0.1789801915483746	-0.03375826144844499	-0.19723989082666646	-0.07455679233613724	0.15612189832069662	-0.15995762265990754	0.0684811273077695	-0.19724968654372668	-0.03928079517731311	-0.17568358444086632	-0.13506303782854956	-0.1019776656034319	-0.19055664177030507	-0.0018289816810194961	0.18952125443424298	0.10501082355656399	0.132372767690981	0.1771673459810872	0.035877331010585815	0.19687994508406015	-0.07159223325004473	-0.1578832420931566	0.15788324209354587	-0.0715922332499591	-0.1968799450839048	0.03587733100987465	0.17716734598128303	-0.13237276769187178	-0.10501082355559051	-0.18952125443383624	-0.0018289816823651762	0.19055664177083942	0.10197766560337855	-0.13506303782791976	0.17568358444141866	-0.039280795176967004	0.19724968654358832	0.06848112730666782	0.15995762266019256	-0.1561218983225423	0.07455679233308184	0.19723989082644197	-0.033758261447785265	-0.17898019154949957	-0.1325703998898602	0.10602718889584643	-0.19148813196142658
-0.19456098000117233	-0.08422523451498853	0.15783924902542865	0.15215129596978064	-0.09203205371694996	-0.19144144674208616	0.009744402429398804	0.1953677075592719	-0.07388839130291647	0.16358356996076096	-0.14370901251422347	0.10211381341595231	-0.18716781745970792	0.022263198872202843	-0.19655038603804273	-0.06144674889893971	0.1703233285594313	0.13392235013342463	-0.11332249447974765	0.18218436459624768	-0.03578749866079033	0.19755454872111006	0.04843732608651532	0.1770407557417241	-0.12407807393223189	-0.12407807393165478	-0.1770407557415176	0.04843732608727432	-0.19755454872119185	0.035787498661067535	0.1821843645959321	-0.1133224944804444	0.133922350133303	-0.17032332855862223	-0.06144674890035175	-0.1965503860384238	-0.02226319887329575	-0.18716781745917827	-0.10211381341598444	-0.14370901251472354	-0.1635835699602198	-0.07388839130283632	0.19536770756011695	0.00974440243255196	-0.19144144674111793	0.0920320537161144	0.15215129597169733	0.15783924902229204	-0.08422523451921625	0.19456098000091973
-0.19687614973479553	-0.061113946152052935	0.1776045985993953	0.11592904615732628	-0.14147032037788518	-0.1593190250529811	0.09223266587449928	0.18744529079565447	0.03460090590533051	0.19786618616989163	-0.02603678360764202	0.18974231422561863	-0.08404896945148245	0.16393302682183394	-0.13407790440064546	0.12291847922518925	0.17154483184351088	-0.0705458823295661	-0.1930645690295123	-0.01163732874431883	-0.1967023457590195	0.04845427803227258	-0.18204924104093223	0.10420818979242424	0.15025279487203932	-0.15025279487243465	0.10420818979230743	0.1820492410405513	0.04845427803298887	-0.19670234575937176	0.011637328745341121	0.19306456902911726	0.0705458823292622	0.17154483184399438	-0.12291847922418213	0.1340779044011563	0.1639330268226229	0.08404896945027053	0.18974231422532192	0.026036783608556446	0.19786618617009055	-0.034600905905729805	-0.18744529079539668	-0.09223266587716325	0.15931902505147427	-0.14147032037695315	-0.11592904615990196	-0.1776045985970967	0.06111394615629103	-0.19687614973476214
-0.19842462501566968	-0.03705260350957668	0.19117727419237868	0.07254969168452521	-0.1773267483568171	-0.10528959034629191	0.15756117019486496	0.13426737911928543	0.13259119843330575	0.15858281577400088	0.10325461366436063	0.17746556328743562	0.07053316689250477	0.1903183386840501	0.03552380427712439	0.19675057354061307	0.0006096633291496498	-0.19659465842218896	-0.03669237401260414	-0.1898965381629135	-0.07158462704635535	-0.1768705070108282	-0.104177774767061	-0.15784263252003383	0.1333181877066631	0.1333181877061377	0.15784263251984396	-0.10417777476766678	0.1768705070106123	0.07158462704628729	-0.1898965381632761	-0.0366923740116589	-0.19659465842178783	-0.0006096633303809694	0.1967505735408703	0.035523804276898815	-0.19031833868402653	0.07053316689362503	-0.1774655632869837	0.10325461366344033	-0.15858281577482752	0.1325911984339019	0.13426737911807027	0.15756117019658628	-0.10528959034450487	0.17732674835587778	0.0725496916875763	0.19117727419095096	-0.03705260351375134	0.1984246250158537
-0.1992003753140422	-0.012415254999402457	0.19808402697972521	0.024691341092771022	-0.19615894586671465	-0.036782409215418026	0.1935756387236239	0.04867287994828862	0.19034914161569158	0.060338883979603145	0.18646762824382815	0.07174765368986886	0.18192775957283822	0.0828638851074689	0.17674173184066908	0.09365681241333995	-0.1709373437646186	-0.1041069835400981	0.1645538913022038	-0.11420904724714903	0.15762709424266316	-0.12395633165398796	0.15015174082196	-0.13328730405043712	-0.14205410918687167	0.1420541091872593	-0.13328730405030204	-0.1501517408214053	-0.12395633165459619	0.15762709424304233	0.11420904724645833	-0.16455389130253328	0.10410698354005363	-0.1709373437638801	-0.09365681241457258	-0.17674173184091435	0.08286388510672037	-0.18192775957321825	0.07174765368952521	-0.18646762824330398	0.06033888398072964	-0.1903491416163284	-0.04867287994647585	-0.19357563872417294	0.036782409213636715	-0.19615894586587687	-0.02469134109609801	-0.19808402697918723	0.012415255003447439	-0.19920037531446236
-0.19920037947357042	0.012415096471571557	0.1980840341416328	-0.024691377324826676	-0.19615892976636767	0.0367825027569653	0.19357563052487417	-0.04867286255958181	0.19034915364194807	-0.06033884372853461	0.18646763877853056	-0.07174763484969349	0.18192776177173642	-0.08286389685338458	0.1767417194736086	-0.09365683804649091	-0.1709373353366022	0.1041069834461127	0.16455389796008038	0.11420903484355596	0.15762710090172624	0.12395632934682112	0.15015173779677848	0.13328730940186218	-0.14205410682645286	-0.14205410682595546	-0.13328730940171815	0.15015173779715812	-0.12395632934639064	-0.15762710090185494	0.11420903484435305	0.16455389795941552	0.10410698344577511	0.17093733533700797	-0.09365683804544901	0.17674171947408807	0.08286389685432378	0.18192776177118566	0.0717476348497633	0.18646763877857717	0.06033884372755686	0.19034915364241856	-0.048672862561548444	0.19357563052421203	0.03678250275849556	0.1961589297656828	-0.02469137732144088	0.1980840341419225	0.012415096467724544	0.19920037947419467
-0.19842463746241812	0.0370524474488023	0.19117729543970854	-0.07254972566457268	-0.1773267016083329	0.10528967101931112	0.15756114713985522	-0.1342673659287858	0.13259123084380367	-0.15858279051587906	0.10325464055263804	-0.17746555436918854	0.07053317215037432	-0.1903183421535906	0.0355237770713507	-0.1967505760971793	0.000609680142171609	0.19659465846473595	-0.036692362214997845	0.1898965423541691	-0.07158461675233839	0.17687050831206289	-0.10417777868330046	0.15784262815093544	0.13331819024395514	-0.13331819024430439	0.1578426281508074	0.10417777868261575	0.1768705083124881	-0.07158461675258602	-0.1898965423540702	0.03669236221574887	-0.1965946584643993	0.0006096801410442356	0.1967505760972443	-0.035523777071713454	-0.19031834215409227	-0.07053317214934536	-0.17746555436896938	-0.1032546405532497	-0.1585827905154101	-0.13259123084402835	0.1342673659304563	-0.15756114713824262	-0.1052896710203925	-0.1773267016079072	0.07254972566133286	-0.191177295440803	-0.03705244744521191	-0.19842463746328168
-0.19687617039437544	0.06111379495301036	0.17760463321744535	-0.11592907579766173	-0.1414702474637786	0.15931908174184392	0.09223263229215839	-0.18744528502743182	0.034600948828984	-0.1978661852872175	-0.026036752380222353	-0.18974231992290008	-0.08404896435399066	-0.163933019560524	-0.1340779246782399	-0.12291845641513477	0.17154484015692523	0.07054588246975212	-0.19306456655732238	0.01163734391757612	-0.19670234680471546	-0.04845427518296094	-0.182049239164906	-0.10420819590996437	0.15025279272311595	0.15025279272264266	0.10420819590987368	-0.18204923916503715	0.04845427518241664	0.1967023468049763	0.01163734391675499	-0.1930645665572499	0.07054588246975112	-0.1715448401562054	-0.12291845641614889	-0.13407792467828988	0.16393301956026063	-0.0840489643548404	0.18974231992250204	-0.02603675237933595	0.1978661852873766	0.03460094882890114	-0.1874452850284323	0.09223263228995546	0.15931908174233275	0.14147024746362583	-0.11592907579473428	0.1776046332192238	0.06111379494971748	0.19687617039543864
-0.1945610087729449	0.08422509049700491	0.1578392958084563	-0.1521513194172413	-0.09203196166890512	0.19144147166678735	0.00974436458114541	-0.1953677106429479	-0.07388835091207846	-0.16358359377952872	-0.1437089909113539	-0.10211383070084226	-0.18716781564628804	-0.022263185954222223	-0.1965503831234149	0.06144677649259862	0.17032332007437564	-0.13392235007988057	-0.11332250435245678	-0.1821843587491495	-0.035787509514994896	-0.19755454878984602	0.048437330564851146	-0.17704075249698006	-0.1240780766127264	0.12407807661307965	-0.17704075249683465	-0.04843733056417175	-0.19755454879003306	-0.03578750951490039	0.182184358749597	0.11332250435170726	0.13392235007956071	0.1703233200747203	-0.06144677649160389	0.19655038312383555	-0.02226318595341131	0.187167815646466	-0.10211383070048485	0.1437089909105852	-0.16358359378020662	0.07388835091244282	0.19536771064309888	-0.00974436457879789	-0.19144147166664255	-0.09203196166902158	0.15215131941476642	-0.15783929581078662	-0.08422509049404524	-0.1945610087741798
-0.1914881687319435	0.10602705430859599	0.13257045715007754	-0.17898020724593156	-0.033758159238063676	0.1972398806851915	-0.07455682749677678	-0.15612190946630486	-0.15995759702969276	-0.06848116700673273	-0.19724968426000414	0.03928077547353707	-0.175683586971521	0.1350630473030782	-0.10197764180034953	0.19055664927693636	-0.0018289983887539907	-0.18952125456621782	0.10501081342796668	-0.13237277901877503	0.17716734116018473	-0.03587733380995264	0.19687994447750287	0.07159223986421263	-0.157883240218382	-0.15788324021795228	-0.0715922398641549	0.19687994447741544	0.03587733381052955	-0.17716734116049615	-0.13237277901831168	0.10501081342844609	-0.18952125456591729	0.0018289983877629173	0.1905566492768211	-0.10197764180078159	-0.1350630473038587	-0.17568358697095915	-0.039280775473658845	-0.19724968425964798	0.06848116700763177	-0.15995759703021561	-0.15612190946562765	-0.07455682749882056	0.19723988068445567	0.03375815923842579	-0.17898020724399977	0.13257045715281132	0.1060270543059913	0.19148816873331712
-0.18766961754668757	0.12618076148865637	0.1026791858763523	-0.19475940737945158	0.027756592213643832	0.17591700365582147	-0.14498682420029327	-0.07918311848561807	-0.19749066973759014	0.052082332540013404	-0.1627657720399074	0.15999282243333798	-0.05662809030194821	0.1974073399125817	0.0740759906456055	0.1483104802681455	-0.17214578565181293	-0.034446580973786216	0.1949179284006455	0.09445957635133956	0.13249623169228106	0.18223930798963311	0.011844041425994548	0.19023009475627994	0.1143687151146528	-0.1143687151150047	0.19023009475612343	-0.0118440414266003	0.18223930798958318	0.13249623169236896	-0.09445957635204869	-0.1949179284003017	0.03444658097382089	-0.17214578565116992	-0.1483104802689339	-0.07407599064551408	0.19740733991282242	0.056628090301041066	0.15999282243316293	0.16276577204007805	0.05208233253924271	0.19749066973811638	0.07918311848433576	0.14498682420168196	-0.17591700365464094	0.027756592213072924	0.19475940737812983	-0.10267918587935042	-0.1261807614864275	-0.18766961754818362
-0.18312022809132536	0.14437291273921896	0.06920772192500266	-0.19851475901571808	0.08660657409465958	0.13040482878609214	-0.1884422304629753	0.016873099403965794	-0.17509884565802752	0.1532817906172964	-0.05564604847325282	0.19646366266968146	0.09710086025598018	0.12092658349226011	0.19094235846828506	-0.0273022984746423	-0.16970281490897482	0.1589192378283827	0.04644414505599287	0.19497210247335972	-0.10484281678961824	0.11367121392642424	-0.19325349800671984	-0.036546426094376694	0.16491659813877418	0.16491659813839724	0.03654642609433353	-0.19325349800644745	-0.11367121392695415	0.10484281678985899	0.19497210247340468	0.0464441450553213	0.15891923782805026	0.16970281490927122	-0.027302298473706934	0.19094235846860655	-0.12092658349186543	0.0971008602566608	-0.19646366266933193	-0.055646048473846854	-0.15328179061694086	-0.17509884565841735	0.016873099405519107	-0.18844223046352504	0.13040482878467047	-0.08660657409394233	-0.19851475901503307	0.06920772192812076	0.14437291273737632	0.18312022809291983
-0.17785772070433536	0.16032070375013296	0.0333231386337968	-0.19001441867154834	0.13714190038592894	0.06696147128851669	-0.19683823834984918	0.10885560436692086	-0.09957650420335826	0.1974915804566637	0.07630625007551965	0.1294902784679669	0.1913748611768389	-0.04059479462128088	0.15524435791977076	-0.1783637453173947	0.003048197509895945	0.17562899738374124	-0.15882997908547294	0.03475039203582657	-0.1897257929016453	-0.13371557231609196	-0.07101508792486913	-0.1969630227448937	-0.10422683123843993	0.10422683123880741	-0.19696302274472158	0.07101508792531788	-0.13371557231585385	-0.18972579290185188	-0.034750392035185096	0.15882997908563457	-0.17562899738344473	0.0030481975090503933	0.17836374531713253	-0.1552443579201971	-0.04059479462200992	-0.19137486117688632	0.12949027846761582	-0.07630625007478073	0.19749158045679413	0.09957650420347632	-0.10885560436837008	0.19683823834950612	-0.06696147128705812	0.13714190038511273	0.1900144186714454	-0.03332313863688826	-0.16032070374864363	-0.1778577207059655
-0.17190259230437482	0.17377621689214137	-0.0037233416572471597	-0.16978318749058202	0.17451095324070579	-0.005689365735703477	-0.1686127690852048	0.17455676027032602	0.0061604686106110276	0.16827468635079806	0.17420615768956857	-0.0056637870285442	0.168469795855854	-0.17356821177387488	-0.004494997247764969	-0.16903352447974748	0.17274015757926553	-0.002892075026752154	-0.16985807614716686	-0.17194265162223665	0.0012788979706463979	-0.17075140494647761	0.17150985323281528	0.0002601896729662767	-0.1713262943615314	-0.17132629436120717	-0.0002601896729339329	0.17150985323241247	0.1707514049468878	-0.0012788979707395018	-0.17194265162268615	-0.16985807614667697	-0.0028920750266747818	-0.17274015757871425	-0.16903352448033768	-0.004494997247575495	0.1735682117744354	0.16846979585531205	0.005663787028691905	0.17420615768900205	-0.16827468635133142	0.0061604686107892435	0.17455676027136532	-0.16861276908412748	-0.005689365736976943	-0.17451095323986401	-0.1697831874910207	-0.003723341654297954	0.17377621689100076	0.17190259230602628
-0.16527804208453023	0.18453028457312004	-0.0406399856438091	-0.13907010101321618	0.19512615062688254	-0.0775579210373976	-0.10901711735675668	0.1981141216112076	0.11002811439293164	0.07649390289185132	0.1943649504144819	-0.13783576930426533	0.04241040260527278	-0.18448117299292674	-0.16064270917207166	-0.007701850463245742	0.169076012588528	-0.17819843137914074	0.026847127521056176	-0.14869842051922202	0.19042375126319114	0.06082546571219049	0.12352870376802452	0.19701107099708876	0.09369079842637495	-0.09369079842673611	0.19701107099690945	-0.12352870376830477	0.0608254657118246	0.19042375126344782	0.14869842051893165	-0.02684712752156684	0.17819843137877697	0.1690760125887468	0.007701850464073454	0.16064270917228163	-0.1844811729929635	-0.04241040260450746	-0.13783576930414468	-0.1943649504142993	0.07649390289253186	-0.11002811439336345	-0.1981141216116434	0.10901711735520035	0.0775579210383178	0.19512615062607472	0.13907010101410588	0.04063998564110717	-0.1845302845723	-0.1652780420861704
-0.1580098968188166	0.19241577046355482	-0.07613962962167128	-0.09977126823962042	0.1970083142705059	-0.13876193930985697	-0.02913904220261782	0.17384026547890616	0.18050982905471485	-0.043727083179003055	0.12778648323467193	-0.1974329032216785	-0.10961687349473762	-0.06565939878781724	-0.1884358035942326	0.16055567230064607	-0.004267173891089264	-0.15541776843191268	0.19071879889513352	0.07339864978568819	0.10266602957243684	0.1967164258390603	-0.13368734312094038	0.036035015267563135	0.17708819688659266	0.17708819688629845	-0.0360350152675372	-0.13368734312049602	-0.1967164258393026	-0.10266602957247989	0.07339864978629741	0.1907187988950579	-0.15541776843164504	0.004267173890407962	0.16055567230034448	-0.18843580359465872	0.06565939878733425	-0.10961687349526375	0.19743290322136475	0.12778648323489689	0.043727083178465624	0.1805098290552756	0.1738402654786909	-0.029139042200902136	-0.13876193931031597	-0.19700831426978307	-0.09977126824085358	-0.07613962961929797	0.19241577046302138	0.15800989682041683
-0.150126510213668	0.19731016248310582	-0.10898454147993168	-0.05431285038199937	0.1799767403154097	-0.18088559485001812	0.05616016755679895	0.107595865631812	0.19621945445959282	-0.14769073353200524	0.004181853801803771	-0.1530752622975148	-0.1945253387480828	0.09933640552554232	-0.06566779590099651	0.18443572981236694	-0.17332842989135958	0.040127133397732745	0.12134463911191526	0.19734000685104394	-0.13438183721297456	0.02314895158286224	-0.1644620790375914	-0.19037277149441323	-0.08280051925786312	0.08280051925823347	-0.19037277149424486	0.16446207903768717	0.023148951583265267	-0.13438183721321476	-0.19734000685117375	-0.1213446391113803	-0.04012713339763362	-0.1733284298908949	-0.18443572981278317	0.06566779590126696	0.09933640552619179	0.1945253387480733	-0.1530752622971738	-0.004181853802299938	-0.14769073353179935	-0.19621945446010913	-0.10759586563105095	-0.05616016755834524	0.1808855948499757	0.17997674031481722	0.05431285038346759	0.10898454147793911	-0.19731016248281977	-0.15012651021520373
-0.14165862218882966	0.19913741185927405	-0.13802946768319244	-0.005501444481229327	0.14566678690423013	-0.19813702356095186	0.13101102072536666	0.01537425484460571	0.1523899831395517	-0.19674348180999401	-0.12128883828538177	-0.028118991085932042	-0.16032600692764215	0.194474922904129	0.1095692907187284	0.0424640298352807	-0.16844317977990603	0.19106637369020518	-0.09643161615270855	0.057380692151417265	-0.17601982527341897	-0.18683444904306884	0.08333135174021643	-0.07110773714044225	-0.18218091793834176	-0.18218091793807445	0.0711077371403593	0.08333135173980002	0.1868344490431475	0.17601982527359225	0.05738069215094586	-0.09643161615302676	0.19106637368984297	0.16844317978004023	0.04246402983595493	0.1095692907188354	-0.19447492290450613	-0.16032600692715554	0.028118991085754566	-0.12128883828483143	0.19674348181015858	0.15238998313987712	0.015374254843527984	0.13101102072647566	-0.19813702356045565	-0.145666786903818	-0.005501444482832938	-0.13802946768161184	0.19913741185920417	0.14165862219028824
-0.13263930442625702	0.19786922863232015	-0.16226169671164337	0.04364930229960522	0.09737279607767058	-0.1881446905651247	0.18148829190256113	-0.08055982505753508	0.06232017723941633	-0.1726472652918169	-0.1926325627990135	0.11164176084609752	-0.02796030058204551	0.15285222268910095	0.19726128447586705	-0.1376943537820617	0.005487190868762082	0.12961329191653495	-0.19627245410346275	-0.15931147230808976	0.03829741697167157	-0.10290652365806541	0.18997861012006026	0.1772739600990968	0.07159736228537503	-0.0715973622856808	0.1772739600989256	-0.18997861012003062	-0.10290652365850685	0.03829741697176099	0.15931147230849846	0.19627245410322466	-0.1296132919163422	0.005487190868192563	0.13769435378174089	-0.19726128447627841	0.15285222268903778	0.02796030058147156	0.11164176084600345	0.19263256279865665	-0.17264726529229701	-0.06232017723950266	0.08055982505865517	-0.18148829190311508	0.18814469056434113	0.0973727960775111	-0.043649302297960095	0.16226169671051816	-0.1978692286324823	-0.13263930442766236
-0.12310403692424014	0.19352593571114807	-0.18083699682818374	0.09010558252526477	0.0397307898893244	-0.15228228715088635	0.1982004490692374	-0.15704418492626535	-0.04665902174548731	-0.08436233539453544	-0.17801315374780943	0.192620330157013	0.12152564308629285	0.003737893536416428	0.12734068176498448	-0.1940330077635884	0.1739108459209875	-0.07591881089536227	-0.05607623148745776	-0.16295810330605226	0.19692432178590108	0.1429046482008508	-0.025161107271473263	0.10376904374231691	0.18658653905378417	0.18658653905354905	-0.1037690437422007	-0.025161107271104967	-0.14290464820075524	-0.19692432178611513	-0.1629581033059025	-0.05607623148701097	-0.0759188108951739	-0.17391084592054037	-0.1940330077638421	0.1273406817653484	-0.0037378935360030605	0.12152564308658426	-0.1926203301566973	-0.17801315374776455	0.08436233539511707	-0.046659021745658856	-0.15704418492718705	0.19820044906921302	-0.15228228714996883	-0.0397307898894281	0.09010558252366557	-0.18083699682749946	0.19352593571150223	0.12310403692557835
-0.11309072487079505	0.18617640688640733	-0.19310930078477997	0.1310008353260141	-0.021726451294206677	-0.09548034715913868	0.17803776909903918	-0.1956123407547538	-0.1414785713695208	0.03528486288153296	-0.08395825731290327	0.17218349076078543	0.19660629694764342	-0.1480093501916164	-0.04432952978672687	-0.07588644240112163	0.16779988345979452	-0.1970542371951711	0.1526940133788913	0.051309965855476584	0.06920408763497335	0.1639172215633745	-0.19768906902689032	-0.15816104634376563	-0.06012432429011986	0.060124324290371865	-0.15816104634359932	0.19768906902674793	0.16391722156377028	0.06920408763504769	-0.05130996585589999	-0.15269401337897695	0.1970542371948197	0.1677998834598781	0.07588644240167637	0.04432952978669055	-0.14800935019208608	-0.19660629694753204	0.17218349076046363	0.08395825731318803	0.035284862881068066	0.14147857136990888	0.1956123407553432	-0.17803776909856164	0.09548034715827361	-0.021726451293846975	-0.13100083532454812	0.1931093007845286	-0.186176406886939	-0.11309072487207018
-0.10263890774772456	0.17593573049835212	-0.19865137981173778	0.16381030986960968	-0.08109759185563489	-0.02555188978508653	0.12475532249419792	-0.18695741790803247	-0.19337229834827105	0.14181463884650947	0.0475631588948789	0.06108881828170229	0.15130721790088436	-0.1956720580841193	-0.18058041340228134	0.11049894745373472	-0.0067073402036612415	-0.09914414128576851	0.1747227162970547	0.19695977583731147	-0.15914409811121058	-0.07292560707813125	-0.03537577807481911	-0.13291526023770878	-0.19029267650297768	-0.19029267650276546	0.13291526023754918	-0.03537577807508219	0.07292560707791806	0.15914409811138966	0.1969597758374649	0.1747227162967177	-0.09914414128562712	0.006707340203205705	0.11049894745341937	-0.18058041340260764	0.19567205808435958	0.15130721790049811	-0.0610888182815489	0.047563158894419706	-0.14181463884633516	-0.19337229834876798	-0.18695741790821796	0.12475532249342379	-0.025551889784404803	0.08109759185505828	0.16381030986832829	-0.19865137981185688	0.1759357304990068	0.10263890774891679
-0.0917908161683553	0.16296567482387866	-0.19727269939688635	0.18651009874277288	-0.1326820509197139	0.04788362308876945	0.0482741416826192	-0.13318063368615377	-0.1866084427884634	0.19563530104300755	0.15787368165575896	-0.08218237504168087	0.0133539570744844	-0.1057224968478831	-0.17253727080084502	0.19750650691715158	-0.17446481301398162	0.10895081832522564	-0.016901148902371023	0.07925032875281335	-0.1561076855496829	-0.1950772951367983	0.18688111477057348	0.13368928664628407	0.04842702976615867	-0.04842702976632391	0.13368928664610272	-0.18688111477034305	-0.19507729513710423	-0.15610768554991028	-0.07925032875262016	0.016901148902612923	-0.10895081832496888	-0.17446481301359995	-0.19750650691733732	0.17253727080130202	-0.10572249684783024	-0.013353957074150324	-0.08218237504155954	-0.15787368165532678	0.1956353010431871	0.18660844278897323	0.13318063368600735	-0.048274141681779424	-0.0478836230891576	-0.13268205091898494	-0.18651009874174304	0.1972726993973516	-0.16296567482465318	-0.09179081616947686
-0.08059319568028708	0.14747631857878657	-0.18903270462621488	0.19771171851409813	-0.17154048117178852	0.11474028013971126	-0.037186197096184884	-0.04725821179296744	-0.12323396776206257	0.1767317962484947	0.197740539018316	-0.18218514083615575	-0.13277247641073112	0.058566583113213055	-0.026647144293771522	0.1069188477307324	-0.16714070771420758	0.19593285053621676	-0.18784428635977454	-0.14442080207624866	0.07390618068718496	-0.010376429553899861	0.09262424493615959	0.1575725487006935	0.19329795565095934	0.19329795565074262	-0.15757254870043505	0.0926242449362211	0.010376429554107065	-0.07390618068730569	-0.1444208020765421	-0.18784428635962316	0.19593285053578657	0.16714070771412798	0.10691884773107783	-0.02664714429389583	-0.058566583113543826	-0.13277247641081047	0.18218514083579165	0.19774053901800046	-0.1767317962488313	-0.12323396776236138	-0.04725821179252286	-0.03718619709692828	0.11474028013974003	0.17154048117091378	0.19771171851325783	-0.18903270462687216	0.1474763185795781	0.08059319568129444
-0.0691026688167257	0.12973357223162865	-0.17425408676351684	0.1967665181080745	-0.19398921729775698	0.16587207091364956	-0.11576927626805704	0.050101956062676894	-0.022450362603267805	0.0921118413095229	0.14935707033485768	-0.18624884400084446	-0.19757532054759705	0.18162202092117047	0.1404627432648152	-0.07971785294951425	0.007801236544664682	0.06524964412925811	-0.12920125280792644	-0.17510190059356914	0.19658150531330834	0.1907592670280793	-0.1586056209472323	-0.10471254498028236	-0.03655761017869732	0.03655761017882347	-0.1047125449801366	0.15860562094699646	0.19075926702829973	0.19658150531361585	0.17510190059363592	0.1292012528076348	-0.06524964412913072	0.007801236544421566	0.07971785294936014	-0.14046274326512784	0.18162202092156882	0.1975753205474227	-0.1862488440004499	-0.1493570703347628	0.09211184130985109	0.022450362603267705	-0.05010195606330006	0.11576927626858793	-0.16587207091334596	-0.1939892172968094	-0.1967665181074142	0.17425408676427356	-0.12973357223238788	-0.06910266881760377
-0.057371504035683904	0.11002712728486358	-0.1534700817390841	0.1837516314212604	-0.19788879381283422	0.1942566588751725	-0.172852130900935	0.13537681155893125	0.08512796947265468	-0.026712888558299435	0.034380525192904125	-0.09231176923229022	-0.1414614762417962	0.1769943692380169	0.19535567238045415	-0.19465010800288535	0.17486146291173943	-0.13788336783775057	0.08734845676619975	0.028263628098261488	0.033516251485256394	0.09191610703102944	-0.14128358825266651	-0.17694894283668058	-0.195624453173887	-0.19562445317367572	0.1769489428363673	-0.14128358825258033	-0.09191610703124399	-0.033516251485273596	0.028263628098483172	0.08734845676626068	-0.1378833678374445	-0.17486146291140356	-0.19465010800300267	0.1953556723809039	-0.17699436923820885	-0.14146147624149433	0.09231176923204999	0.03438052519301473	0.026712888558137724	0.08512796947295544	0.13537681155959289	-0.17285213090118523	0.19425665887458862	0.19788879381185745	0.183751631420727	-0.15347008173982196	0.11002712728552609	0.05737150403640934
-0.045467881179125647	0.08870685197020697	-0.12746674300192873	0.15954448677196578	-0.1829435715007288	0.19606411027345896	-0.19786876851394455	0.18799800753230675	0.16682686315671658	-0.13546377703620063	-0.09569558978818425	0.049884803095783366	0.0008266681086588874	0.04842509879606313	0.09475402514620884	-0.1351869712553143	0.16709838161406598	-0.18839912118223595	0.1976948251250459	0.1943974253268472	-0.17877340672218325	-0.15191551706893566	0.11563472481076942	0.07228868550462275	0.024586049304745356	-0.02458604930479336	0.07228868550448724	-0.11563472481055419	-0.15191551706906295	-0.1787734067224741	-0.19439742532708296	-0.19769482512485212	0.1883991211818633	0.16709838161394872	0.13518697125556803	-0.09475402514646604	0.04842509879600228	-0.0008266681088285929	0.04988480309571676	0.09569558978791787	-0.1354637770362656	-0.1668268631572501	-0.18799800753292958	0.19786876851398197	-0.1960641102727648	-0.18294357149984908	-0.15954448677158192	0.12746674300260818	-0.08870685197076733	-0.04546788117970555
-0.03350357638514303	0.0662329091969213	-0.0973384203922394	0.12587943821902314	-0.1508713489868799	0.17136075864758415	-0.18649875248060496	0.19560009050258467	0.1981865513246704	-0.1940159257879097	-0.18309856521995652	0.16570302641880374	0.14235186061421615	-0.11380813372502877	-0.08105287312549467	0.04525327851759337	-0.007721256099290847	-0.030138206208053842	0.06688885637308575	0.1011339048868414	-0.13159164058776468	-0.1571673312216106	0.1770073718794254	0.1905197782360833	0.19735394534356593	0.19735394534336137	-0.1905197782357433	0.17700737187924603	0.15716733122184665	0.13159164058795314	0.10113390488684743	0.0668888563729315	-0.030138206208015286	0.007721256099138986	0.04525327851748547	-0.08105287312564435	0.11380813372528845	0.14235186061415303	-0.1657030264184715	-0.1830985652196345	0.19401592578814636	0.19818655132528332	0.19560009050309046	-0.1864987524805081	0.17136075864691966	0.1508713489861688	0.12587943821876724	-0.0973384203927982	0.06623290919735629	0.03350357638557408
-0.021803719192794235	0.043515494244308194	-0.06498517548856719	0.08598057444163515	-0.10619955428778817	0.12529795452678721	-0.14291700882042396	0.15870452496855675	0.1723299028157088	-0.18349462120727494	-0.1919397825980322	0.19745193211347054	0.19986800228191923	-0.19907993801264784	-0.19503932382464076	0.18776208895191632	-0.17733303279749135	0.163909456968446	-0.1477226041252394	-0.1290749312217833	0.1083306824527672	0.08589745213067314	-0.06219873607324808	-0.037642819793195004	-0.012599843062178831	0.012599843062205091	-0.037642819793126614	0.062198736073130645	0.0858974521307399	0.10833068245295407	0.12907493122198704	0.14772260412514987	-0.16390945696810813	-0.1773330327972172	-0.18776208895203472	0.19503932382507583	-0.19907993801295712	-0.19986800228170037	0.19745193211304987	0.19193978259775224	-0.18349462120755153	-0.17232990281622965	-0.15870452496889953	0.14291700882028474	-0.12529795452627052	-0.10619955428729085	-0.08598057444147955	0.06498517548895676	-0.043515494244600175	-0.021803719193075707
-0.010700489346810211	0.02148024529640336	-0.032391074141947515	0.04344535859303292	-0.054620036250539516	0.06586723223557446	-0.07712421526125303	0.08832028496812255	0.09938079931019127	-0.11022917752927379	-0.12078764041414028	0.13097726725953035	0.14071780703356251	-0.14992760883908932	-0.1585240426314542	0.16642483475236283	-0.173550801094382	0.17983047339944802	-0.1852069938466288	-0.18964721535600368	0.19315184486339912	0.19576341822167875	-0.19756638742592658	-0.19867285106195615	-0.1991919993659673	-0.19919199936576648	0.19867285106160265	-0.1975663874256975	-0.19576341822192941	-0.19315184486370554	-0.1896472153561991	-0.18520699384644723	0.17983047339908995	0.17355080109418133	0.1664248347525265	-0.15852404263181827	0.14992760883929013	0.14071780703337577	-0.1309772672592436	-0.12078764041397887	0.11022917752945423	0.09938079931048774	0.08832028496829335	-0.0771242152611586	0.06586723223529363	0.0546200362502847	0.04344535859295996	-0.032391074142146516	0.02148024529654921	0.010700489346948545
