0.029779770206510202
0.02971961941353731
0.02965399932704049
0.029594943194866295
0.029544345698707775
0.029501238727163592
0.029465031451897425
0.029436640897424683
0.029417664813820403
0.029408053365755804
0.02940588108151633
0.02940867909172566
0.029413596552260998
0.029417831106166546
0.02941993468482289
0.029419955764840494
0.029418472592246697
0.02941600139762892
0.029412975664500927
0.029409930927111742
0.029407706038438286
0.02940757047407321
0.029411011220688534
0.02941836093202797
0.029425696606245253
0.029425696606282192
0.02941836093203034
0.02941101122069699
0.029407570474075693
0.02940770603843512
0.029409930927112003
0.02941297566450803
0.029416001397629815
0.0294184725922482
0.02941995576484497
0.02941993468481932
0.029417831106166324
0.029413596552265175
0.029408679091728104
0.029405881081521555
0.02940805336575456
0.02941766481382134
0.029436640897423486
0.02946503145191236
0.02950123872716319
0.029544345698696572
0.02959494319488893
0.029653999327049235
0.029719619413590616
0.02977977020674502
