0.9242443638027816
0.9236031512402223
0.9225218559493739
0.92098003705778
0.9189467995619442
0.9163793131869333
0.9132210515934347
0.9093995216519852
0.904823306025967
0.8993782717704346
0.8929228115204894
0.8852820143170432
0.8762407494145504
0.8655358461141118
0.8528479604098951
0.837794483189661
0.8199261716812005
0.7987322955962051
0.773662025242667
0.744172934720474
0.7098186676456439
0.670382284940843
0.6260430248425419
0.5775298258015971
0.5261796394523206
0.47382036054753235
0.42247017419840727
0.37395697515758275
0.3296177150592534
0.29018133235433186
0.2558270652794209
0.2263379747572406
0.2012677044037952
0.18007382831886606
0.16220551681039544
0.1471520395901075
0.13446415388584707
0.1237592505854076
0.11471798568294606
0.107077188479524
0.10062172822957571
0.09517669397402051
0.0906004783479823
0.08677894840652807
0.0836206868130448
0.08105320043805468
0.07901996294223064
0.07747814405063617
0.07639684875978248
0.07575563619721302
