0.029779770206545368
0.02971961941354017
0.02965399932704278
0.029594943194866913
0.029544345698706953
0.0295012387271641
0.029465031451898
0.02943664089742419
0.02941766481381998
0.029408053365755665
0.029405881081516518
0.029408679091725627
0.029413596552260342
0.029417831106167296
0.02941993468482302
0.02941995576484046
0.029418472592246746
0.029416001397628906
0.029412975664501205
0.02940993092711154
0.02940770603843802
0.02940757047407191
0.029411011220686595
0.0294183609320285
0.029425696606255155
0.029425696606271312
0.029418360932031186
0.029411011220698457
0.029407570474076675
0.02940770603843517
0.02940993092711201
0.029412975664507925
0.029416001397629496
0.02941847259224811
0.02941995576484499
0.029419934684819044
0.029417831106165863
0.029413596552266115
0.02940867909172787
0.029405881081521097
0.029408053365754465
0.02941766481382145
0.02943664089742372
0.02946503145191226
0.029501238727161715
0.029544345698697214
0.029594943194888354
0.02965399932704693
0.029719619413591844
0.029779770206704546
