0.0009049711262763575	-0.002781073047558841	0.006159024594069679	0.011371474609156357	-0.018585929580178556	-0.02777840543653687	-0.03875200637685483	-0.051159836944542535	0.06458350314208147	-0.07856071918847206	-0.0926892903829725	0.1065916106382496	0.12003478039257558	-0.13278466576536616	-0.14480900599301114	0.15595344003021377	-0.16639220203924826	0.17592368687706184	0.1850393934172542	-0.19331443688307165	0.20209859899475224	-0.2106697819199634	-0.22459465328619013	-0.2586728670006409	0.2326701092598761	-0.23267011059921675	0.2586728645617999	-0.22459465756965918	-0.2106697740841476	0.2020986054217608	0.19331443353449726	-0.18503939960127644	0.17592368344239206	0.16639219893223947	-0.15595344327745184	0.14480900356129603	-0.13278466483842458	0.1200347846810802	-0.10659160660863583	0.09268929264136185	0.07856072120369131	-0.06458350043385233	-0.0511598377225038	0.03875200696683133	-0.027778404094712987	0.018585929824909513	-0.011371474251303356	-0.006159025274370811	-0.002781072624961222	0.000904970819759812
0.0021895678389379568	-0.00664749603440023	0.014504983162290043	0.02631315467902078	-0.04212761615646252	-0.061479621722665995	-0.08345195669296204	-0.10680171700766757	0.1301638627116767	-0.15218658492779852	-0.171734748593715	0.18787609948144532	0.20005014368976162	-0.20783872115702404	-0.21123806470921597	0.21014184999743382	-0.20498411643699493	0.19567949230723808	0.18308759420860352	-0.16680557845783192	0.14836673647143783	-0.1264513045774469	-0.10422763165100907	-0.07865697423506537	0.03903989092024798	0.03903989174907614	-0.07865697304957571	0.10422763312283509	0.12645130081708533	-0.14836674020981938	-0.16680557498004267	0.18308760201796737	-0.19567948780005906	-0.20498411309384015	0.21014185457933357	-0.2112380603850998	0.20783871967397644	-0.20005015095308837	0.18787609211149092	-0.17173475265972699	-0.15218658885166583	0.13016385748295045	0.10680171867551116	-0.08345195791341957	0.06147961890205649	-0.04212761680544478	0.02631315355629469	0.014504984819202026	0.006647495080042355	-0.002189567551298957
0.004169739127557741	-0.012442182077979485	0.026576776250319196	0.04699272064362744	-0.07297505038074902	-0.1027450616922638	-0.1337199437252208	-0.16294106412942957	0.18750180911667405	-0.2049753793948467	-0.21363887962841588	0.21263086777112106	0.2018678816386497	-0.18198928337976236	-0.15412901321876843	0.11982054138499187	-0.08075610927822849	0.038793846589116124	-0.004422620672620773	0.04704470194953048	-0.08829448381254605	0.12666740016955674	0.1656566151289312	0.21996588302263712	-0.21602030632332278	0.21602030693090638	-0.21996588162209757	0.16565661818541516	0.12666739556924755	-0.0882944869474002	-0.04704470161738167	0.00442261938188267	0.038793845279204923	0.08075610990478573	-0.11982054285332717	0.15412900867501497	-0.18198928273289813	0.20186788912749004	-0.21263085871573514	0.21363888379698837	0.20497538540961416	-0.18750180264088956	-0.16294106561609625	0.1337199457540452	-0.10274505795712754	0.07297505142222167	-0.04699271832910227	-0.026576778731248574	-0.012442180576928965	0.004169739728029608
0.007030405606947149	-0.020530594405742432	0.04269366516464491	0.07305645523729365	-0.10903272154119892	-0.14633373971634778	-0.17974058465850992	-0.20413690751166041	0.2153768836897665	-0.21105073192969423	-0.1906479983288977	0.1556657952507591	0.10900465350641211	-0.054818850897566135	0.002506510161127297	-0.05814523926394268	0.10824551041730313	-0.1487239905980134	-0.1777454695508779	0.19241022977480923	-0.19405836145237781	0.180184011174782	0.15707426170518748	0.1204523297724635	-0.05957649390913435	-0.059576495086278096	0.12045232808039662	-0.15707426382543166	-0.1801840062970817	0.19405836601091467	0.19241022614197856	-0.17774547638245786	0.1487239872295488	0.1082455062426949	-0.05814524257516233	0.0025065117704808804	0.05481885130109303	-0.1090046570970679	0.1556657881319363	-0.19064800119655534	-0.21105073858585577	0.2153768776794182	0.20413690832964043	-0.17974058761248876	0.14633373549078768	-0.10903272298441655	0.07305645153610195	0.04269366834625492	0.020530592374812577	-0.007030407414281167
0.010976567268290062	-0.03123819753890171	0.06288459602678918	0.10333665996973065	-0.14666336309301853	-0.18485574248331063	-0.20969828430326815	-0.21471320280638004	0.196652142720586	-0.1561815382698806	-0.09769073299987018	0.028366373427240726	-0.04312726899325822	0.10803679699104263	0.15878414783127123	-0.18976157566114996	0.198053812683517	-0.18324882987624816	-0.14777024015667573	0.09579186781741293	-0.03312475210548601	-0.0340401986994849	-0.10240898573118304	-0.18221532054905354	0.2014537520988516	-0.20145375156559073	0.18221532066294688	-0.10240898736112797	-0.034040197533532116	-0.03312475222890625	-0.09579186595881713	0.14777024608969175	-0.1832488258006279	-0.1980538108891512	0.18976157920375045	-0.15878414453519726	0.10803679730901895	-0.04312727214043243	-0.028366372329618788	0.09769073473631835	0.15618154195739062	-0.19665213831683437	-0.21471320478072903	0.2096982878683044	-0.18485573699847538	0.1466633653320339	-0.10333665487715446	-0.0628846008528264	-0.031238194511279068	0.01097656919815423
0.016138007958221748	-0.04458412263768093	0.08640639024483576	0.13528253935635312	-0.1804569469171628	-0.209715317091501	-0.21300695789964214	-0.18543862463080135	0.1289246796900093	-0.05176854582418959	0.03308621773841308	-0.11120686433474097	-0.16933635012417653	0.19833612615240556	0.19400160462038804	-0.15832886044376726	0.09763278886948139	-0.02296711298220099	0.05443464467184813	-0.12096206419734139	0.16910709450402414	-0.1883662687674005	-0.18334882498486701	-0.14673878598918694	0.0729184868665844	0.07291848762528061	-0.1467387845889651	0.1833488276134316	0.18836626408845702	-0.1691070983049461	-0.12096206195862025	0.0544346464042285	0.022967112613656106	0.09763279213839729	-0.15832886007755567	0.19400159885508447	-0.19833612737227338	0.16933635804899308	-0.11120685879904002	0.03308621726580806	-0.05176854455336335	0.1289246781240828	0.18543862871371927	-0.21300696153925827	0.2097153101290458	-0.1804569501529129	0.13528253309535065	0.08640639786476371	0.04458411766873358	-0.016138009070676473
0.022727643676092306	-0.060702972421859104	0.11257281716521844	0.16637139654245878	-0.2054484851802129	-0.21430491336396623	-0.18435942897567728	-0.11750103456704857	0.026200468871861258	0.06980756401869341	0.14891723848500324	-0.19345634401801345	-0.19396777185021344	0.15130700147023474	0.07581015624871468	0.015208403574806025	-0.1019896650576357	0.16593324875443707	0.19449465089213913	-0.18181192269240984	0.1317387581123075	-0.053565026725541476	0.039107247856648285	0.14644499795850477	-0.189313513498038	0.18931351200168847	-0.14644499953237375	0.03910724778330361	-0.05356502507883544	0.13173876041070154	0.18181192004659766	-0.1944946564743139	0.16593324556721087	0.10198966131483977	-0.015208406019844639	-0.07581015264077857	0.15130700132834618	-0.19396777908660331	0.1934563353234495	-0.14891724049582478	-0.06980756850438943	-0.026200471574483852	-0.11750103833729333	0.18435943244789613	-0.21430490685821846	0.20544848901003115	-0.16637138936077955	-0.11257282728254638	-0.060702964963141974	0.022727644887126686
0.030783653711460603	-0.07916787943653372	0.13960035819397593	0.19271093597895428	-0.21607065778215523	-0.19396092647781304	-0.1248905664031765	-0.023738926680529283	-0.08262028261678873	0.16406370444772989	0.1973813160131624	-0.17341083627811288	-0.09995603168203389	-0.001545979099598396	-0.1020167714966038	0.17415877519774453	-0.19856229249396012	0.17042221583677414	0.09748461200837527	-0.0016682629613265706	-0.09406458035622314	0.16056234967028565	0.18961895018500716	0.16369534498193103	-0.08263052156432074	-0.08263052112573568	0.1636953447236188	-0.1896189532865269	-0.1605623454212864	0.0940645831568882	-0.0016682635469112057	0.09748461494760886	-0.17042221252890552	-0.19856229319503518	0.17415877628730822	-0.10201677024530727	0.0015459814631382286	0.09995603335662752	-0.17341082937403957	0.19738132043608014	0.1640637093102475	-0.08262027570882566	0.02373892772801468	-0.12489056911446582	0.19396092274761306	-0.21607066222252025	0.19271092773139412	0.13960036934869535	0.07916786995050784	-0.030783656775862416
0.04044993472724609	-0.0996940033495211	0.16586024387879675	0.21086068248946543	-0.20831354697349563	-0.14772443827128828	-0.041897321273362965	0.07627793733195684	-0.16638193617679564	0.1966129998830878	0.15651324885606593	-0.06089349439914328	0.0558560014673787	-0.15277570774028235	-0.19663717257761804	0.17349398566286967	-0.09206495606001357	-0.01907127452393745	-0.12314532141281911	0.1850866377076141	-0.18644704926833616	0.12536619770498908	0.021351941595689143	-0.11231995316281052	0.17910682816116383	-0.1791068267809877	0.11231995525115947	0.021351943803071635	0.12536619391421747	-0.18644705254190702	-0.18508663522126872	0.12314532337800248	-0.01907127454797181	0.0920649604464049	-0.1734939850234541	0.19663716689764918	-0.15277571042120677	0.05585600673477397	0.06089349313970777	-0.15651325317299927	-0.19661300360222458	0.16638192768795595	0.07627793836920992	0.04189732222093756	-0.14772443804358637	0.20831355259016746	-0.2108606725191505	-0.1658602555625676	-0.09969399260619821	0.04044994032556012
0.051631192021704346	-0.12138388817299042	0.1889351328641457	0.21736057637786263	-0.18047994090527744	-0.08050703030504777	0.04882457885924077	0.1562315846229704	-0.19663308793439832	0.15288141897079147	0.04397888189508603	0.08303434805070668	0.1743013546003575	-0.1917367391901622	-0.12926854308249028	0.013278396800355438	0.10789310253328885	-0.1861479247519686	-0.19012574731348614	0.12134754830688964	-0.0057208989404360575	-0.10583780278317649	-0.1792141250165726	-0.17392145170069948	0.09027198192934452	0.09027198024678007	-0.17392145306663268	0.17921412773701031	0.10583779881645411	0.005720896415175079	0.12134754777735954	-0.19012575147101618	0.18614792123001114	0.10789310015276772	0.013278396005978074	-0.12926853756010317	0.19173673922421128	-0.1743013628941542	0.08303434367724204	0.04397888277229315	0.1528814212626855	-0.19663308244640704	-0.15623158573550577	0.04882457901166369	0.08050703284234229	-0.18047994655595345	0.21736056487803004	0.18893514640652112	0.12138387617215393	-0.0516311991087717
0.06440152463021125	-0.1436289814298887	0.2069221792145899	0.20997343944351468	-0.1333979582723579	-0.000693865811255962	0.129735391197444	0.19487707297068554	-0.16198039964172214	0.047619999867422796	-0.09017965414682746	0.1818386660246278	0.18189186780991864	-0.09110129118868895	0.0447672789156675	-0.15906372711446362	0.1964357879235083	-0.14021065370235156	-0.017593300432551993	-0.11143485484478753	0.18767756230777927	-0.17309436674398193	-0.07614598481007476	0.07960181656071497	-0.17037822331337854	0.17037822387264875	-0.07960181666378627	-0.07614598854900721	-0.17309436062335332	0.187677566678418	0.11143485230733895	0.017593301384479006	-0.14021065076072403	-0.1964357911758972	0.15906372705286065	-0.04476727906334035	-0.09110128704053855	0.1818918733296467	-0.18183866047429037	0.09017965700646788	-0.04762000142841307	0.1619804000301549	0.19487707264886164	-0.12973539074800167	-0.0006938693434388085	0.13339796135434404	-0.20997342881253295	-0.20692219588823677	-0.14362896711736936	0.06440153130919857
0.07851079920431786	-0.16518094505873968	0.2175749834936169	0.18768880878207106	-0.07160051028389615	0.07858099027507486	0.1822807903816619	0.1801562077169448	-0.07306646044360224	-0.07637458365912993	-0.18040035286528636	0.1786373801123009	0.07280559071119241	0.07482177647497831	0.1794098487270085	-0.18136783475848198	0.08088116857834574	0.0657252522755586	0.17585891796455902	-0.19123870097008805	0.10265661281565502	0.034689243156115185	0.1548877493436575	0.17877355386336202	-0.0966466722291416	-0.09664667116699374	0.1787735552067744	-0.1548877489370967	-0.03468924314676114	-0.10265661120683024	-0.1912387005986624	0.1758589195734302	-0.06572525095822783	0.08088117174818381	-0.18136783492627062	0.17940984544366514	-0.07482178125260716	-0.0728055918965957	0.17863737676991442	-0.18040035543174265	-0.07637458335275787	-0.07306646507001964	-0.18015620632431653	0.18228079002954498	-0.07858098667744962	-0.07160051058049115	0.1876888008688768	0.21757500167499794	0.16518092827227335	-0.07851080585625644
0.09392675892703722	-0.18514837462932326	0.21926872554937288	0.15066298152386215	-0.0009197052081110437	0.14509480941939693	0.19491300117465168	0.11516051254715978	0.04127908718554245	-0.16930518867005376	-0.1829178478550119	0.0736425093211754	-0.08473381452281267	0.18643336022959558	0.16465188556455626	-0.03417849719917698	-0.11905128136969335	0.19616550461700522	0.14740580197675102	-0.006193899435546952	-0.13868854952719045	0.1918714849651528	0.12270827187322796	-0.048196023654362666	0.16277917805177863	-0.162779180037998	0.04819602157035251	0.12270827372044645	0.19187148012481886	-0.13868855519022347	0.006193903261661396	-0.14740580179718155	0.19616550227491059	0.11905128450526092	0.03417849977837608	-0.1646518841901592	0.1864333591951308	-0.08473381632716134	-0.07364250734136542	0.18291784708284095	0.1693051916351086	-0.041279081284571896	0.11516051188375354	-0.1949130028290868	0.14509480520216858	0.0009197043968498955	-0.15066297567576253	-0.2192687427562267	-0.18514835649906977	0.09392676776576442
0.11024053204782312	-0.20215804329133813	0.21078564943696426	0.10139672939974685	0.06945698449147188	0.1863390205683182	0.16383560707439426	0.018212793014495528	0.1403821195221355	-0.19106523909539472	-0.09562182550709615	-0.07280269135573332	-0.18597190669921346	0.15899828375813504	0.012585740727567279	0.1429705120915305	-0.1927274732731808	0.09966824440819064	-0.06649283788775061	0.18645772608390213	-0.17222166951285037	0.041486553767446144	-0.1194424374429237	-0.17906363671206643	0.10221549396091965	0.10221549492671705	-0.17906363629377403	0.1194424343747376	-0.04148654805404924	0.17222167270485947	0.18645772477211361	-0.06649283628314573	-0.09966824397963649	-0.19272747743724425	0.14297051059295168	0.01258574134553786	-0.15899827855921267	0.18597191054852863	-0.07280269012516717	-0.09562182247945701	-0.19106524274053022	0.1403821139114868	-0.018212791906970543	0.16383561034215907	-0.1863390176006056	0.0694569864280549	0.10139672613259998	0.2107856658457665	0.20215802377506947	-0.11024054229937168
0.1273260739037685	-0.2152729871791891	0.19154578038143094	0.04304441915854992	0.1311860131910764	0.19482427833129246	0.09494353561930201	-0.08454188421252723	0.1906083753841422	-0.132480263198791	0.03955432141167118	-0.17788666256685795	-0.1644862641657252	0.011398256815419928	-0.1514126124967095	0.18645847031223675	-0.06490467635357906	-0.11203130401021025	-0.19674332196387131	0.12100180305177509	0.05411362710445342	-0.1806622939813987	-0.1588923022464667	0.01811319950649131	-0.15604856162531594	0.1560485618411208	-0.01811319834030133	-0.15889230043298452	-0.1806622954819893	0.05411363024032351	-0.12100180814167351	0.19674331794133398	-0.11203130283305497	0.06490467548541724	-0.18645847234996177	0.1514126111889174	0.011398252058666288	-0.16448626734159366	0.1778866578116966	-0.03955432526465336	0.1324802651090786	-0.19060837261768854	-0.08454188560197927	-0.09494354024115623	0.19482427725817583	-0.13118601521721818	-0.043044418186147196	-0.1915457939233768	-0.21527296740275773	0.12732608652941096
0.14465063818065874	-0.22332550699521023	0.162053447240455	-0.018830138978331207	0.175171902452339	0.16828153513406668	0.0044131270079083755	-0.1622096986043547	0.1732317344543212	-0.018497690330168313	0.15393875652670114	-0.1794138155718388	-0.034180379116757205	-0.14398949154733204	-0.18657695838321348	0.05435039495810377	0.12910281075416158	-0.19189477903562155	-0.07703796826385682	-0.11102485719988281	0.19788849998234478	-0.11148845411232734	0.07588050930567665	0.17533158015897723	-0.10726402606182765	-0.1072640263352145	0.17533157943743624	-0.07588050899603997	0.11148845166388167	-0.19788850504482702	-0.11102484975442858	-0.07703796624577845	0.19189477610428268	0.12910281773194873	0.054350397151043596	-0.18657696002849317	0.14398949306660977	0.03418038222604526	-0.1794138100012509	0.1539387564892278	-0.018497689456791734	0.1732317332363535	0.1622096997508539	0.004413128821387515	-0.16828153625653283	0.1751719073711364	-0.018830137510928907	0.1620534590832389	0.22332548781501446	-0.144650649687923
0.1620063653361791	-0.22553734196108183	0.12309998971989738	-0.07925390054904889	0.1955882530061059	0.11078704308484667	-0.08762475644090403	-0.1924651721194352	0.09362672110878696	0.10413714893230269	0.1916514393066942	-0.07654252149509208	0.11966213827374196	-0.19090433041969998	-0.06258364583884476	-0.1309302772328661	0.18853876365647926	-0.049897599175288625	0.14117635516953134	-0.18951960462146075	0.04383402904738811	0.14227191687140292	0.1830955749484545	0.01056207263891431	0.14998918065584269	-0.14998918095032926	-0.010562073352950887	0.1830955740328525	0.14227191854734925	0.04383402865007149	0.18951960365764317	-0.14117635187880392	-0.049897595727461184	-0.18853876978708103	0.13093027813474747	0.06258364981703511	-0.19090432750529496	0.11966213662788085	0.076542518505827	-0.19165143545452454	-0.10413715187872336	-0.09362672260994644	-0.19246517214552789	0.08762475791935796	0.11078704608290652	-0.19558826033630958	0.07925389635864447	-0.12309999798927702	-0.22553732340568552	0.16200637807017884
0.17879125484212446	-0.22125620496885068	0.07701850265292864	-0.1317322962216569	0.1889910528632095	0.033217752691022125	-0.1582596867601297	-0.16562379836597735	-0.01913836914713075	0.18155954523518095	0.13305786404332473	0.06987918021387077	0.1924977896856038	-0.09296271418405704	0.11384555852127906	-0.19111059286464985	0.049919334277970774	0.14772818369098126	0.1782376215545602	-0.005171125560742179	-0.1743121391667934	0.1655172909369702	-0.027391867115427994	-0.1679720564680806	0.11198204883576499	0.1119820493303105	-0.1679720552668319	0.027391867496734106	-0.16551729007663335	0.1743121431404636	-0.005171131476537542	0.1782376165407599	-0.1477281864095726	0.04991933310564819	-0.19111059778215636	0.11384555504058111	0.09296271043796396	-0.19249778956754687	0.0698791774248081	0.13305785735589618	0.1815595476862481	-0.019138366618757344	0.16562379625788498	-0.15825969211087587	-0.033217756508826184	0.1889910625282715	-0.13173228980805776	0.07701850828934534	0.22125618773664651	-0.1787912682301442
0.19475735793328403	-0.21009821163664152	0.025918004723036684	-0.17148916524505603	0.155814133990944	-0.05102314929267811	-0.1911973989789787	-0.08914924702171921	-0.12558343045140669	0.18086486941459345	0.006616923032684461	0.1763240691132122	0.13645226596476495	0.07625799033678317	0.19377833665455924	-0.06852120713054412	-0.14290389978262558	0.17520275671353916	-0.011689339242625347	0.1868414852618175	-0.13065320985795767	-0.08290385762854934	-0.19435049875308086	-0.03769401882080019	-0.14444880355780632	0.14444880356401557	0.037694019016095	-0.19435049799320067	-0.08290385974430733	-0.13065321040112984	-0.18684148187244073	0.011689337665125591	0.17520275566174576	0.14290390594837202	0.06852121092801085	-0.19377833614121565	0.07625799143645791	0.13645226708983318	-0.17632406210889912	-0.006616915778990006	-0.18086487109248792	0.12558342915597925	-0.08914924435783413	0.19119740609540192	-0.051023144727923235	-0.1558141430833379	0.1714891572236215	-0.02591800789769378	-0.21009819754935283	0.19475737096294182
0.20931334150757552	-0.1921596774257642	-0.026534792329707856	-0.19389583429522672	0.10078293142171854	-0.1251806181738393	-0.17789781577491248	0.013442619804251196	-0.18577801850261513	0.1020603848641472	-0.12242883099632842	0.17909808942395544	-0.010363810334565855	0.18609234922707188	0.10770177126998198	0.11863381721962109	-0.18390113489018042	8.175368276505794e-5	-0.18465948627171325	0.1181085633898922	0.10805913636347389	-0.1962712884744324	-0.022732649084285687	0.15730049938603383	-0.11650406788545334	-0.116504068289867	0.15730049803174206	0.022732648052258844	0.1962712889961013	-0.10805914072182295	0.11810856813346655	-0.18465947910106992	-8.174962331637325e-5	-0.18390113860183763	0.11863381892127907	0.10770177302836094	-0.1860923467486338	0.010363808743501967	0.17909808269399324	-0.12242883524791882	0.10206038536249876	-0.18577801975831906	-0.013442622434991225	-0.1778978227767789	0.12518061419046148	0.10078293868651557	-0.193895825599546	-0.026534790365562826	0.19215966806840096	-0.20931335205087478
0.22221296727673082	-0.16755569721978672	-0.07752760933302404	-0.19669875351709945	0.030984264652659577	-0.17582224838260938	-0.12115995539098592	0.11259477889955882	-0.17833571610278035	-0.021561496901427914	-0.18981378809933067	0.07608833496208164	-0.1511721714317813	0.15449911781253908	-0.0715326223582916	0.19301425689093768	-0.029668792322699093	-0.17718983133115956	-0.12303442449853488	-0.11486150540010447	0.1851943697688849	0.011318349016899824	0.19238322776310127	0.06311233307176393	0.13930703830868588	-0.13930703801191643	-0.06311233235410182	0.19238322832226523	0.01131835028778962	0.18519437203558942	0.11486149912012458	0.12303442166920488	-0.17718983348662884	0.029668790945172354	-0.19301426236277347	0.07153262092388149	0.15449911396734384	-0.1511721711453326	-0.076088332572847	0.18981378605243193	0.02156149860323278	0.1783357189045833	0.1125947819411174	0.12115996142914338	-0.17582224642641453	-0.030984270854567852	0.19669874426626477	0.07752760819401512	-0.1675556930471264	0.22221297481404279
0.2329558933235058	-0.13719152518773411	-0.12311529870422397	-0.1793664005351821	-0.04286273706853574	-0.19256416508584343	-0.03523089816492254	0.17725960323148596	-0.10592022260367814	-0.1349476543125685	-0.16028383573295846	-0.07106303084131582	-0.18958126470096992	0.005840026264809255	-0.1881200574096963	0.08252290630281593	0.15475213478683547	-0.14783229293516384	0.09401710504115561	-0.18586224496831594	-0.015725577820857494	0.1997629256249009	0.07122722074211536	-0.14358853430085036	0.12093271650756306	0.12093271655730442	-0.1435885332220919	-0.07122722039712309	-0.1997629270972691	0.015725581386284878	-0.18586224561681958	0.09401709934880151	0.14783229017131752	0.15475213717991962	0.08252291062429438	-0.18812005747609176	-0.005840022987881396	0.18958126713650383	-0.07106302925484688	-0.1602838282327416	-0.1349476576730717	-0.10592022616058262	-0.177259604983597	-0.03523090289812591	0.19256416529153653	-0.042862732149144184	-0.17936639157203926	-0.12311529957350119	0.13719152626638134	-0.23295589759726035
0.24134677890601866	-0.10169537690872346	-0.16065206727338416	-0.14331869549979434	-0.11086671439668941	-0.17226403611302002	0.0598456907489553	0.18835397834403292	0.0058853967916756445	-0.19009225239040278	-0.048513153628195214	-0.17696949097611542	-0.09990255510679712	-0.14853913930235846	-0.14346202015340417	-0.10774821865182553	0.17586823326982143	0.055503463579716625	0.1926769406527282	0.0008969602958110514	-0.19442768449181674	0.062308313582845	-0.1776345067701229	-0.08662378967722385	-0.13446527567740074	0.13446527556012808	0.08662378768496706	-0.1776345076942779	0.06230831339810073	-0.19442768904608373	-0.0008969524452828376	-0.19267693411022813	0.05550346858273036	-0.17586823309465788	0.10774821881626963	0.1434620201132062	-0.14853914007861294	-0.09990255854268353	0.1769694889885743	0.048513145434490125	0.19009225703104857	-0.005885392435054876	0.18835397690389785	-0.05984568745405118	-0.17226403741158786	0.11086671078326191	0.14331868779490356	0.16065206941361396	-0.1016953810863101	0.24134678127988834
0.24705219493921132	-0.06265885477071627	-0.18711209007047058	-0.09257643760431891	-0.162369081490121	-0.11894322542050263	0.1396850202868306	0.14227390277720398	0.11488956862114283	-0.16226021001113397	0.08718539101358457	-0.1778607901976261	0.05647076512667198	-0.18882495835621435	0.023562327356665115	-0.19337438618445593	0.010956112598173027	0.19314252222640577	0.045665558470828545	0.18366587744600368	-0.08012688261331556	-0.17574560717862897	-0.11499318249041979	0.12708373500318926	-0.12535258254517417	-0.1253525829360269	0.12708373631946962	0.11499318248600988	0.17574560956399507	0.08012688293534113	0.183665868487506	0.045665559048860174	-0.19314252469674142	0.010956109819325389	-0.19337439117748384	0.02356232716680541	0.18882495600589033	-0.05647076350671142	-0.17786079024850107	0.08718539630033896	-0.16226021426580986	0.11488956451588868	-0.14227389818026467	0.13968501752132825	0.11894322773748471	-0.16236907849563278	-0.09257643208292486	-0.18711209270549056	0.06265885860014747	-0.24705219668645653
0.24996361825674726	-0.0210730519373938	-0.20090520093901523	-0.031857032738369956	-0.19034034753532544	-0.042228137001425345	0.1854938132021579	0.052551808005549656	0.1821712046835342	-0.06307038580481718	0.17899765696533168	-0.07343692381711778	0.17563967896424837	-0.08416726138514125	0.1714640768469252	-0.09400185026990815	-0.1669374832864927	0.10499348405651497	-0.16134894709598033	0.11262124010941398	0.1563085549645065	-0.1276899297840422	0.15124325601674993	0.10802024749521127	0.12983916234433393	-0.12983916170070367	-0.10802024849809605	0.15124325680994077	-0.12768993119516012	0.15630856114948866	-0.11262123754752687	0.16134893644192097	0.10499348216971807	0.1669374865021754	0.09400185520108159	-0.1714640797271027	-0.08416725645753646	0.17563967978781034	0.07343692738768638	-0.17899765562540684	0.0630703904825273	-0.18217120326177785	0.052551802437647614	-0.1854938115481771	-0.04222813738520903	0.19034034407450715	0.03185702753118831	0.20090520360284678	-0.021073057892062694	0.2499636197798021
0.24996320447503328	0.021079557846228145	-0.20090561175590999	0.03185142548276786	-0.19034066349451195	0.042228896683193975	0.18549358183318673	-0.05255177638768174	0.18217129590792733	0.0630701630465588	0.17899780583381764	0.07343702341572801	0.1756395136210242	0.08416742624619261	0.17146384389632655	0.09400232918403385	-0.16693747064569478	-0.10499330082216926	-0.16134912486949693	-0.11262095846792405	0.1563086098364316	0.12769012817841974	0.1512430726503921	-0.10802028087469949	0.1298391847534803	0.12983918409759126	-0.10802027964943423	-0.15124307403712928	-0.12769012934039195	-0.1563086156164143	-0.11262095492833536	-0.16134911587829623	0.1049933039989822	-0.16693747015509935	0.09400232790400724	0.1714638486731867	-0.08416743072190841	-0.1756395175250945	0.07343701985739451	0.17899779954677572	0.0630701598358921	0.182171298024158	0.05255177822843791	0.1854935800219704	-0.04222889604036037	-0.190340659028006	0.03185143172472062	-0.20090561619702477	-0.021079552958804048	-0.24996320496604799
0.24705095552232745	0.06266524999705224	-0.18711329197737725	0.09257143304260151	-0.16236997063158012	0.11894370268754174	0.1396844034756959	-0.14227382234029579	0.11488984564156444	0.16226021088937195	0.08718566195051879	0.1778608890210292	0.056470443437504056	0.18882475929249512	0.02356187435182381	0.19337456755796417	0.010956258427536907	-0.19314256638953206	0.04566520356619719	-0.18366600816457296	-0.08012676273250154	0.17574543443448057	-0.11499343334416619	-0.12708369430901711	-0.12535255764213998	0.12535255778070792	0.12708369389112312	-0.11499343237597179	0.1757454362414214	-0.08012676328180657	0.1836660043205717	-0.04566520190498497	-0.19314256521345258	-0.010956263120805183	-0.19337457225523164	-0.02356187824286018	0.1888247619019594	0.05647044886999164	-0.17786088641441392	-0.08718565357155322	-0.16226020810998923	-0.11488984960337488	-0.14227381991070456	-0.1396844023041713	0.11894370369653552	0.16236996716052854	-0.09257144026691473	0.1871132970669688	0.06266524603548687	0.24705095436028837
0.24134477341582303	0.10170156915824971	-0.1606538785800724	0.14331474588811563	-0.11086801939769729	0.17226403951241015	0.05984494809005991	-0.18835390250164025	0.00588581213870976	0.19009257353308293	-0.04851310188141664	0.17696945941605924	-0.09990269093245756	0.1485387359329345	-0.14346221221883332	0.10774786821943426	0.17586855361229095	-0.05550376351991781	0.19267681912534776	-0.0008973314968414754	-0.19442759875488197	-0.06230858353503593	-0.17763442044838018	0.08662386564359148	-0.13446529535679752	-0.1344652945076836	0.08662386415161809	0.1776344212847609	0.06230858340523537	0.19442760345631044	-0.0008973309482804419	0.19267681112886534	0.05550375947446128	0.17586855921496852	0.10774787295086169	-0.14346221173506823	-0.1485387355594515	0.09990268527315176	0.17696946190598567	-0.048513108573183236	0.19009257150801848	0.005885812987244149	0.18835389412514986	0.059844947426122834	-0.17226404016691116	-0.11086802126321028	0.14331475342258193	-0.1606538847941563	-0.10170157123855476	-0.24134476831125026
0.23295320417498802	0.13719743006355492	-0.12311743739959147	0.1793638163027497	-0.04286429187880855	0.1925636220670019	-0.035231436575776945	-0.17725964228056607	-0.10591985914299354	0.13494817961469113	-0.16028412952729987	0.07106278246973727	-0.1895810420581533	-0.00584015681418375	-0.1881197800541698	-0.08252363144839915	0.1547523438398807	0.14783204028399385	0.09401741335897099	0.1858621044522677	-0.015725619654704568	-0.19976285692083579	0.07122750084174	0.14358853123803045	0.12093268517064143	-0.12093268631681732	-0.14358852934513913	0.07122749966288093	-0.19976285708273223	-0.015725624792686587	-0.1858621038530629	-0.09401740687311408	0.14783204195010408	-0.15475234538514426	0.08252363006550112	0.1881197855895099	-0.0058401602093901125	-0.18958103909838958	-0.07106278776308284	0.16028412959774868	-0.13494817825895533	0.10591986114914496	-0.1772596308665933	0.03523143730830922	0.19256362313232037	0.04286429814457804	-0.17936382365024459	0.12311744410827469	0.13719743797455755	0.23295319486156024
0.22220971555980315	0.16756120319508994	-0.07752972711597493	0.19669764257840985	0.030982634625149677	0.17582124611707428	-0.12116004708279764	-0.1125950769266269	-0.17833565401033852	0.021561934156887015	-0.1898141973490997	-0.07608866801040501	-0.15117178262135786	-0.15449885043921538	-0.07153213571334942	-0.1930146748929469	-0.02966902277067401	0.17718994826401807	-0.1230339880019084	0.11486177257484882	0.18519423322318113	-0.011318058059318773	0.19238325860232375	-0.06311242703917518	0.13930704835714594	0.13930704870376	-0.06311242708652205	-0.19238325900864578	0.011318057528957714	-0.18519423202211868	0.11486177024245736	-0.12303398742870225	-0.1771899486233049	-0.02966902636220727	-0.19301467533706987	-0.07153214211624993	0.15449885226516064	0.15117178551842264	-0.076088665460133	-0.18981419221693463	0.021561932884579513	-0.17833565560661288	0.11259506645183913	-0.12116004603936567	-0.17582124823786932	0.03098262728024175	0.19669764968789358	-0.07752973204009526	-0.1675612153843	-0.22220970319734706
0.2093096291795371	0.1921647244317388	-0.026536533756765922	0.1938961053527041	0.10078131870123062	0.12517937698313114	-0.1778973772603661	-0.013443240511277512	-0.1857784446552211	-0.10206036657667099	-0.12242903827444701	-0.1790982405967791	-0.010363578468719613	-0.18609196622455396	0.1077020019743894	-0.11863342526936034	-0.18390169594799502	-8.136650949806271e-5	-0.18465940547289986	-0.11810820441499255	0.10805907367408162	0.19627134801754878	-0.0227328899849331	-0.15730055565865728	-0.11650403782722524	0.11650403854821327	0.15730055365362863	-0.02273288858024015	0.1962713482634195	0.10805907820221186	0.11810820771724309	0.18465939966326303	-8.136888709336662e-5	0.18390170059487734	0.11863342708555306	-0.10770199913250765	-0.18609196616881488	-0.010363587000324859	0.1790982421541333	0.12242902975410405	0.10206036647472876	0.18577844355036088	-0.013443232997545443	0.1778973758380692	0.12517937946147803	-0.10078131384912514	-0.19389611292681042	0.026536538135252672	0.19216473815411644	0.20930961415865887
0.19475326681921165	0.2101027643447168	0.025916903190514345	0.17149058134502485	0.1558125942557062	0.05102197763747434	-0.1911965601399322	0.08914846320780107	-0.12558424675746438	-0.18086531131565825	0.006617016532653484	-0.17632392592738164	0.13645221681274597	-0.07625783806842494	0.19377813852285955	0.06852205184250171	-0.1429041853976368	-0.17520257942051165	-0.011689697401737921	-0.1868414518826841	-0.13065308703521283	0.08290362153290967	-0.19435061191503716	0.03769407734791291	-0.1444488079206635	-0.14444880886038516	0.03769407888528416	0.19435061096403147	-0.0829036203752014	0.13065308279814195	-0.1868414540289778	-0.011689694860138525	0.17520258355219212	-0.14290418418868236	0.0685220493981952	0.1937781389822883	0.07625783881765295	-0.1364522086119267	-0.17632393160670826	0.006617024577924151	-0.18086530879362578	-0.12558424400369894	-0.08914846637554244	-0.19119655892448886	-0.05102197766811391	0.15581259243775378	0.1714905878743839	0.02591689774103245	-0.21010277911699526	-0.1947532501742248
0.17878687580596592	0.2212602428718759	0.07701827258968758	0.13173450530272177	0.18898959537847002	-0.033218499716673004	-0.15825869120690353	0.1656231149236314	-0.019139259649705052	-0.18156023229827373	0.13305816332267187	-0.06987890797811515	0.1924975910652861	0.0929625805550032	0.11384513831749378	0.1911110016900339	0.04991971515049714	-0.14772848213905532	0.17823724731177998	0.005170831381659443	-0.17431197882354207	-0.16551743385843173	-0.02739169326385565	0.16797213279239367	0.11198201969682452	-0.1119820200209217	-0.16797213152913495	-0.02739169462012025	-0.16551743627341303	-0.17431197889538894	-0.005170831484751442	-0.1782372459450446	-0.14772848486873233	-0.04991972078205058	-0.1911109977153126	-0.1138451405544705	0.09296257879940178	0.19249758683710902	0.0698789129069819	-0.13305816688556008	0.18156023029589205	0.01913925750992837	0.1656231162532966	0.15825869055566363	-0.0332185036508119	-0.18898959407009125	-0.1317345087493922	-0.07701826427031397	0.22126025867356885	0.1787868592710099
0.16200177083796577	0.22554082194727834	0.12310074619122689	0.07925657409520377	0.19558696117858468	-0.11078713524469122	-0.08762383102284786	0.19246476296295587	0.09362609541443054	-0.10413776965405377	0.1916517827580043	0.07654267994997142	0.11966201000178033	0.1909041074079628	-0.06258390894870809	0.13092982989519242	0.18853942611838476	0.04989720787487945	0.14117640746333826	0.18951936479459858	0.04383398883998819	-0.14227176420479887	0.18309573677737634	-0.010562096626760144	0.14998917426181332	0.14998917535266124	-0.01056209875735968	-0.18309573517153235	0.14227176488561002	-0.043833984450594325	0.18951936658693094	0.14117640649745367	-0.04989721027654589	0.1885394287073804	0.13092982595655173	-0.06258390632528038	-0.1909041066716386	-0.11966201169009372	0.07654267928966343	0.19165178080629197	-0.10413777096429595	0.09362609729940657	-0.19246476372938545	-0.08762382929706386	0.11078714215267375	0.1955869581026461	0.07925657374172133	0.12310073413438227	-0.22554083860449825	-0.16200175676573475
0.14464588871742312	0.2233283543272062	0.16205519541118832	0.01883298278310721	0.17517091045185293	-0.16828094658737422	0.0044138196669424685	0.1622095891962723	0.1732315186268391	0.01849732405128	0.15393903798348615	0.17941379595557305	-0.03418035072758095	0.14398935535994298	-0.1865768651339907	-0.05435120469441796	0.12910301490802312	0.19189483670595256	-0.07703756184438335	0.11102493525178565	0.19788830478450933	0.11148862666886447	0.0758804183768808	-0.1753316531201056	-0.10726401494008671	0.10726401476932677	0.1753316529313063	0.07588041853610131	0.11148862757054623	0.197888301740728	-0.11102493752970859	0.07703756305907204	0.19189484004575472	-0.12910301006956257	0.05435120239825343	0.18657686518939598	0.14398935694759735	-0.03418034585040304	-0.17941380027761844	-0.15393903233797782	-0.018497320025517225	-0.173231521117547	0.16220958841359395	-0.004413821857322933	-0.16828095366887716	-0.1751709062778682	-0.01883297844564767	-0.162055180506589	0.22332837068459685	0.14464587812076501
0.12732120667948307	0.21527513709907214	0.1915483869975715	-0.04304163375339271	0.13118548891855736	-0.19482319454517139	0.09494395257730298	0.08454193910492418	0.19060848800102068	0.13248018827564376	0.03955451597818888	0.1778865946608705	-0.16448613362318878	-0.011398214615703613	-0.15141228918179364	-0.18645882017229032	-0.06490520224617118	0.11203173631656972	-0.19674308469950466	-0.12100151335561064	0.054113573813898176	0.1806622021301253	-0.15889248565791092	-0.01811319102225107	-0.15604857035088587	-0.15604857180121084	-0.018113188070291893	0.1588924836154081	-0.1806622028227708	-0.05411357595984279	-0.12100151357748296	-0.19674308563834267	-0.1120317364153501	-0.06490520961966072	-0.1864588137469991	-0.1514122921283521	0.011398213065017102	0.16448612804034607	0.17788660111876567	0.039554511129389895	0.132480183984308	0.19060849172208155	-0.08454193589543765	0.09494395502856286	0.19482319980830615	0.13118548381843947	-0.04304164126767755	0.1915483689013832	-0.21527515276991452	-0.12732120082261564
0.11023561891393531	0.20215945589425027	0.21078887818690417	-0.1013942086611816	0.0694570144229482	-0.18633771729823245	0.16383580723928884	-0.018212731996635315	0.14038240887700432	0.19106537584754507	-0.0956216956629655	0.07280269577997316	-0.1859717830886934	-0.15899808434311868	0.012586004627275172	-0.14297015376332042	-0.19272819272202807	-0.09966802129705962	-0.06649304447128326	-0.18645754643549478	-0.17222148883399485	-0.041486751986773096	-0.1194424493836127	0.17906372217629146	0.10221547043771134	-0.10221546944580667	-0.17906372342195997	-0.1194424497624315	-0.04148675506498638	-0.17222148189038522	0.18645755065240532	0.06649304439457747	-0.09966802586805096	0.1927281934487718	0.14297015044030845	-0.012586000663347327	-0.15899808433217158	-0.1859717805799353	-0.0728027013728602	0.09562169869921289	-0.19106537364954385	-0.14038241040885874	-0.01821273659110138	-0.1638358074469318	-0.18633772027922657	-0.06945701036589622	0.10139421781242111	-0.21078885855114238	0.20215947178894042	0.11023561557525949
0.0939219198220736	0.18514907499266603	0.21927229596837275	-0.15066087373274079	-0.0009191643258129813	-0.14509351014190197	0.19491305377435897	-0.11516056914632883	0.041279422588960384	0.16930545671452554	-0.1829177885653784	-0.07364241002312279	-0.08473375500127427	-0.18643310002961122	0.16465188184315413	0.034179096341948836	-0.11905147639994236	-0.19616581129288707	0.14740543466089526	0.006193809956336466	-0.13868836538343066	-0.19187153072312435	0.12270835621635037	0.04819602943363943	0.16277918931915122	0.16277919018419323	0.04819602726914025	-0.12270835387173333	0.19187153296151585	0.1386883632049919	0.0061938069832106046	0.14740543715478197	0.19616581452484055	-0.11905146871260401	0.03417909132044665	0.16465187965470157	0.1864331025071364	0.08473375737443282	-0.07364240967051167	-0.18291778943757658	0.1693054558089372	0.04127942061194934	0.11516057240979735	0.19491305141209808	0.14509351151687191	-0.0009191667239172363	-0.15066088341635003	0.21927227503175883	-0.18514909151336253	-0.0939219196438827
0.07850620110003623	0.16518101169136568	0.2175786297610514	-0.18768717060098827	-0.07159958939356727	-0.07857980765001593	0.18228071915109115	-0.18015645905961838	-0.0730661802679931	0.07637492601780434	-0.18040038300266759	-0.17863722459796383	0.07280558424992509	-0.074821621908095	0.17940959079150642	0.1813681127125591	0.08088163070644983	-0.06572572040119351	0.1758588407214403	0.1912384655495812	0.10265655406348016	-0.03468912202530267	0.15488777100712353	-0.17877363753225495	-0.09664664765095747	0.09664664609436403	0.17877363977096825	0.15488777130520126	-0.034689117923040934	0.10265654677002344	-0.19123846814324486	-0.17585884383738948	-0.06572571800007306	-0.0808816380458576	-0.1813681048411517	-0.17940959201386228	-0.07482162405163054	0.07280557771680209	0.17863723061167364	0.18040038199030586	-0.07637492527986563	0.07306618474917455	-0.18015645950261985	-0.18228071467228335	-0.07857980777080578	0.07159958857482397	0.18768718067974363	-0.21757860966352155	0.16518102751864988	0.07850620274221592
0.06439732140884258	0.14362856999443796	0.20692568901437658	-0.20997223469401202	-0.13339678373536254	0.0006948985489194209	0.12973512725218436	-0.1948775035802656	-0.16198029103599454	-0.047619646667421314	-0.09017982308127327	-0.18183853898112562	0.1818918029595649	0.09110124049563062	0.04476695854360116	0.15906353681726051	0.196436374362912	0.14021057078695098	-0.01759303500483952	0.11143472061609754	0.18767734224076613	0.1730944687083694	-0.07614598978814377	-0.0796018249266867	-0.1703782511471897	-0.17037825022193445	-0.07960182550856681	0.076145988083349	-0.17309447382091597	-0.1876773340653386	0.11143472612946657	-0.01759303513487356	-0.14021057568764317	0.1964363728304611	0.15906353518989794	0.044766961919771725	-0.09110124186714451	-0.18189179584250245	-0.18183854693590878	-0.09017982094337904	-0.047619645881495955	-0.16198029651728366	0.19487750267678458	0.12973512165241713	-0.0006949007000275891	-0.13339677943732678	-0.20997224427456024	0.20692567117057195	-0.14362858441587625	-0.0643973235775656
0.051627491992049274	0.12138318836381506	0.18893834472857104	-0.217359742148594	-0.18047860154184528	0.08050788496679535	0.04882404205864693	-0.15623209942070426	-0.19663324337990334	-0.1528811341199555	0.04397856806224607	-0.08303430605260928	0.17430125559595616	0.19173658274673683	-0.12926867378335358	-0.013278775081336566	0.10789325612399077	0.18614824564087926	-0.1901254928190514	-0.1213475162942031	-0.005720986145992503	0.10583777406554701	-0.1792140731822522	0.173921554387641	0.09027192332113446	-0.09027192258179585	-0.17392155608401638	-0.17921407136685188	0.10583777510784786	-0.005720984887882008	0.12134751697482907	0.19012549576640325	0.18614824521343484	-0.107893248317544	0.01327876781309069	0.12926867143766957	0.19173658688310533	0.1743012538433203	0.08303431009007049	-0.043978572486798116	0.15288113055125815	0.1966332469369183	-0.15623209784372136	-0.04882403814807	0.0805078879206188	0.18047859620339843	0.2173597524050843	-0.18893832885923645	0.12138319974963711	0.051627492980806045
0.04044682575508825	0.09969322507189868	0.16586306762693478	-0.2108601247328551	-0.20831209840837578	0.14772508374470797	-0.04189816898311888	-0.07627838308433518	-0.16638238409993023	-0.196612890332687	0.15651284022257836	0.060893387712649946	0.055855905022205256	0.15277558473918454	-0.19663703024701865	-0.1734942384032924	-0.09206526762731362	0.019071602243734696	-0.12314533355629056	-0.18508652713693416	-0.18644694551567811	-0.12536631769520967	0.021351930482304358	0.11231996846854969	0.17910684000613974	0.17910683915188813	0.11231996867832254	-0.021351928633863697	0.12536632105017867	0.18644693883612393	-0.18508653317108548	-0.1231453343935496	-0.019071596745900768	-0.09206527096770403	-0.17349423001540457	-0.19663703197479857	-0.15277558766067328	-0.05585590932733511	0.060893390076099646	0.15651284490324321	-0.19661288461475834	-0.1663823853522332	0.0762783815789375	-0.04189817020306571	-0.1477250870571434	-0.20831209359521094	-0.21086013494893158	0.16586305290988035	-0.0996932338462357	-0.040446826324767406
0.030781171601215726	0.07916716114622588	0.1396027773548533	-0.19271058469897276	-0.2160691595487238	0.19396131097673502	-0.12489166213590387	0.02373870459392051	-0.08262093417613986	-0.16406384891938372	0.1973809326399772	0.1734105587731722	-0.09995609414158325	0.001545925914120126	-0.10201652793688473	-0.17415876250672285	-0.19856268549836226	-0.17042216736175056	0.09748442081047975	0.0016683674985293545	-0.09406450039352968	-0.16056245249636358	0.1896188071838208	-0.16369547059147638	-0.08263045170638116	0.08263045180401807	0.1636954722725313	0.18961880391682281	-0.16056245464902405	-0.09406449777780967	-0.0016683627088449617	-0.09748442413256597	-0.17042217248808098	0.1985626805156737	0.17415875967297034	0.1020165310595673	0.0015459270957428244	-0.09995608656642387	-0.1734105665057644	-0.19738093521061995	0.16406384402500934	0.08262093267996094	0.023738706412723933	0.12489166011786706	0.1939613143140558	0.21606915539035051	0.19271059399904775	-0.13960276429030868	0.07916716767790355	0.030781172240793978
0.02272580528465776	0.06070243273202938	0.11257484591079804	-0.1663711499499917	-0.2054469803372227	0.21430503795478603	-0.1843606792010902	0.1175011175472338	0.02619974005847701	-0.06980795750595802	0.14891697429956408	0.19345593196915342	-0.19396780513972983	-0.15130707369192592	0.075810250516079	-0.015208250745784045	-0.10198980593935958	-0.16593337477485026	0.19449449148335063	0.18181204765791398	0.13173868382957934	0.05356498658787185	0.039107135773960494	-0.14644504959808963	-0.1893135115988884	-0.18931351145069517	-0.1464450507156124	-0.03910713522843723	-0.0535649895579967	-0.13173867802846514	0.18181204922624875	0.19449449618137515	0.16593337508556807	-0.1019897985260918	-0.015208253712413744	0.07581024990187955	0.15130707318765346	0.19396779808655715	0.19345594084937198	0.1489169743629098	-0.06980795651684094	0.026199744506858275	-0.11750112063963625	-0.18436067423331484	-0.21430504046343515	-0.20544697651419555	-0.16637115817648537	0.11257483537945835	-0.060702437194225196	-0.02272580594953257
0.01613674588018346	0.04458380009036812	0.0864080240494751	-0.13528233859292435	-0.18045549966672356	0.20971521166994678	-0.21300823391553647	0.18543900606182226	0.12892401976696288	0.05176800628703652	0.033086135582994586	0.11120644413395651	-0.16933633278142857	-0.19833625198554017	0.19400150336791494	0.15832894227082825	0.09763293169692554	0.022967009439140505	0.05443462079805959	0.12096213228008475	0.16910702732687874	0.18836631670930898	-0.18334869570444487	0.14673894062043236	0.07291839691078839	-0.07291839679134757	-0.14673894147580813	-0.18334869330000356	0.18836632096470088	0.16910702006486347	-0.12096213838887063	-0.054434620902182713	0.0229670128639436	-0.09763293283807235	-0.1583289376931574	-0.19400150600958366	-0.19833625276043626	-0.16933632865085285	-0.11120644888451747	-0.0330861343431444	-0.051768002657485615	-0.1289240254360417	0.18543901023549805	0.2130082284136132	0.20971521311553837	0.18045549543810982	0.13528234512153825	-0.08640801645304931	0.04458380369193389	0.01613674674206549
0.010975764132519054	0.031238069038848952	0.06288583891142428	-0.10333647171607471	-0.1466620419801596	0.18485547325800206	-0.20969946775226125	0.21471380659043118	0.19665165051487418	0.15618096145092697	-0.09769061187319815	-0.028366686715556408	-0.04312711326947703	-0.10803690924443109	0.1587840680279066	0.18976152345689448	0.19805402771917968	0.18324877058661956	-0.1477701580843685	-0.09579202073604694	-0.033124629461336166	0.034040306277200984	-0.10240874373958042	0.1822154392439897	0.20145373295602362	0.20145373299851616	0.18221544033821302	0.10240874203874278	-0.03404030580014015	0.03312462819726584	-0.09579201851943889	-0.1477701628903121	-0.18324877293686295	0.198054021492141	0.1897615220759667	0.15878407166008443	0.10803691031821298	0.04312711286685564	-0.0283666878042957	-0.09769061260768415	0.15618095538317697	0.19665165646224622	-0.21471381070462633	-0.20969946271867765	-0.18485547355493756	-0.14666203784574494	-0.10333647697480158	0.06288583399131713	-0.03123807168818989	-0.010975764089625473
0.007029931577231792	0.020530574087965922	0.04269453461623659	-0.07305627976126917	-0.10903162789861	0.14633340834096872	-0.17974155899800826	0.2041375813584217	0.21537658321823042	0.21105020948780936	-0.19064772100859567	-0.15566596106661632	0.10900500404815916	0.05481884721226232	0.002506657095781172	0.058145212588040215	0.10824558464941472	0.14872389804643202	-0.1777453516323276	-0.19241053879768527	-0.19405817045145995	-0.18018395479717234	0.1570742919553036	-0.12045246888957384	-0.05957637053715776	0.05957636993913563	0.12045246940905219	0.1570742908755554	-0.18018395961218847	-0.194058161417783	0.19241054415049502	0.17774535478884135	0.14872389786840562	-0.10824557832869267	-0.058145214327108515	-0.002506659057194204	0.05481884698245629	0.10900500013556126	0.15566596758532367	0.1906477214448415	-0.21105020223239057	-0.21537658881097502	0.20413758513198849	0.1797415543562795	0.14633340787510463	0.10903162469276635	0.0730562837851131	-0.042694531539899626	0.020530575696147392	0.007029930964909022
0.004169476716519791	0.012442189932651886	0.026577329739857634	-0.04699257999581244	-0.07297425666472498	0.1027447597336621	-0.13372063989782937	0.16294165659500973	0.18750166375726163	0.20497495420064551	-0.21363852867311622	-0.21263093136955236	0.20186839986013774	0.18198943480820237	-0.15412863278453273	-0.1198203185249122	-0.08075623633211412	-0.03879401301484937	-0.004422509049517036	-0.04704485323583526	-0.08829455304795066	-0.1266674362977681	0.1656563937041605	-0.21996606130855872	-0.21602023540613877	-0.21602023485559455	-0.21996606263358578	-0.1656563916471135	0.12666743904516317	0.08829454869015395	-0.04704485784586303	-0.004422506741915673	0.03879401381346959	-0.08075623539533015	-0.11982031676992977	-0.15412863480701638	-0.18198943491649855	-0.2018683916904163	-0.21263094119767018	-0.2136385303986007	0.20497494676496725	0.18750166777826133	-0.1629416596866227	-0.13372063601113438	-0.102744759458204	-0.07297425476784304	-0.046992582353018515	0.026577327492515773	-0.012442190902315044	-0.004169476821677609
0.0021894344676082977	0.006647503808039752	0.014505295586956235	-0.026313071128192145	-0.04212713433962108	0.061479404715277325	-0.08345237005201797	0.10680212453661125	0.13016380506663489	0.15218628466605358	-0.17173444171349578	-0.1878761312748891	0.20005067096948176	0.20783894866801594	-0.2112376298644102	-0.21014141945579481	-0.20498434746170469	-0.19567965217763628	0.18308767878615134	0.16680579019316535	0.14836631185281932	0.12645122630585223	-0.10422787442635603	0.07865706324766408	0.039039741417862955	-0.039039740873692	-0.07865706356685759	-0.10422787406667311	0.1264512298958501	0.14836630458479522	-0.1668057938269587	-0.18308768272503248	-0.19567965377533186	0.2049843400750247	0.2101414178355081	0.21123763535552587	0.20783894891347068	0.2000506617392766	0.18787614035126723	0.1717344441323646	-0.15218627906393906	-0.13016380718870812	0.1068021263518706	0.08345236753220983	0.06147940485581197	0.04212713343186015	0.026313072187919506	-0.014505294035493065	0.006647504322902764	0.002189435024261992
0.0009049132999643121	0.0027810735160447215	0.0061591569550003954	-0.011371438618766036	-0.018585712788791963	0.027778299009934827	-0.038752193473274806	0.051160034476032304	0.06458347912176245	0.07856056067707176	-0.09268911852414748	-0.10659163526065034	0.1200351117060461	0.1327848298296094	-0.14480872985678783	-0.15595309501578317	-0.1663923674335162	-0.17592376576660734	0.18503944869674813	0.19331476098727463	0.20209815594221847	0.21066972466099432	-0.2245947840204037	0.2586730771157943	0.23266990482671082	0.2326699036986995	0.2586730787491481	0.22459478182704612	-0.21066973027400224	-0.2020981459651936	0.19331476764314423	0.1850394503688438	0.1759237679522945	-0.1663923608630895	-0.15595309322026735	-0.144808734597008	-0.13278483026681684	-0.12003510595033785	-0.10659164027600866	-0.09268911991413795	0.07856055802779097	0.06458347999855038	-0.051160035129847674	-0.03875219237815473	-0.027778299151701463	-0.01858571237603338	-0.011371439078265592	0.006159156288718709	-0.002781073673800431	-0.000904913517764695
