-0.0009049710692421224	0.0027810727871050603	-0.0061590246327643825	0.011371475064387255	-0.018585930757574212	-0.027778403946225085	-0.03875200596449683	-0.05115983738803414	0.06458350096873128	-0.07856071997643616	0.0926892925278346	0.10659161099668964	-0.12003477778763051	-0.13278467109170008	-0.14480900609087236	-0.15595343035677042	-0.1663922054377693	0.17592369135467872	-0.185039390163351	-0.1933144386494263	0.2020985999096018	-0.21066977841813356	-0.22459465545345775	-0.25867286699012654	0.23267010894036808	-0.23267011045899735	0.2586728642633171	-0.22459465933523914	-0.21066977186617106	0.20209860627731854	0.19331443466721013	-0.18503939608019054	0.17592368773075337	0.16639219614649883	-0.1559534458621005	0.14480900230411414	-0.13278466306418082	0.12003478386653436	-0.10659161089674785	0.09268929125896247	0.07856071859416885	-0.06458350364557684	-0.051159836784650844	0.038752006037835345	-0.027778404692796504	0.018585930366575645	-0.011371472968924419	-0.00615902515722196	-0.0027810734683287215	0.0009049714995663563
-0.0021895686365802354	0.006647496252132452	-0.014504983224157915	0.026313154720395054	-0.042127618372390485	-0.06147961906651998	-0.08345195653602389	-0.10680171783197878	0.1301638577458703	-0.1521865863223917	0.1717347533249258	0.1878761005702162	-0.20005013889294154	-0.2078387279399046	-0.2112380647626653	-0.21014183828920752	-0.20498412079104783	0.19567949666086232	-0.18308759162879076	-0.1668055798661253	0.1483667368635952	-0.12645130224447276	-0.10422763307154825	-0.07865697414116249	0.039039890791621415	0.039039891375691076	-0.07865697314011166	0.10422763455318995	0.1264512989711036	-0.14836674029757768	-0.1668055771299947	0.18308759775762679	-0.19567949265577939	-0.20498410959819544	0.21014185812834188	-0.21123805885625763	0.2078387169042678	-0.2000501495298716	0.1878760992108637	-0.17173474990396256	-0.1521865840849045	0.1301638645841975	0.10680171668138476	-0.08345195527086112	0.06147961985944199	-0.042127618486987824	0.026313151431478485	0.014504984458794438	0.006647496242974825	-0.0021895684082875616
-0.004169741534552691	0.012442183088353508	-0.026576776966114418	0.04699271964681625	-0.07297505274335463	-0.1027450582817773	-0.13371994485559735	-0.16294106518547377	0.1875018011908229	-0.20497538126549342	0.21363888694372507	0.2126308694021744	-0.20186787572283646	-0.18198928683086282	-0.154129013547968	-0.11982053607031809	-0.08075611139869456	0.038793847253733305	0.004422620187706542	0.04704470233664199	-0.08829448447516976	0.1266673986348226	0.16565661601438514	0.2199658832842559	-0.2160203059661031	0.21602030721670895	-0.2199658811267736	0.1656566187396827	0.12666739472981617	-0.08829448841574129	-0.04704470029164856	0.004422619704551746	0.03879384581470739	0.08075610793822402	-0.1198205459967267	0.1541290078296708	-0.18198927984235164	0.20186788787783944	-0.21263086599202777	0.21363888005719545	0.2049753793115287	-0.18750181381930692	-0.1629410627853837	0.13371994028642353	-0.10274505900221415	0.07297505555705397	-0.04699271545908278	-0.026576777533310735	-0.012442181824347422	0.004169740740528259
-0.007030408920771693	0.020530595245443355	-0.04269366684297319	0.07305645420459785	-0.10903272435220175	-0.1463337348277066	-0.1797405860306288	-0.20413690925651518	0.2153768757422732	-0.2110507341502587	0.1906480056061792	0.15566579594564287	-0.10900464930243448	-0.05481884934615177	0.0025065097693686826	0.05814523577329003	0.10824551213081535	-0.14872399259280472	0.17774546703010238	0.19241023211586514	-0.1940583618251149	0.180184007822901	0.15707426392470747	0.12045232955707659	-0.05957649371471	-0.059576494734979765	0.12045232810595087	-0.15707426542302502	-0.18018400406994373	0.19405836681272862	0.19241022784854625	-0.17774547202037375	0.1487239913697221	0.10824550522318659	-0.05814524185463494	0.0025065115729575546	0.05481884987911677	-0.10900465674492203	0.15566579218798707	-0.1906479976992388	-0.21105073298827873	0.2153768910311793	0.20413690469168916	-0.17974057975360258	0.14633373701409153	-0.10903272992961656	0.07305644712311214	0.042693665972603156	0.02053059434494376	-0.007030409174227718
-0.010976570435188045	0.031238197322531108	-0.06288459779045011	0.10333666022385747	-0.14666336846624917	-0.18485573476229544	-0.20969828311855376	-0.21471320619745937	0.1966521395088015	-0.1561815403699578	0.09769073615391778	0.028366371923793706	0.04312726823518816	0.10803680151633233	0.15878414853720246	0.1897615672619748	0.19805381677210246	-0.18324883190762817	0.14777023793138663	0.09579187046381651	-0.033124751212517074	-0.03404019990568093	-0.10240898453056373	-0.18221532139449859	0.20145375163539236	-0.20145375238089322	0.18221531985487013	-0.10240898675541639	-0.03404019801149951	-0.033124750246243825	-0.09579186941341886	0.14777024279367876	-0.18324882932917994	-0.1980538068961007	0.1897615830580532	-0.15878414358548767	0.1080367956525164	-0.043127271581424785	-0.028366370927413648	0.09769073299759663	0.15618153908550328	-0.19665215028808455	-0.21471320004473277	0.20969828005248597	-0.18485573994238522	0.14666337360429324	-0.10333664776842737	-0.06288459765825227	-0.031238198397265427	0.010976572471364038
-0.016138011455416098	0.0445841216315174	-0.08640639158704606	0.13528254039709506	-0.18045695528682912	-0.20971530707705924	-0.21300695361919297	-0.18543862952876547	0.12892468290391096	-0.051768547185672316	-0.033086220024951936	-0.11120686721955836	0.16933634446655102	0.198336130302459	0.19400160633134259	0.15832885392569024	0.09763279153943488	-0.02296711385634169	-0.054434644076093754	-0.12096206483243277	0.16910709546700936	-0.18836626608869045	-0.18334882673927713	-0.14673878595321188	0.07291848657652061	0.07291848786777644	-0.14673878425104175	0.18334882806817202	0.1883662628791877	-0.1691071005887445	-0.12096206104635386	0.05443464403235433	0.022967111438269548	0.09763278816104666	-0.15832886596177803	0.1940015982788769	-0.19833612386934124	0.16933635663445606	-0.1112068643004408	0.03308621672357533	-0.05176854485854062	0.12892468562936443	0.18543862382357196	-0.21300695585834462	0.2097153146127911	-0.1804569584380216	0.13528252286034292	0.08640639383493978	0.04458412448131293	-0.016138014811576503
-0.0227276491027845	0.06070297102396838	-0.11257281877390668	0.16637139679178647	-0.20544849415612507	-0.21430490361395055	-0.18435942382067136	-0.11750103939900422	0.026200476315675687	0.06980756369752868	-0.14891724392499164	-0.19345634614754206	0.193967765266976	0.15130700260233204	0.07581015674648017	-0.015208403016522617	-0.10198966639166186	0.1659332492571575	-0.19449464727703913	-0.18181192720696687	0.13173875730683401	-0.05356502357597937	0.0391072450909092	0.1464449992303232	-0.18931351300208515	0.18931351282615536	-0.1464449985737309	0.03910724752468268	-0.05356502463202194	0.13173875938992297	0.18181192304170055	-0.1944946515987742	0.16593324950391142	0.1019896609998979	-0.015208404598305697	-0.0758101534453747	0.1513069993551786	-0.19396777692149766	0.19345634115314944	-0.14891723831498505	-0.06980756624969946	-0.02620047316364829	-0.1175010354548827	0.18435942913192574	-0.21430491183744974	0.205448497620074	-0.16637137648049968	-0.11257282163484186	-0.06070297514784	0.022727653858249527
-0.030783663085519632	0.07916787883293784	-0.13960036002315152	0.19271093353442206	-0.21607066497917174	-0.19396091975260318	-0.1248905628415938	-0.0237389298971699	-0.08262027501848568	0.16406370559838926	-0.19738132062329924	-0.17341083543779334	0.09995602929322168	-0.0015459810955173693	-0.10201677370154133	-0.17415876924743973	-0.1985622963668329	0.17042221631199267	-0.097484609817398	-0.0016682666503444728	-0.09406458270936921	0.16056234901071798	0.18961895014601685	0.16369534563108548	-0.08263052105284185	-0.08263052201831877	0.16369534391685991	-0.18961895270592635	-0.16056234534944686	0.09406458618773113	-0.001668266814176789	0.09748461401663756	-0.17042221440982117	-0.19856228790887967	0.17415878150038933	-0.10201676919277822	0.0015459805699977443	0.09995603205406178	-0.17341083263759416	0.19738131762149588	0.16406370567746217	-0.08262027984680514	0.023738927629530584	-0.12489056768804305	0.19396092721646846	-0.21607067162909385	0.19271091350178787	0.13960036158619363	0.07916788293770098	-0.030783668563813895
-0.04044994900160666	0.09969400511591159	-0.16586024475708994	0.2108606761406049	-0.2083135519528458	-0.1477244355905584	-0.041897320086449495	0.076277936123378	-0.16638193167631807	0.19661300274158922	-0.15651325018442291	-0.06089349032143551	-0.0558559977198722	-0.15277571118731043	-0.1966371755557178	-0.1734939807084098	-0.09206495860764236	-0.019071275107537734	0.12314531844240917	0.18508663976292317	-0.18644704985403937	0.1253661948452271	0.021351944049442167	-0.11231995417287738	0.17910682786782486	-0.17910682679268977	0.11231995451722315	0.021351941875402222	0.12536619512756636	-0.1864470541035884	-0.18508663492285807	0.12314531845412278	-0.01907127726881238	0.09206495448616134	-0.17349399165650004	0.19663716829762332	-0.15277570842836383	0.05585600472927432	0.060893493204464154	-0.15651325075878247	-0.19661299815229358	0.16638193565010914	0.07627793712877849	0.0418973221964608	-0.1477244416008451	0.20831356255288674	-0.21086065896527673	-0.1658602454406904	-0.09969400694846169	0.040449953903589866
-0.0516312088839192	0.12138389023717598	-0.18893513230025544	0.2173605684768276	-0.18047994507227033	-0.08050702976683183	0.04882458029972085	0.15623158494430114	-0.19663308552073153	0.1528814217732652	-0.04397888231316228	0.08303435113470263	-0.17430134890382118	-0.19173674371572413	-0.1292685432677273	-0.013278394845386614	0.10789310393957265	-0.1861479230433147	0.190125742450059	0.12134755589861695	-0.005720895408401485	-0.10583780398067796	-0.17921412278755985	-0.173921453541638	0.09027198098690188	0.0902719804099146	-0.1739214524382601	0.17921412921748023	0.10583779710186764	0.0057208958087121755	0.12134754939958638	-0.19012574544320665	0.18614792612345807	0.10789310171809689	0.01327839719541088	-0.12926854198018853	0.19173673889748788	-0.17430135744823524	0.08303434517715934	0.043978881601368265	0.1528814143199161	-0.19663309088250913	-0.15623158501536014	0.04882457881675239	0.08050703532712927	-0.18047995696011548	0.21736055410216423	0.18893513334560003	0.1213838904659991	-0.05163121376901209
-0.06440154362927517	0.14362898162604473	-0.2069221771129844	0.20997343176407166	-0.1333979618886697	-0.0006938663327037336	0.12973539463814748	0.19487707453763561	-0.1619803981533754	0.047620001075554405	0.09017965208619612	0.18183866503182122	-0.18189186582762737	-0.09110129396660545	0.04476728258543218	0.15906372633516652	0.19643579173649306	-0.1402106498626495	0.01759330048946938	-0.11143485083034725	0.18767756551344195	-0.1730943651685982	-0.0761459856629759	0.07960181652845848	-0.1703782234417115	0.17037822448664133	-0.0796018156427488	-0.07614598837676502	-0.1730943593815502	0.18767756814714073	0.11143485209539447	0.01759330076510082	-0.14021065244097797	-0.19643578800265027	0.15906373293005155	-0.044767274199056746	-0.09110128997797816	0.18189186713530056	-0.18183866042683405	0.0901796570620906	-0.047619994326821985	0.16198040598387825	0.19487707351106953	-0.12973539174490512	-0.0006938707054100731	0.13339797226221833	-0.2099734222679845	-0.20692217946677438	-0.1436289805082444	0.06440154632266396
-0.07851081864894761	0.16518094147134615	-0.2175749804667038	0.18768880342694558	-0.07160051269546983	0.07858099021698818	0.18228079614447112	0.18015620955022246	-0.07306645898535113	-0.07637458433865714	0.18040034828363138	0.17863737480196595	-0.07280559529879319	0.074821776867915	0.17940985420206876	0.18136783385042357	0.0808811701382062	0.06572525478926015	-0.17585891248576083	-0.19123870478959135	0.10265661079285525	0.034689243326872024	0.15488774811806233	0.1787735552294685	-0.09664667139120577	-0.09664667207131415	0.17877355373097129	-0.15488774944316705	-0.034689243999542416	-0.10265661207049195	-0.19123870260808332	0.17585891467377845	-0.0657252538388772	0.08088116849989477	-0.18136784167439043	0.17940984355281459	-0.07482177742456227	-0.07280558884195054	0.17863737436323796	-0.18040035456473183	-0.07637458804427413	-0.07306646661435437	-0.18015620843863092	0.18228079287457782	-0.07858098675636965	-0.0716005215673343	0.1876887993576844	0.2175749817451502	0.16518094031422145	-0.07851082124187694
-0.0939267775516521	0.18514836762284223	-0.2192687223796057	0.1506629789282273	-0.0009197045505864905	0.14509481060775742	0.1949130061899969	0.11516051383080325	0.04127908673393327	-0.16930519027054064	0.1829178439487222	0.07364250319121522	0.08473380687506812	0.18643336308015873	0.16465188864604088	0.03417849722876298	-0.11905128449236223	0.1961655026013484	-0.14740579769020112	-0.006193906087528249	-0.13868855446653833	0.191871483377315	0.12270827186806375	-0.04819602228935512	0.16277917904328004	-0.16277917973380324	0.04819602202542165	0.12270827413810549	0.1918714792576819	-0.13868855632165544	0.006193904397968107	-0.1474057988973257	0.19616550488007614	0.11905128344462344	0.03417849961744649	-0.16465188645045503	0.18643335873147662	-0.08473381381091054	-0.07364250469694303	0.1829178446283565	0.16930519163677424	-0.04127908567094385	0.11516051423354794	-0.19491300794738595	0.14509480733521213	0.000919715093465735	-0.15066297995542202	-0.2192687186275348	-0.1851483666898177	0.09392678465010694
-0.11024055012533371	0.20215803319652811	-0.2107856457137583	0.10139672979415283	0.06945698809251002	0.18633902389373203	0.16383560959448695	0.018212792607142585	0.14038211726679425	-0.191065239894625	0.09562182436481506	-0.07280269354566915	0.18597190083721696	0.15899828697394922	0.01258573913650178	-0.1429705121252555	-0.1927274779955826	0.09966824011441908	0.06649283521560106	0.1864577256210127	-0.17222167024159155	0.04148655287195162	-0.11944243606481843	-0.17906363730547573	0.10221549373907743	0.1022154956276532	-0.17906363510907233	0.1194424348037191	-0.04148654695749854	0.17222167410521896	0.18645772592394763	-0.06649283419166727	-0.09966824315030841	-0.1927274739335154	0.14297051712028272	0.012585745715730496	-0.1589982815068514	0.1859719044720305	-0.07280269148704398	-0.09562181960716169	-0.19106523833819167	0.1403821225773344	-0.018212793952784453	0.16383561624912457	-0.18633902151174547	0.06945697790200289	0.10139673605455629	0.21078563845310896	0.20215803206661156	-0.11024056043099192
-0.12732609175091697	0.21527297458667052	-0.19154577527619177	0.04304442203941385	0.13118601813941758	0.19482428378427752	0.09494353599319841	-0.08454188710716912	0.19060837340031442	-0.1324802620484471	-0.039554319641313895	-0.177886658681975	0.16448626308592793	0.011398258464659698	-0.15141261742061918	-0.18645847183709055	-0.06490467715343783	-0.1120313058825602	0.19674331490517388	0.12100180940085958	0.05411363200533298	-0.18066229286664698	-0.15889230136817897	0.018113197577154277	-0.15604856287117563	0.15604856088717517	-0.01811319996084719	-0.15889230159193626	-0.18066229485754925	0.05411363068500044	-0.12100180943467255	0.19674331525409783	-0.11203130440218145	0.06490467422911465	-0.18645847742516275	0.15141260880227575	0.01139825481313062	-0.1644862628134362	0.17788665767263614	-0.03955432594824359	0.13248025834134172	-0.19060838151872275	-0.08454188453438126	-0.09494354453785858	0.1948242824643741	-0.13118601146497064	-0.04304443346770562	-0.19154576588433164	-0.2152729732441194	0.12732610412391357
-0.14465065431472124	0.22332549283640463	-0.1620534415988604	-0.01883013460388902	0.17517190881543124	0.16828154107055576	0.004413124632118243	-0.16220970260706943	0.17323173353146337	-0.018497688791847204	-0.15393875196206364	-0.17941380927160436	0.034180383808654735	-0.14398949422179447	-0.18657696281862762	-0.054350395069307784	0.12910281460207068	-0.19189477493383536	0.07703796709572475	-0.11102485199609732	0.1978885058212596	-0.11148845108755712	0.07588050779409962	0.1753315796351242	-0.10726402663248617	-0.107264026401655	0.17533157915355974	-0.07588050954635854	0.1114884518046228	-0.1978885050606652	-0.11102485086595276	-0.077037965799685	0.19189477706153057	0.12910281524285877	0.05435039699476242	-0.18657696098970314	0.14398949160738383	0.03418038155953302	-0.17941380743207982	0.15393875526253706	-0.01849768245297559	0.17323174002775044	0.16220970082705521	0.0044131312678543115	-0.16828154261148318	0.17517190830245982	-0.018830117696360272	0.16205343129938682	0.22332549063231713	-0.14465066713636024
-0.16200638109860593	0.2255373259796665	-0.12309998371689114	-0.07925389433535805	0.1955882609426475	0.11078704812511057	-0.08762476203036788	-0.19246517528012042	0.0936267216886331	0.10413714945154906	-0.19165143410287	-0.07654251671803419	-0.11966213022688547	-0.19090433548583388	-0.06258364670030724	0.13093027994262535	0.18853876812390413	-0.0498975932114977	-0.14117634822615996	-0.18951960673705043	0.04383402849595877	0.14227191788579027	0.18309557358597647	0.010562073588984115	0.14998918112033113	-0.14998918049885868	-0.010562072375051194	0.1830955749790023	0.14227191813489906	0.04383402834730087	0.18951960580357768	-0.14117634952471259	-0.049897595581128606	-0.18853876606881734	0.1309302830449064	0.06258365201797556	-0.1909043285697841	0.11966213356616684	0.07654251523523124	-0.19165143281888497	-0.10413715529139145	-0.09362672446526826	-0.19246517496022414	0.08762475880552652	0.11078705271215566	-0.19558826670096216	0.07925387435567956	-0.123099972926072	-0.22553732359153952	0.16200639293043265
-0.17879126993750827	0.22125618766594432	-0.0770184977410591	-0.13173228832665332	0.18899106284816747	0.033217755607875606	-0.1582596961620577	-0.16562379900189228	-0.01913836877856871	0.18155954356635215	-0.1330578599271454	0.0698791798001808	-0.1924977822798762	-0.09296271836539435	0.11384556128401939	0.19111059770826733	0.049919334410157855	0.14772818617460143	-0.17823761419016504	-0.00517113150943173	-0.17431214400060616	0.16551728975495225	-0.027391866736596007	-0.167972055632199	0.11198204942867239	0.11198204940086595	-0.16797205531487563	0.0273918670583396	-0.1655172891276808	0.17431214410385812	-0.005171131611419758	0.1782376153332804	-0.14772818519046182	0.04991933254260618	-0.1911106014469924	0.11384555488180184	0.09296271180233286	-0.19249778605171095	0.06987918065323027	0.13305785557208707	0.18155954622492865	-0.019138368835606785	0.1656238003794446	-0.15825969536339454	-0.03321776283831412	0.18899107281040595	-0.1317322680589025	0.07701848603484278	0.22125618526940743	-0.17879128100463693
-0.194757371219352	0.21009819534436855	-0.025918000983953145	-0.17148915678332624	0.15581414360370274	-0.0510231485446093	-0.19119740965749646	-0.08914924606171272	-0.12558343158006882	0.18086486666768722	-0.0066169212603448685	0.17632406289867003	-0.13645226316151318	0.07625799001538877	0.19377834096522067	0.06852120978623878	-0.14290390414368587	0.17520275382596015	0.011689336660676954	0.1868414836767683	-0.13065321091236726	-0.08290385905452793	-0.1943504973201981	-0.03769401942957708	-0.14444880376124344	0.14444880293067608	0.03769401788740952	-0.19435049826226033	-0.08290386049781433	-0.1306532116597927	-0.18684148326871314	0.01168933757954104	0.175202753712178	0.14290390275021222	0.06852121141685971	-0.1937783389757942	0.0762579914509355	0.13645226534456853	-0.1763240637619061	-0.0066169152646430775	-0.18086486440869237	0.12558343301558036	-0.08914924836670425	0.19119741116180583	-0.051023139917822806	-0.15581415758960543	0.17148913906712776	-0.025917989160649118	-0.21009819153792583	0.1947573812548119
-0.2093133515704588	0.19215966365846932	0.02653479493863438	-0.19389582694833007	0.10078293914943717	-0.12518061977741335	-0.17789782455959272	0.013442621022876425	-0.1857780207500462	0.10206038236880967	0.1224288297745886	0.1790980802578219	0.010363808053406079	0.18609235354239215	0.10770177384888892	-0.11863381900282152	-0.18390113910682238	8.175059478616635e-5	0.1846594751167255	0.11810856716571327	0.10805914235000155	-0.19627128847157901	-0.022732648734969656	0.15730049827499337	-0.11650406848731332	-0.11650406788923287	0.15730049896086618	0.022732648156062057	0.19627128922029027	-0.10805913968588393	0.11810856878549482	-0.1846594791816051	-8.1749294209588e-5	-0.18390113455074017	0.11863382015730703	0.10770177682336886	-0.18609234882269368	0.010363808225768191	0.1790980820307916	-0.12242883582472437	0.1020603758120867	-0.18577802251211287	-0.013442618457321484	-0.1778978281773991	0.12518061072676598	0.10078295638168082	-0.19389581413791188	-0.02653480620589758	0.19215965778334976	-0.20931336025082242
-0.22221297352658045	0.16755568577606494	0.07752761033167353	-0.1966987490536027	0.030984271322798667	-0.17582225328612244	-0.12115996016906927	0.11259478018818789	-0.17833571718612262	-0.02156149878831136	0.1898137834853587	0.07608832760089504	0.15117216739841413	0.15449912587823372	-0.07153262332417988	-0.19301426097170957	-0.029668792237126138	-0.17718982821782792	0.12303441625809979	-0.11486150390610528	0.18519437612995915	0.011318349100293093	0.19238322704938438	0.0631123327547621	0.13930703804028366	-0.13930703789202892	-0.06311233243492795	0.1923832284159094	0.011318350998236136	0.18519437256757806	0.11486149902982602	0.12303442189067453	-0.1771898321080059	0.02966878810021552	-0.19301426243178627	0.07153261759294888	0.15449911816242873	-0.15117216957178725	-0.07608832993375213	0.18981378887306893	0.021561508915088158	0.1783357178634204	0.11259477635634425	0.12115996582251563	-0.17582224276434713	-0.030984290760249063	0.19669874391596384	0.07752762302177596	-0.16755567768770122	0.22221298048164115
-0.23295589604330347	0.13719151497406135	0.12311529959794709	-0.17936640052601077	-0.0428627303788123	-0.19256417229714756	-0.03523089913903889	0.17725960270050095	-0.10592022102208067	-0.13494765546533877	0.1602838295971937	-0.07106303404424735	0.18958126458666943	0.005840034309045751	-0.18812005959791056	-0.08252290882100471	0.15475213814513003	-0.14783228455713926	-0.09401710360766023	-0.18586224963571882	-0.01572557739310046	0.19976292478951285	0.07122722021950964	-0.14358853372388763	0.12093271667380853	0.12093271623048335	-0.1435885335127302	-0.07122722082378903	-0.19976292786872563	0.01572558010916758	-0.18586224507900703	0.09401710015753009	0.14783228931145134	0.15475213708108063	0.082522909634248	-0.18812005724086087	-0.0058400262540342935	0.18958126486670684	-0.07106303161384828	-0.16028383181004713	-0.1349476650625613	-0.10592022230252897	-0.17725959984915093	-0.03523090571363931	0.19256416180156494	-0.0428627126772995	-0.1793664021001241	-0.12311531236658368	0.13719150541695527	-0.23295590155412588
-0.24134677933150903	0.10169536631186793	0.16065206963995876	-0.1433187005179713	-0.1108667066616597	-0.1722640435750238	0.059845691513304496	0.18835397486382358	0.005885401430766716	-0.1900922534514919	0.048513147782775885	-0.1769694902738904	0.09990256128212487	-0.14853913518370743	-0.14346202014319143	0.10774821922733946	0.175868235753211	0.05550346913991658	-0.19267693483903092	0.0008969551815551004	-0.19442768783426753	0.06230831286157199	-0.17763450694990887	-0.08662378901524884	-0.1344652754518691	0.1344652756171606	0.08662378771568732	-0.1776345070586883	0.06230831352315608	-0.19442768837973748	-0.0008969539109940164	-0.19267693580445805	0.05550346731781155	-0.17586823088078776	0.10774821946671562	0.143462022946454	-0.14853914020271458	-0.09990255655410583	0.1769694887621862	0.0485131470806041	0.19009225876606886	-0.005885397272813617	0.18835397502778184	-0.05984568583982666	-0.17226403556711645	0.11086669416045365	0.1433187072785964	0.16065207959261743	-0.10169535425025314	0.24134678366080115
-0.24705219425301053	0.06265884251512867	0.18711209433523907	-0.09257644731459462	-0.1623690730021686	-0.11894323182627747	0.13968502109911576	0.14227389686667527	0.1148895753177816	-0.16226021049323458	-0.0871853951978617	-0.17786078669656835	-0.056470756031479614	-0.1888249601070527	0.02356232826927565	0.19337438951452515	0.010956111424026492	0.19314251941945007	-0.04566555499258178	0.18366587741012916	-0.08012688532965599	-0.1757456073507811	-0.11499318250602389	0.12708373487823577	-0.12535258254157422	-0.12535258267788474	0.12708373665477385	0.11499318221123252	0.17574560934038833	0.08012688335970898	0.1836658705259804	0.04566555975290554	-0.19314252257762343	0.010956107347031514	-0.19337438941275836	0.023562323678859326	0.18882496154283906	-0.05647076499535284	-0.1778607876391527	0.08718539714016207	-0.16226020804505148	0.11488956587758109	-0.14227390101979398	0.13968501721664736	0.1189432289986032	-0.162369068741377	-0.09257645624305036	-0.18711209902727916	0.06265882701920159	-0.24705219759687017
-0.2499636158828658	0.021073039967792404	0.2009052072557903	-0.03185704615614003	-0.19034034085877738	-0.042228140547081995	0.18549381400989715	0.05255179994595329	0.18217120979713597	-0.06307038501378434	-0.17899765656233205	-0.0734369215149593	-0.17563967496868335	-0.08416726873491799	0.17146407743449363	0.09400185126772276	-0.16693748550732232	0.104993475220952	0.16134894581063386	0.1126212463445909	0.15630855555013254	-0.12768992860968445	0.15124325559845175	0.10802024706116375	0.12983916251469868	-0.12983916185223468	-0.10802024851205257	0.15124325662043286	-0.12768993104515505	0.15630855964328058	-0.11262123778393186	0.16134893832578098	0.10499348225274249	0.16693748748481146	0.09400185289451675	-0.17146407812039308	-0.08416726405620764	0.17563967998802765	0.07343692351876485	-0.17899765776412785	0.06307037771286511	-0.18217119950421726	0.052551809059696176	-0.1854938129394258	-0.04222814273802067	0.19034034319789037	0.031857053684942106	0.2009052044302783	-0.021073021343136534	0.24996362007452178
-0.24996320023394197	-0.021079569923748195	0.2009056192397782	0.031851411257994136	-0.19034066040072412	0.04222889533402986	0.1854935829251375	-0.052551782549083326	0.18217129713922828	0.06307016550972604	-0.17899780033064203	0.07343702429692839	-0.17563951912230838	0.08416741786240525	0.17146384268564002	-0.09400233182904282	-0.1669374703485272	-0.10499330661999551	0.16134912374330795	-0.11262095315139807	0.15630861061590903	0.12769012927044457	0.15124307241872248	-0.10802028130999619	0.1298391852405158	0.12983918395582691	-0.10802027981833212	-0.15124307342717297	-0.12769012946666117	-0.1563086153182691	-0.11262095598675191	-0.161349117481022	0.10499330343851614	-0.16693746884336913	0.09400232721730273	0.17146385143987436	-0.08416742595596442	-0.17563951594154634	0.07343702205326579	0.17899780023513864	0.06307017313042446	0.18217129042391098	0.05255177292097202	0.1854935827555604	-0.042228889437916826	-0.19034066749947673	0.0318514037100222	-0.20090561284511282	-0.021079592474908565	-0.24996320385915113
-0.2470509492792669	-0.06266526061960133	0.1871133000770199	0.09257142041723293	-0.1623699725483269	0.11894370530851504	0.1396844042528249	-0.1422738244831554	0.11488984282089167	0.1622602130002311	-0.08718565457572064	0.17786088771124955	-0.05647045444846546	0.1888247552052043	0.02356187169404298	-0.19337457264432775	0.010956260584034372	-0.19314256418061776	-0.04566520170181132	-0.18366600790675558	-0.08012676422508185	0.17574543469532547	-0.11499343305245956	-0.12708369467183278	-0.1253525571336035	0.1253525581018789	0.12708369387585705	-0.11499343290235514	0.1757454354648856	-0.08012676022947061	0.18366600739638364	-0.04566520463424229	-0.1931425653144766	-0.010956265363223494	-0.19337456671004583	-0.02356188437908074	0.18882476356247013	0.05647044664276671	-0.17786088668911698	-0.0871856517384878	-0.16226021590110912	-0.11488984056450811	-0.14227381751888374	-0.13968440548077052	0.11894369779127044	0.16236998424803656	-0.09257141307247897	0.1871132907667143	0.06266528672777012	0.24705095090257978
-0.2413447642734185	-0.10170158184645026	0.16065388767196684	0.14331473592377217	-0.11086802822226455	0.17226404454811836	0.05984494824244276	-0.1883538981238644	0.005885805736226997	0.19009257283621614	0.048513107813938736	0.1769694580729044	0.09990268309163929	0.14853874090368718	-0.1434622126332477	-0.1077478699996895	0.1758685543396421	-0.0555037550481239	-0.19267681863568992	-0.0008973362359660611	-0.19442759998566597	-0.06230858428730881	-0.17763442047206232	0.08662386512008395	-0.13446529499931878	-0.13446529500600088	0.086623864652445	0.1776344208785739	0.06230858434340086	0.19442759983561111	-0.0008973334666933211	0.19267681547036034	0.055503760249523484	0.1758685598212152	0.10774786838964567	-0.14346220752044214	-0.14853874056041969	0.09990268677305766	0.1769694589421331	-0.04851311164309109	0.19009257202494512	0.005885805725622815	0.18835389560376073	0.059844950354051595	-0.17226403669194432	-0.11086804439556552	0.143314731227168	-0.16065387536930598	-0.10170160881662921	-0.24134476250276699
-0.2329531927746007	-0.13719744459861857	0.12311744713398692	0.17936380965501675	-0.042864305637496124	0.1925636286803557	-0.03523143744379954	-0.17725963266415481	-0.10591986568984263	0.13494817536224485	0.16028413030036887	0.07106278119374361	0.1895810437916171	-0.005840146011099472	-0.18811977867928656	0.08252363452317987	0.15475234188993903	0.14783204590754628	-0.0940174149587873	0.18586210137366668	-0.01572562028672756	-0.19976285661097523	0.07122750105862388	0.1435885310999018	0.12093268517863932	-0.12093268593799754	-0.14358852959254878	0.07122750008327866	-0.19976285774160105	-0.015725623754654625	-0.18586210372764708	-0.0940174083429156	0.14783204268050465	-0.1547523435399829	0.08252362978238452	0.18811978552742034	-0.005840155402372991	-0.18958103898520157	-0.07106278398476751	0.1602841329832777	-0.13494817246230337	0.1059198652666681	-0.177259634623963	0.03523143605491404	0.1925636219019976	0.04286432458449965	-0.17936380949688668	0.12311743340531424	0.13719747023811413	0.23295318625985048
-0.22220970229307255	-0.16756121909096516	0.07752973752805373	0.19669764065886772	0.030982618477637787	0.17582125209678276	-0.12116004848621821	-0.11259506384046211	-0.17833565832603276	0.021561928352872694	0.18981419365058408	-0.07608866800020433	0.15117179247693416	-0.15449884178114204	-0.07153213370214533	0.19301467990464766	-0.029669024620008904	0.17718994583976425	0.12303398660928466	0.11486177401404825	0.18519423316934008	-0.011318056337916991	0.19238325933943798	-0.06311242661116204	0.13930704825140358	0.1393070486818559	-0.06311242748920949	-0.19238325830144015	0.011318057343745436	-0.18519422948116782	0.11486177396592254	-0.12303399096945748	-0.17718995004285715	-0.029669028956434425	-0.19301467061494382	-0.0715321456608128	0.15449885089670798	0.15117178459858174	-0.07608866794012226	-0.1898141947998531	0.02156192310954306	-0.178335655173428	0.11259507173145179	-0.12116004665281979	-0.17582124952800282	0.03098260139098387	0.19669764368436202	-0.07752972088936552	-0.1675612411477247	-0.22220969260709447
-0.20930961527348102	-0.19216474013473667	0.026536544108999516	0.1938961084207348	0.10078130307201418	0.1251793809925744	-0.17789737871275954	-0.013443227958015143	-0.18577844576849514	-0.1020603708567951	0.12242903219147248	-0.17909823947150424	0.010363588776759969	-0.18609196709758838	0.10770200180012943	0.11863342765246646	-0.18390169405845078	-8.137449202087006e-5	0.18465940671706205	-0.11810820201470594	0.10805907473833597	0.1962713487557641	-0.02273288930611358	-0.15730055521224764	-0.1165040378446686	0.11650403833509916	0.15730055412139451	-0.022732889576456302	0.1962713495444262	0.10805907424270195	0.11810820308946286	0.18465940483866128	-8.136748195592587e-5	0.183901701344472	0.11863342175007076	-0.10770199542196887	-0.18609196817600748	-0.010363585653848834	0.17909824221745774	0.12242903133571176	0.10206037681837467	0.18577843934747187	-0.013443238505033775	0.1778973774082667	0.12517938267917988	-0.10078129157206679	-0.1938961141944813	0.026536526990592918	0.19216475702303434	0.20930960300361384
-0.19475325333131505	-0.21010277788277484	-0.02591689368894389	0.1714905892251873	0.1558125825179389	0.051021980084276775	-0.19119656127055767	0.08914847089958604	-0.12558424327327128	-0.18086531235750905	-0.006617023330970696	-0.176323925523939	-0.13645221235152438	-0.07625784895921832	0.1937781343333267	-0.06852205420720985	-0.1429041811055793	-0.17520258537186773	0.011689699659684595	-0.18684145218451548	-0.13065308551074223	0.08290362041284197	-0.19435061175883778	0.037694077417384494	-0.14444880785605477	-0.14444880848921016	0.0376940786801589	0.19435061156554992	-0.08290362109112098	0.13065308265230718	-0.18684145448004938	-0.011689695541244091	0.17520258294602065	-0.14290418158634646	0.06852205075340514	0.19377813838898736	0.07625784210558761	-0.13645221045961925	-0.17632392961310067	0.0066170242010820625	-0.18086531600378644	-0.12558423889034492	-0.08914846240696893	-0.1911965600337397	-0.051021981555354395	0.15581257499556522	0.1714905956366533	0.025916908685110377	-0.21010279214302696	-0.1947532389322891
-0.17878686285099518	-0.22126025485935039	-0.0770182642548756	0.13173451608038406	0.1889895879420852	-0.03321849859006924	-0.15825869212635618	0.16562311657737736	-0.019139252996376213	-0.18156023092557794	-0.13305816822612457	-0.0698789079410789	-0.1924975935031929	0.0929625680345131	0.11384513346336665	-0.1911110055977258	0.04991971753221666	-0.14772848030775845	-0.17823724885883357	0.005170827142428014	-0.17431197742028495	-0.16551743570491262	-0.02739169379000783	0.1679721323674388	0.11198201997349413	-0.11198202017229932	-0.16797213193741914	-0.02739169390516662	-0.16551743572542746	-0.17431197521695552	-0.005170826367251761	-0.17823725017046668	-0.14772848447916678	-0.04991972491314613	-0.1911109949427851	-0.11384514306263026	0.09296257646190603	0.19249758880766743	0.06987891115379231	-0.13305816826795228	0.18156023193438978	0.019139254412539414	0.1656231140619691	0.15825869053644676	-0.03321849961761685	-0.1889895827246705	-0.1317345210114269	-0.07701827609493796	0.22126026580192387	0.17878684871908704
-0.16200175865970426	-0.22554083378805417	-0.12310073823683405	0.07925658586096004	0.19558695680459323	-0.11078713567027985	-0.08762383160717592	0.19246476015452932	0.09362610247869425	-0.104137767595654	-0.19165178375925038	0.07654268109854727	-0.11966201616698546	0.19090410270599964	-0.0625839098511582	-0.13092983063641866	0.18853942418161584	0.049897214606908165	-0.1411764128332652	0.18951936054945678	0.04383398875210946	-0.14227176421848287	0.18309573653137615	-0.01056209692539522	0.14998917456661193	0.1499891753112116	-0.010562098437793613	-0.1830957359106459	0.1422717645017515	-0.04383398718840631	0.18951936323575005	0.1411764094875195	-0.04989720982835029	0.18853943167938517	0.1309298234388037	-0.06258390392608777	-0.19090410658502371	-0.11966201144768152	0.07654267900123526	0.19165178277758074	-0.10413776747143065	0.09362609596331352	-0.19246476332738657	-0.08762382933058967	0.11078713832773245	0.1955869544591937	0.07925658693214786	0.12310074839606358	-0.22554083906409192	-0.16200174718766305
-0.1446458777495096	-0.2233283657019017	-0.16205518860803098	0.018832993855619623	0.17517090945518643	-0.16828094775178018	0.004413818240370977	0.16220958366682414	0.17323152313446466	0.018497326082950592	-0.15393903423783326	0.1794137991208545	0.03418034688861156	0.1439893615292294	-0.18657686219840114	0.05435120551188675	0.12910301089380108	0.1918948387273692	0.07703756097277105	0.11102493614053056	0.19788830349253603	0.11148862791286718	0.07588041855094503	-0.1753316528911462	-0.1072640149450611	0.10726401494771681	0.1753316528030971	0.07588041890572476	0.11148862900079626	0.1978882996897742	-0.11102494002957285	0.07703756339971707	0.19189483955457834	-0.12910301051841302	0.054351203327768244	0.18657686477038823	0.14398935840887678	-0.03418034878943899	-0.17941379831099616	-0.15393903383093782	-0.01849732537119738	-0.1732315146760297	0.16220959002099247	-0.004413820727405665	-0.16828095029309734	-0.17517090976585684	-0.018832988788765583	-0.1620551975028662	0.2233283654692603	0.14464586933105072
-0.12732119898788974	-0.2152751469348747	-0.19154838136975666	-0.04304162506004909	0.13118549096545362	-0.1948231957988263	0.09494395023817974	0.08454193273683885	0.19060848876065928	0.132480189318777	-0.039554509749662896	0.17788659825378367	0.16448613542132473	-0.011398203412488183	-0.15141228638272403	0.18645882062312935	-0.06490520360696343	0.11203173021014652	0.19674309037498322	-0.12100150905793719	0.05411357362128661	0.18066220228599827	-0.15889248545816642	-0.018113190206653015	-0.15604857090596885	-0.15604857157085691	-0.018113188804532183	0.15889248466835437	-0.18066220309759556	-0.0541135726146133	-0.12100150854232186	-0.1967430886573472	-0.11203173564995064	-0.06490521112015162	-0.18645881168241024	-0.1514122940292423	0.011398210768245699	0.16448613331480608	0.17788659941827564	0.039554509870976085	0.132480188316373	0.19060848065305236	-0.08454193947547801	0.09494395112056112	0.19482319728589378	0.13118549422418538	-0.043041635723614226	0.191548389232661	-0.2152751433099827	-0.12732119068107878
-0.11023561384505927	-0.20215946448317013	-0.21078887454683323	-0.1013942029393857	0.06945702017502878	-0.18633771802542107	0.16383580326088548	-0.018212737941433098	0.1403824052297096	0.19106537601249263	0.09562170184541353	0.07280269824007513	0.18597179020498475	-0.15899807556835296	0.012586003959038984	0.14297015303805397	-0.19272818933783728	-0.09966802966622189	0.06649304943587865	-0.1864575459047584	-0.1722214854580138	-0.041486754858002434	-0.11944245025593897	0.1790637225737162	0.10221546991606673	-0.1022154698142261	-0.17906372285547736	-0.11944245024441834	-0.04148675502507595	-0.1722214835422211	0.18645754874874176	0.06649304541465495	-0.09966802462447036	0.19272819570122288	0.1429701476210603	-0.012585998176568044	-0.15899808408079175	-0.18597178475563617	-0.07280269998944693	0.0956217014442855	-0.19106537480425098	-0.14038239898996122	-0.018212731507958345	-0.16383580208719253	-0.1863377190729491	-0.06945702514346301	0.10139421763206306	-0.21078888105057586	0.20215945837893962	0.1102356044542269
-0.09392191674870487	-0.18514908302159488	-0.21927229397037487	-0.1506608711592008	-0.0009191554606657033	-0.14509351058742734	0.19491304898730277	-0.11516057294984221	0.041279416635482416	0.16930545545572095	0.18291779146108406	-0.07364241087262394	0.08473376245092772	-0.1864330994978255	0.16465187845316873	-0.034179096209010315	-0.11905147176633249	-0.19616581171218658	-0.14740543830657046	0.006193805728020364	-0.13868836315768437	-0.1918715323183225	0.12270835569862265	0.048196029258565934	0.16277918929014254	0.16277919044519987	0.04819602715018949	-0.12270835396309843	0.19187153368651264	0.138688361492315	0.0061938045689775385	0.14740543870690206	0.19616581181444767	-0.11905147062184017	0.03417909245967244	0.164651878955102	0.18643310457623402	0.08473375782441636	-0.07364240997637095	-0.18291779200446662	0.16930545422176238	0.041279412643008426	0.11516056773920308	0.19491304535654017	0.14509351143451354	-0.0009191489679849828	-0.15066088840340902	0.2192722995006383	-0.185149074193332	-0.09392190619402012
-0.07850619923884503	-0.16518101937468532	-0.21757862893957175	-0.18768717086613063	-0.07159957864150679	-0.07857980808455729	0.18228071469438342	-0.18015645965017327	-0.07306618620524931	0.07637492396546561	0.18040038157738694	-0.1786372279910633	-0.07280558183128623	-0.0748216288584238	0.17940958795481068	-0.18136811181715556	0.08088163120329041	-0.06572571249241624	-0.17585884864772536	0.19123846263722308	0.1026565513128079	-0.03468911944757031	0.15488777193637768	-0.17877363785856498	-0.09664664725389512	0.09664664635362948	0.17877363920929648	0.1548877715681812	-0.03468911904279092	0.10265654973276489	-0.1912384651024172	-0.17585884545180921	-0.06572571665036606	-0.08088163824019659	-0.1813681023599942	-0.17940959415881602	-0.07482162712934784	0.07280558146876932	0.17863722976136884	0.180400382568458	-0.07637492135553102	0.07306618589451146	-0.1801564566919498	-0.1822807093061114	-0.0785798087926976	0.0715995697884624	0.1876871911714178	-0.2175786340149916	0.16518100670334296	0.07850618754839088
-0.0643973193190262	-0.14362857653384062	-0.20692568947360587	-0.20997223788436944	-0.13339677243188788	0.0006948975093840654	0.12973512383887145	-0.1948775006333143	-0.16198029565698444	-0.04761964846077304	0.09017981871915595	-0.18183854235158453	-0.18189180743306116	0.09110123141920465	0.044766958931582	-0.15906353628968065	0.19643636957245966	0.14021057771145448	0.01759303418696242	0.11143472387432635	0.1876773383733911	0.17309447079481333	-0.07614598974082838	-0.07960182558913968	-0.17037825066067913	-0.1703782509742675	-0.07960182448602351	0.07614598777554188	-0.17309447365759303	-0.18767733439036946	0.11143472653721598	-0.017593035239331107	-0.14021057467792236	0.19643637585146648	0.1590635298843951	0.04476696501789105	-0.09110123868481934	-0.18189180142027436	-0.1818385466133363	-0.09017981931452239	-0.04761965231829636	-0.16198029061995625	0.1948775013857372	0.1297351176961997	-0.0006948984429814363	-0.13339676119824262	-0.2099722594209882	0.2069256931975069	-0.14362856153751824	-0.06439730850117004
-0.051627489604654214	-0.1213831923277253	-0.18893834583108882	-0.21735974873583264	-0.18047859148570738	0.08050788307317729	0.04882404095345874	-0.15623209418815598	-0.1966332449851936	-0.15288113484539886	-0.04397857377505409	-0.08303430762592061	-0.17430126389139267	0.19173657729842983	-0.12926867095949557	0.013278774562634888	0.10789325110351418	0.18614824393664334	0.19012550069794001	-0.12134751116554952	-0.005720985590446983	0.10583777251750782	-0.17921407419858185	0.17392155434967185	0.09027192307727035	-0.09027192208870224	-0.1739215566919821	-0.17921407129209596	0.10583777529574391	-0.005720986253500732	0.12134751431222497	0.19012549798764067	0.1861482425343919	-0.10789325090273948	0.013278770238994743	0.12926866966641082	0.19173658582251984	0.17430125830721502	0.0830343105958917	-0.04397857524244918	0.15288113771698383	0.19663323741180963	-0.15623209713256817	-0.04882403527697199	0.0805078846968173	0.18047857944188161	0.217359769362257	-0.18893834800523623	0.1213831770132871	0.05162747891176339
-0.04044682336228728	-0.09969322607847052	-0.16586306883073643	-0.2108601343621098	-0.20831209033504777	0.14772508114811814	-0.0418981672830563	-0.076278377364001	-0.16638238190061375	-0.19661289012178043	-0.1565128454624849	0.06089338807801799	-0.05585591129880179	0.1527755858613218	-0.196637027590179	0.1734942375237141	-0.0920652673434013	0.019071594891884563	0.12314533974474898	-0.18508652662254615	-0.18644694175374682	-0.12536632069974682	0.021351929209291784	0.11231996881866622	0.17910683925746626	0.17910683979641198	0.1123199678491757	-0.02135192775444013	0.12536632219435623	0.1864469391038251	-0.18508653109693743	-0.12314533670101506	-0.019071596154466765	-0.09206527282417379	-0.1734942272662355	-0.196637032106721	-0.15277558870660568	-0.05585591054645125	0.060893388167943804	0.1565128471796974	-0.19661289075624394	-0.16638237710921372	0.07627838042854458	-0.04189817308975748	-0.14772508339417106	-0.20831207862480766	-0.2108601509624261	0.16586306916945254	-0.09969321324125682	-0.0404468139842748
-0.03078116868004938	-0.07916716011322049	-0.1396027782278213	-0.19271059596972193	-0.21606915391525702	0.19396130781675067	-0.12489165783312998	0.023738709658600945	-0.08262092932310136	-0.16406384802375848	-0.1973809352505812	0.1734105612936652	0.0999560937126112	0.00154593293041107	-0.10201652691219742	0.1741587622463579	-0.19856267981439832	-0.17042217207149596	-0.09748442491386444	0.001668362407078252	-0.09406449891826467	-0.16056245243392542	0.1896188069485507	-0.16369547054405498	-0.08263045217310712	0.08263045067175663	0.16369547316395114	0.18961880397004002	-0.16056245537234248	-0.094064496850939	-0.0016683620988250578	-0.09748442456617751	-0.17042216995975107	0.19856268565641627	0.1741587543967201	0.1020165323741891	0.001545929439580761	-0.09995608886352242	-0.17341056357712653	-0.19738093678840152	0.16406384786773992	0.08262092787880028	0.02373870808653039	0.12489166322438125	0.19396131069700653	0.21606914211878933	0.1927106086398139	-0.13960277760993722	0.07916714965469868	0.030781161802283356
-0.02272580204115412	-0.060702431274123836	-0.11257484639146985	-0.16637116105526908	-0.20544697708445914	0.21430503409950147	-0.1843606731810671	0.11750112206769373	0.026199745660871816	-0.06980795670974291	-0.14891697395577116	0.19345593611102493	0.19396780924349294	-0.1513070647826714	0.07581024997994346	0.01520825048123787	-0.10198980044778881	-0.1659333734602569	-0.19449450154413822	0.18181204266462908	0.13173868018856477	0.05356499058972079	0.03910713649625348	-0.1464450502692882	-0.18931351138487323	-0.1893135111207471	-0.14644504981424522	-0.039107137534588554	-0.05356499030854321	-0.1317386793391785	0.18181204722978306	0.19449449809354108	0.16593337229728103	-0.10198980189250793	-0.01520825104697577	0.07581024874914301	0.1513070707260863	0.19396780230840543	0.19345593848641002	0.1489169751422937	-0.06980795694383678	0.026199745251830026	-0.11750112218888871	-0.18436067736133588	-0.21430503769571524	-0.20544696474470803	-0.16637117119200073	0.11257484596290414	-0.06070242186045772	-0.022725797108343798
-0.016136743072827475	-0.04458379865344492	-0.08640802457681905	-0.1352823484058542	-0.18045549787544427	0.20971520767377153	-0.2130082276550823	0.18543900962583043	0.12892402455308186	0.05176800619070525	-0.03308613342272637	0.11120644748415343	0.1693363379086043	-0.19833624640737918	0.19400150151004777	-0.15832894378771667	0.0976329310415583	0.022967013519205742	-0.054434624195531696	0.12096213349623751	0.16910702293819194	0.1883663196330838	-0.18334869526558067	0.14673893982857042	0.07291839748406903	-0.07291839636743408	-0.14673894275443722	-0.18334869163010403	0.18836632185923616	0.16910702022408114	-0.12096213752702764	-0.05443462230805565	0.022967012862805426	-0.09763293578631567	-0.15832893538226744	-0.194001505360496	-0.19833625112423808	-0.16933633205303925	-0.1112064489254334	-0.03308613442395802	-0.051768005964456784	-0.1289240223158734	0.18543901240921518	0.2130082306957034	0.2097152106747205	0.18045548602394104	0.13528235588117923	-0.08640802445524473	0.04458379135852716	0.016136739448913816
-0.010975762164977275	-0.031238067568680552	-0.06288583998245921	-0.10333647983948784	-0.14666204032556485	0.18485546972456599	-0.20969946257058078	0.21471380884713737	0.19665165406180565	0.1561809599762997	0.09769061398083101	-0.02836668645513071	0.04312711591262752	-0.10803690921468061	0.1587840660601968	-0.18976152637691177	0.19805402151227558	0.18324877228191638	0.14777016531649792	-0.0957920155730457	-0.033124628670200225	0.034040304518553194	-0.10240874397801972	0.18221543917654184	0.2014537332602276	0.2014537324733025	0.1822154405095587	0.10240874271485975	-0.03404030573730366	0.03312462897569748	-0.09579201782669626	-0.14777016315247732	-0.1832487700100024	0.1980540285169762	0.1897615174341093	0.1587840714533627	0.10803691038534179	0.04312711316875018	-0.028366685601489937	-0.09769061277314578	0.1561809607160309	0.1966516504897735	-0.21471381473258602	-0.20969946390085673	-0.1848554705190211	-0.14666203127568722	-0.1033364849855097	0.062885839512556	-0.0312380628516892	-0.010975759203931177
-0.007029930504213073	-0.020530573069709873	-0.042694535732888256	-0.07305628584994948	-0.10903162625992165	0.1463334053907627	-0.17974155523021418	0.20413758282822483	0.21537658557056763	0.2110502066165105	0.19064772210798106	-0.1556659642447773	-0.10900500578115578	0.05481884248304421	0.002506656971607482	-0.05814521410739216	0.10824557966604473	0.14872389670669914	0.17774535995159885	-0.1924105365235403	-0.19405816524925654	-0.18018395868697787	0.15707429188700622	-0.12045246809271082	-0.05957637076963206	0.0595763698976803	0.12045247066101471	0.15707428836664622	-0.18018396084744764	-0.1940581621979111	0.19241054236018898	0.17774535664566432	0.14872389494874727	-0.10824558242030437	-0.05814521208663886	-0.0025066591723342893	0.05481884555594168	0.10900500285231605	0.15566596436547508	0.19064772151971243	-0.21105020783815914	-0.21537658188847783	0.2041375899788349	0.17974155504799444	0.1463334047726673	0.10903162009084327	0.07305628930368237	-0.04269453517556304	0.020530570127151312	0.007029928439234707
-0.004169476311144838	-0.012442189657797283	-0.026577330178193255	-0.046992583887912054	-0.07297425573538231	0.10274475744318752	-0.1337206372694091	0.16294165780517633	0.18750166488098616	0.20497495076906075	0.2136385291178239	-0.21263093632843863	-0.20186840499756112	0.18198942757526002	-0.15412863078984138	0.11982032077492245	-0.0807562347280301	-0.03879401460210533	0.004422508612085405	-0.04704485543577608	-0.08829455046463137	-0.12666743745340442	0.16565639395015416	-0.21996606067842836	-0.21602023575443982	-0.21602023438206733	-0.2199660638689095	-0.16565638999905302	0.12666744006531166	0.08829454880424027	-0.047044856706323794	-0.004422508184084194	0.03879401356258221	-0.08075623856719041	-0.11982031471139674	-0.15412863400948748	-0.18198943322056046	-0.20186839598751602	-0.21263093801577337	-0.21363853023892979	0.20497495150861464	0.1875016617286979	-0.1629416635696745	-0.13372063695850256	-0.10274475733000503	-0.07297425086672797	-0.04699258578144557	0.02657733018758651	-0.012442187978980793	-0.004169475668708864
-0.002189434331329141	-0.0066475039175101945	-0.014505295659323342	-0.026313073154352128	-0.04212713401545327	0.0614794032571455	-0.08345236849851798	0.10680212543159176	0.13016380523243928	0.15218628189734634	0.1717344418723948	-0.1878761356905112	-0.20005067674405508	0.20783894197252833	-0.2112376274670924	0.21014142348186798	-0.2049843407372741	-0.19567965301496423	-0.1830876868496219	0.16680578723184614	0.1483663078916375	0.12645122916477256	-0.10422787460962354	0.07865706274180545	0.03903974145199074	-0.03903974090895446	-0.07865706441359921	-0.10422787208847262	0.1264512309202436	0.1483663053423901	-0.16680579233724227	-0.18308768393533895	-0.19567964990866196	0.20498434788327596	0.2101414139485002	0.2112376339339634	0.20783894734366554	0.2000506659507796	0.18787613799027802	0.17173444393145373	-0.15218628234583342	-0.1301638029471759	0.10680212877486406	0.0834523684640857	0.06147940375694494	0.04212713052116308	0.026313073955956886	-0.014505295916457116	0.006647503097226937	0.0021894344394584467
-0.0009049132045856617	-0.0027810736004780247	-0.006159157101813875	-0.011371439422474785	-0.01858571260493933	0.02777829836062343	-0.038752192868399794	0.05116003490055794	0.06458347897067408	0.07856055925865699	0.09268911850512297	-0.10659163765316043	-0.12003511538618292	0.13278482607361863	-0.1448087285299329	0.15595309752383624	-0.16639236167777324	-0.17592376632919654	-0.18503945590510856	0.19331475970018863	0.20209815031618594	0.2106697280856481	-0.22459478454534224	0.2586730761455902	0.23266990508970872	0.2326699032730078	0.2586730807196256	0.22459477834032962	-0.21066973226392144	-0.20209814686028774	0.19331476507536502	0.18503945282279863	0.1759237639195093	-0.1663923669270353	-0.1559530907132792	-0.14480873349432755	-0.13278482913484047	-0.12003510851785307	-0.10659163906751704	-0.0926891198589994	0.07856055970180979	0.06458347783850792	-0.05116003632476866	-0.03875219276873375	-0.027778298639699755	-0.018585711086960752	-0.011371439788602208	0.0061591571408950154	-0.0027810732070391794	-0.0009049132144771739
