0.9980442316587251
0.9980200954199457
0.997990384008135
0.9979545130974207
0.9979117983083136
0.9978614317341997
0.9978024376896646
0.9977336189689221
0.9976534972231224
0.9975602364050247
0.9974515367117779
0.9973244982603239
0.9971753991305713
0.9969994061439497
0.9967900844184321
0.9965386845890204
0.9962329740679529
0.9958551441511422
0.9953785757909361
0.9947597469774088
0.9939263975687254
0.9927288778673304
0.9908579258770185
0.9869263719812358
0.9778817520599503
0.022118247933241908
0.013073628038080765
0.009142074099362518
0.007271122130789398
0.006073602449125772
0.005240253047126478
0.004621424169271455
0.004144855857390788
0.0037670259263159374
0.0034613154110628144
0.0032099155863966403
0.0030005938587041956
0.0028246008722436363
0.0026755017397653113
0.0025484632883281404
0.002439763596643863
0.002346502773166297
0.002266381029974599
0.002197562309964609
0.002138568264216574
0.0020882016908051575
0.0020454869023333933
0.0020096159926109945
0.001979904579764335
0.0019557683429944307
