0.044932313152446675
0.03717143556322142
0.03419096918672492
0.03258726870922003
0.03159996216745125
0.030955952853351485
0.030529683450908736
0.030267506274018946
0.030061825835980455
0.029891824434436193
0.02976239694353094
0.02971208905752277
0.029577761722111132
0.029556325039962847
0.029540238032414935
0.029525070065567094
0.029515052000311858
0.02950933670552241
0.029512442160281198
0.029527784513637623
0.029560540336037104
0.029677166023959374
0.029883903384910697
0.03246000989506474
0.02884607109220908
0.02884607107920402
0.03246000992811339
0.02988390343511653
0.029677166052433625
0.029560540318893803
0.02952778454452444
0.029512442257309812
0.02950933667122785
0.029515051895535313
0.029525070091045515
0.029540238042891742
0.02955632502984637
0.029577761703833153
0.02971208907674145
0.029762397030379084
0.029891824410764017
0.03006182584128756
0.030267506381608168
0.030529683392134868
0.030955952704450194
0.03159996226508314
0.03258726861997553
0.03419096906843139
0.037171435346155864
0.04493231249260457
