0.9980442316607455
0.9980200954213388
0.9979903840055381
0.9979545130945315
0.9979117983073462
0.9978614317348875
0.9978024376879552
0.9977336189711892
0.997653497227823
0.9975602364055698
0.9974515367141326
0.9973244982593747
0.9971753991279436
0.9969994061337791
0.9967900844170811
0.9965386845924662
0.9962329740714961
0.9958551441602719
0.9953785758019342
0.9947597469484635
0.9939263975743158
0.9927288778730782
0.9908579258846033
0.9869263719691759
0.9778817520636082
0.022118247937674584
0.01307362802811729
0.009142074108272835
0.00727112212547143
0.006073602453353307
0.0052402530326346375
0.004621424189983497
0.00414485585242759
0.0037670259215306584
0.003461315409207538
0.0032099155883810277
0.0030005938597809393
0.0028246008704869686
0.002675501743008246
0.002548463289190627
0.0024397635950088093
0.0023465027718780175
0.0022663810306332525
0.0021975623089259756
0.0021385682633119187
0.0020882016912976745
0.002045486901511909
0.0020096159948927313
0.001979904579477513
0.001955768342866111
