0.04493231137903319
0.03717143517456195
0.03419096899908486
0.03258726848374134
0.031599962231001255
0.03095595251048645
0.03052968325046381
0.030267506380084228
0.030061825740989544
0.02989182442397173
0.029762397081681102
0.029712089165218107
0.02957776171748192
0.029556325014390566
0.02954023801466426
0.029525069997448417
0.029515051974210747
0.02950933674003193
0.029512442204143986
0.029527784493465985
0.02956054030950224
0.02967716602687992
0.029883903438547976
0.03246000987959975
0.02884607108363111
0.028846071075227513
0.03246000999375105
0.029883903384740514
0.029677166034059392
0.029560540315669712
0.0295277845397418
0.029512442242080182
0.029509336680626837
0.02951505193297389
0.029525070076627927
0.02954023801400018
0.02955632497947309
0.02957776174734706
0.029712089140890817
0.02976239696976517
0.02989182438822173
0.03006182596230301
0.030267506386760016
0.030529683263343023
0.03095595278164572
0.03159996212011442
0.03258726878767634
0.03419096911192997
0.03717143547518029
0.044932311865297135
