0.029813876590224143
0.029669182788450037
0.02953127272929913
0.02942770993165521
0.029358906732932503
0.02931903862146811
0.029303354538406816
0.029309784812469535
0.02933110669793848
0.029353036281280415
0.029374282777378923
0.029410037357921973
0.02946245479152295
0.0294756553076786
0.02945832498567923
0.029437021272073958
0.029416249316531883
0.029394941189840387
0.029371288509928546
0.02934369038276726
0.0293120012520559
0.029280360895526
0.029260030534901657
0.02926097749158774
0.029268236804697555
0.029268236806858812
0.029260977491806804
0.029260030539226496
0.029280360897848308
0.029312001251428948
0.029343690382702257
0.029371288509875852
0.02939494118984371
0.029416249315811945
0.029437021272209894
0.029458324986215895
0.029475655308014825
0.02946245479231373
0.02941003735898126
0.029374282778369322
0.02935303628151521
0.029331106697605542
0.029309784812576407
0.029303354539427107
0.02931903862279902
0.02935890672924126
0.029427709931020535
0.029531272725333665
0.02966918279335531
0.02981387672805231
