0.029813876585584355
0.029669182787697552
0.029531272729904027
0.029427709931819125
0.029358906733214275
0.029319038621358737
0.02930335453851
0.029309784812530625
0.029331106697848323
0.029353036281196045
0.029374282777354738
0.029410037358001132
0.029462454791461014
0.02947565530759444
0.0294583249856465
0.02943702127199839
0.029416249316529964
0.029394941189785105
0.029371288509942216
0.02934369038272315
0.029312001252034696
0.029280360895524396
0.029260030534776126
0.02926097749162247
0.029268236804658104
0.029268236806869404
0.02926097749186317
0.02926003053926814
0.029280360897783436
0.029312001251533236
0.0293436903826861
0.02937128850991883
0.029394941189900423
0.029416249315809488
0.02943702127221934
0.02945832498625991
0.029475655308040475
0.029462454792391336
0.02941003735889451
0.029374282778452256
0.029353036281495222
0.029331106697575302
0.02930978481256727
0.02930335453937921
0.02931903862275826
0.02935890672911267
0.029427709931000717
0.029531272725507283
0.02966918279337254
0.02981387672520712
