0.9666708290204484
0.9663575766883634
0.9658300081836273
0.9650780517840298
0.9640851959697067
0.9628273302294034
0.9612714134205572
0.9593735998036484
0.9570765283262888
0.9543054478915682
0.9509627206564054
0.9469200160687061
0.942007159933373
0.9359960879825143
0.9285775991736975
0.9193275599452152
0.907657924142364
0.8927468228119672
0.8734425705953165
0.8481431409577841
0.8146765965633911
0.770273233459966
0.7118695700778555
0.6372659518429736
0.5478855851842852
0.45211441483075776
0.3627340481510546
0.2881304298743613
0.22972676659822
0.18532340342340792
0.15185685905795998
0.12655742937392167
0.10725317717381289
0.09234207586662224
0.08067244006100482
0.07142240084549345
0.06400391202351285
0.05799284006374594
0.05307998392526847
0.049037279333096984
0.045694552099578956
0.04292347167340438
0.04062640019585517
0.038728586587124636
0.037172669772776334
0.035914804038029935
0.03492194821669417
0.03416999181587719
0.033642423312002685
0.03332917097283327
