-0.011749615626862173	-0.023702668529622405	-0.035979022527088775	-0.04858342886399616	0.06142556152677187	0.07435873104017242	-0.08721328051818072	0.09981846971341292	0.11201488859279557	-0.12366048406337114	-0.13463235941154175	0.14482563965196016	-0.1541501387621184	0.16252510424782265	-0.16987203553967892	0.17610536569200255	0.18112072631075163	0.1847812769156124	-0.18690508307609713	0.1872630233889562	-0.1856119632155203	-0.18181921975102971	0.17617461633416542	-0.16992790417595394	0.16557297344444336	-0.1655729735228426	0.16992790409102376	-0.1761746165570472	0.18181921941930398	0.1856119633905004	-0.18726302359436617	0.18690508261811475	-0.1847812774447798	-0.18112072579596564	-0.1761053658321848	0.1698720358301808	0.16252510373333814	0.15415013915941692	-0.14482563977236185	-0.13463235898037348	0.12366048475150042	0.11201488816062306	-0.09981846971805407	-0.08721328057130198	-0.07435873044370897	-0.06142556195365297	0.048583428599801075	0.03597902294008951	0.02370266875000648	0.011749615568229203
-0.022687407048297033	-0.04548263117642771	-0.06832491013159683	-0.09092497564825891	0.11281394394896446	0.13343300516139167	-0.15221294871568417	0.16862908209431945	0.1822346598665768	-0.19267883064338093	-0.1997138221553103	0.20319472866178406	-0.2030744168187135	0.19939546011259504	-0.19228076330706864	0.18192446497331136	0.1685847691294785	0.152580911991865	-0.13429711233584535	0.11419644146059756	-0.09284534703383905	-0.07093995873296892	0.049293692464606985	-0.02867410624656056	0.009352713468224142	0.009352713438575213	-0.02867410623938368	0.04929369257879996	-0.07093995860797128	-0.09284534711723179	0.11419644153685177	-0.13429711200055466	0.1525809124390377	0.1685847686675836	0.18192446515720875	-0.19228076363110944	-0.19939545946216738	-0.20307441731218526	0.20319472879708506	0.1997138215001234	-0.19267883172466102	-0.182234659196291	0.16862908217144096	0.15221294885113387	0.13343300411339176	0.11281394470586491	-0.09092497511411865	-0.06832491085945902	-0.045482631535927485	-0.022687406894275026
-0.03390359613856297	-0.06726657227752936	-0.09930040168340214	-0.12890318895206015	0.15477828487777592	0.17562201696206628	-0.19029066375914847	0.19791727533132342	0.19798007424842998	-0.19033137515287737	-0.17519577409845044	0.15314533026393704	-0.1250586667495025	0.09207019701356556	-0.05551511633237856	0.01687513695892047	-0.02227101232894873	-0.06029013392325021	0.09553254953256997	-0.1263783434068619	0.15132644298990391	0.16920149800931125	-0.17959952096156498	0.1836008173591588	-0.18409925320909218	0.18409925329346535	-0.18360081724687582	0.17959952113666453	-0.16920149769053575	-0.15132644314641655	0.12637834362705822	-0.0955325493157742	0.06029013408415399	0.022271012239472397	-0.01687513705849855	0.05551511642341244	0.09207019667933178	0.1250586669984032	-0.1531453303182695	-0.1751957735241073	0.19033137625147822	0.19798007355785405	-0.19791727551663815	-0.19029066397521346	-0.17562201561845445	-0.15477828586693795	0.1289031881393165	0.09930040266277464	0.06726657271752189	0.03390359585102655
-0.04541887337708866	-0.08887777669399573	-0.1281540279284467	-0.16077566556272083	0.1843090195958164	0.1967341102967152	-0.19675557181976092	0.18399175195753167	0.15903921839080715	-0.12342852076695715	-0.07949282581946736	0.030173202589546377	0.021215314748511502	-0.07123401747026394	0.11656693558756158	-0.15424709186771499	-0.1818512971297194	-0.19765837903218542	0.20077268439074528	-0.1912202655855005	0.17002374652260277	0.13923975030797228	-0.10186499263005426	0.061344365260234665	-0.020366087262645126	-0.020366087280734666	0.061344365229606145	-0.10186499276028958	0.13923974998372682	0.17002374668671008	-0.19122026584248158	0.20077268398832032	-0.1976583796327822	-0.18185129656933632	-0.1542470918675771	0.11656693574244709	0.07123401727526232	0.02121531490821517	0.03017320249064515	0.07949282554560072	-0.12342852153608534	-0.15903921789321523	0.18399175225176317	0.19675557209208938	0.19673410886087897	0.1843090207149676	-0.16077566446443411	-0.12815402906691511	-0.08887777715125864	-0.04541887293186003
-0.057149663287157225	-0.10986108543696024	-0.15360060090266012	-0.18402397793078606	0.1976102442147266	0.19233588092628984	-0.16813247598227643	0.1270269548720436	0.07296797134834136	-0.011392411980732596	0.05138926926010675	-0.10889941640233795	0.15520204356465053	-0.1855345592316911	0.19679943506450856	-0.18787422900570003	-0.1597211510374796	-0.1152984379528856	0.05928989435578883	0.002331080930842244	-0.06290930674600431	-0.11594477224276167	0.1562673242187079	-0.1815003697922035	0.1928204779135079	-0.1928204780019873	0.18150036968588737	-0.1562673243619284	0.11594477208068239	0.06290930682040356	-0.002331080987041103	-0.05928989433192268	0.11529843836037121	0.15972115053338362	0.18787422908225754	-0.1967994353139077	-0.18553455861423346	-0.15520204401906154	0.10889941662194591	0.051389269133856254	0.011392412158598531	0.07296797121030439	-0.1270269552132946	-0.16813247621520983	-0.19233587959188098	-0.1976102453396306	0.18402397658791428	0.15360060213907642	0.10986108589658727	0.05714966270386716
-0.0688240285230171	-0.12947203318432915	-0.17421147439230794	-0.19664634967569083	0.19292452806138896	0.16273783236087222	-0.1097017536558549	0.04098631722230248	-0.03371299674053714	0.10365090072831074	0.15868198687915067	-0.1908048290652529	0.1953576595261349	-0.17169250101004715	0.1232437618062303	-0.057000565434922025	0.01752471690633001	0.08967780462796798	-0.14920799708947785	0.1877895823394478	-0.2003435919348122	-0.18597751569268337	0.14826307125601737	-0.09431831173849055	0.032174379283313875	0.03217437929548953	-0.09431831168534173	0.14826307145531156	-0.1859775153081091	-0.20034359213373254	0.1877895826116254	-0.14920799670121052	0.08967780483577222	0.01752471686890755	-0.0570005655041058	0.12324376189542109	0.17169250037103062	0.19535766000604163	-0.19080482930741	-0.15868198643983494	0.10365090122014992	0.03371299648069902	0.04098631755543895	0.10970175377979559	0.16273783127606364	0.19292452903104865	-0.19664634817070295	-0.17421147569986423	-0.12947203363040216	-0.06882402779955671
-0.08027392086937203	-0.1471284151161065	-0.18878091498387212	-0.19710165846514102	0.16960225640780188	0.11052538198665979	-0.0304507988850853	-0.05559760192293975	-0.13110744600770294	0.18141386753091074	0.19667779649790165	-0.17387745134814478	0.11741617022579894	-0.03824752952571327	-0.04828162838310494	0.12542676187001575	0.17829217370794584	0.1967147087551501	-0.17725473203616296	0.12392381404967032	-0.04746039692244417	0.03687878967642577	-0.11289596134257306	0.16785425986371216	-0.19570536701205138	0.1957053671014271	-0.1678542597697602	0.11289596141193042	-0.0368787896951946	0.04746039695466285	-0.12392381415946999	0.17725473175554557	-0.19671470935480362	-0.17829217312051823	-0.12542676188071872	0.04828162859737294	-0.03824752930673237	-0.11741617049140705	0.17387745149286865	0.19667779593511034	-0.18141386855961597	-0.13110744546394656	0.055597601660447644	-0.030450798880333967	-0.11052538126661318	-0.16960225703927137	0.1971016569024659	0.18878091636206082	0.1471284155345774	0.08027391998630769
-0.0914805090707496	-0.16263629426216397	-0.19698809396718686	-0.18571228758214015	0.130429275316926	0.04360346760276102	0.054049647481335464	-0.13860215859536648	-0.1890106550931164	0.19257485350827033	0.1482688066826463	-0.06706365352656207	-0.030822467318719363	0.12101135119794539	-0.1810716544167464	0.19610164120745244	0.16240676600949072	0.0883832448845855	0.007598843145232348	-0.10181920060427085	0.1712726157287433	0.19973355261343437	-0.1821377419858535	0.12540835558948116	-0.04441737377128827	-0.04441737379848504	0.12540835550236032	-0.182137742211316	0.19973355225566494	0.17127261590583567	-0.10181920079692303	0.007598842961438542	0.08838324523200233	0.16240676544682559	0.19610164126973675	-0.18107165473598932	-0.12101135085619522	-0.030822467430549443	-0.06706365353160679	-0.14826880630207598	0.19257485473281194	0.18901065443172313	-0.1386021584786639	-0.054049647623688586	0.04360346734494855	0.13042927550461156	-0.18571228602696027	-0.19698809536030545	-0.162636294663736	-0.09148050807709035
-0.10234681383551825	-0.1756301893714589	-0.19832684305322307	-0.16284652301576724	0.07871177495781709	-0.0293792885428689	0.12866550968641885	-0.18847984786375394	-0.19005669227537794	0.1326703881856231	0.0340350047973488	0.07518516644886492	-0.1609825059487862	0.19665612269272706	-0.1711402581833789	0.09242111134466743	-0.014987108540970365	-0.11769605329736185	0.18386083740006343	-0.19316416911981774	0.14324901153344324	0.050388122115495655	0.05630343797655478	-0.1456325417365803	0.19519819608244826	-0.19519819617726764	0.14563254167275105	-0.0563034379439312	-0.05038812194050697	-0.1432490116370841	0.19316416933204206	-0.18386083703398562	0.11769605359155333	0.014987108470513795	-0.0924211113742079	0.17114025824108767	0.19665612204401112	0.16098250643511214	-0.07518516651973993	0.0340350048785341	-0.13267038913879275	-0.19005669162092806	0.1884798479771704	0.12866551001611487	0.02937928827364868	-0.078711774732912	0.162846521540633	0.19832684433865963	0.17563018975436295	0.10234681282663564
-0.11284421325846414	-0.18595032343841875	-0.19284284714973432	-0.13006615104691074	0.01959255131315657	-0.09825387714691984	0.17950709364029127	-0.19334570587721067	-0.13420289474400757	0.02423579310528719	-0.09494596389229863	0.17811674095471702	-0.193697872393032	0.1357912387347416	-0.02639516546207947	-0.09299177018496294	-0.17713762299340677	-0.19421816309993917	0.13785286857601922	-0.02946442147919748	-0.09004317004478696	-0.1762945812343881	0.1989254217717823	-0.152780639237496	0.05682292663442554	0.05682292668343411	-0.15278063910310993	0.19892542198023577	-0.17629458098737766	-0.09004317014462329	-0.029464421448659666	0.13785286849768283	-0.19421816373047307	-0.17713762239633377	-0.09299177023168101	-0.026395165175358195	-0.13579123817183134	-0.19369787291821186	0.1781167410669345	0.09494596338238499	0.024235793500578355	0.13420289434562044	-0.1933457062140814	-0.1795070940614799	-0.09825387639088289	0.01959255065934532	-0.13006614971064998	-0.1928428482673314	-0.18595032380334062	-0.11284421228367289
-0.12289050152237325	-0.1933460770721774	-0.18058289929722562	-0.08919958152149493	-0.04148370475712803	-0.15377732400940272	0.19725689736696658	-0.15195297647222136	-0.037985727725309865	-0.09319364782120111	-0.1821010506297642	0.1883453350149527	-0.10907843989303453	-0.01969597395508607	0.13951565437063826	-0.1960320832720255	-0.16366028057017135	-0.057139037311833715	-0.07522109805899717	0.17357419847520272	-0.19389557379665706	-0.12803216846252674	0.006645738233676778	0.11692137299603371	-0.1926132866650768	0.19261328676378478	-0.11692137298115461	-0.006645738368346269	0.12803216818703042	0.1938955738913238	-0.1735741986810453	0.07522109782742047	0.05713903763159395	0.16366028018155726	0.19603208331912486	-0.13951565464802926	-0.01969597414935509	0.10907843996188524	-0.18834533518752614	-0.1821010500670864	0.0931936480223369	-0.03798572787385968	0.15195297691122475	0.19725689764283577	0.15377732292898325	0.04148370592077236	0.08919958043122973	0.1805829003222262	0.19334607738604523	0.12289050049586235
-0.13247041595692644	-0.19775631235524202	-0.16206321831389062	-0.04287931662400485	-0.09856521136506537	-0.1882915147728118	0.17864527372664898	-0.07429546854059106	0.069553632998203	-0.17631094225320917	-0.1889584846529084	0.1006869668706292	0.04137441843757615	-0.16135480019571585	0.19520747535626048	-0.12489815498467347	0.012028055312169024	0.14254482081290498	-0.19714758078825834	0.14693436606532267	-0.01885074757070433	0.11932495036665006	-0.19622031129726206	0.17497102691482508	-0.06919080485308514	-0.06919080494053091	0.1749710267206492	-0.19622031145635618	0.11932495032066391	-0.01885074754445146	0.14693436620781247	-0.19714758049084963	0.14254482108214642	0.012028055130391088	-0.1248981549776497	0.19520747544623632	0.16135479996273755	0.041374418905972474	0.10068696699662356	0.18895848426425085	-0.17631094291010566	-0.06955363225605209	-0.07429546904442616	-0.17864527379289202	-0.18829151355646634	-0.09856521300226075	-0.04287931579221657	-0.1620632192096903	-0.19775631259502263	-0.1324704148798736
-0.14152825338816583	-0.19907406168160977	-0.13787444136567276	0.0060987931285032835	-0.14622962967143754	-0.19706155628174082	0.12701989545275197	0.02119321563982702	0.15626705947142472	-0.19463862847877425	-0.11246174994752649	-0.039399868710618874	0.1668447692725035	-0.190903940287769	0.09669776092242242	0.05739257930601482	0.1759491609276414	0.18562680462832418	-0.08052357799826224	-0.07431611255684574	0.18350881638740077	0.18071934806654627	-0.06910169801008063	-0.08338759896600122	0.18862092136912817	-0.18862092143752263	0.08338759902637118	0.0691016982081116	-0.1807193478495546	-0.18350881641987957	0.07431611259390442	0.08052357785878372	-0.1856268051515414	-0.17594916054560678	-0.057392579333041926	-0.09669776095978616	-0.19090393974852649	-0.16684476981837496	0.03939986881356628	-0.11246174970510477	0.19463862943116844	0.15626705848107858	-0.021193215058634973	0.12701989544949882	0.19706155505438575	0.14622963150133805	-0.006098793732470635	0.13787444195581278	0.1990740618534704	0.14152825240656197
-0.15003976346365316	-0.19730223821839438	-0.10889308389385495	0.05468737117746158	-0.17991422886264682	-0.17892292179135888	0.051981593002318506	0.11158809398732522	0.19605680986099017	-0.1414391351815855	0.013586373858202189	-0.15894926884781674	0.1913887303756562	-0.08786852816818198	-0.07807289783920311	0.18860648773577018	0.1652924726478737	0.024708839398964223	0.13342381823746982	-0.19714221477718355	0.12167177255701088	-0.03945350793022603	0.1739085118982616	-0.19088653648533266	0.08137780424109534	0.08137780433907826	-0.19088653631966412	0.17390851195730675	-0.039453508018474547	0.12167177249448116	-0.19714221497119833	0.1334238180935983	0.024708839664061965	0.16529247248298967	0.18860648771175725	-0.07807289782588396	0.08786852768160744	0.19138873061995815	-0.15894926916943916	-0.01358637394534534	-0.14143913607936232	-0.19605680896836208	0.11158809344376536	-0.051981593021552475	-0.17892292076276464	-0.17991423062436887	0.05468737152914261	-0.10889308406436009	-0.1973022382980936	-0.15003976267569918
-0.15796003176010498	-0.19244581484860068	-0.07610142097486434	0.09991577691542193	-0.19640225766731562	-0.1363303321795773	-0.03266147160992873	0.17530002232036707	0.17696544760376365	-0.03621043205012409	0.13367969753818462	-0.19583210358359585	0.10015562570130893	0.0762422984224406	-0.19122530486781128	0.15217899113784272	-0.009423479749964775	-0.1634564949829122	0.18599463274314562	-0.059026575977325725	-0.11544409959481088	-0.19818587210782443	0.12455731137110797	0.046549566351785907	-0.1835554385085777	0.18355543831297214	-0.046549566437499836	-0.12455731132481582	0.1981858721544833	0.11544409979993896	0.059026576360666584	-0.1859946325029651	0.16345649497133194	0.009423479613905685	-0.1521789908608317	0.19122530497483484	0.07624229869258671	-0.10015562555270585	0.19583210406171633	0.13367969742067	0.036210432672008665	0.17696544715389248	-0.17530002190802793	-0.03266147148427889	0.1363303314308632	0.19640225898780028	-0.09991577700396427	0.07610142054377228	0.19244581484359763	0.1579600314137493
-0.1652656851951815	-0.18459503274634972	-0.040660661384770196	0.138986137281915	-0.19412158913732452	-0.07512253567440877	-0.11126716852285189	0.19708882658109042	0.10475303274031159	0.08231289721194476	0.19481005142873992	-0.13085412981690545	-0.05163457464416416	0.18736544067238564	-0.15341700186899648	-0.019458812906866838	-0.17474989192704768	-0.17192052268501734	0.013562040685043152	0.1571646852150611	-0.18630917145354292	-0.047986857036597844	-0.1340621186668883	0.19978562533558525	-0.09327987374374948	-0.09327987373699931	0.19978562534198535	-0.13406211872380125	-0.04798685707929319	-0.1863091714380313	0.1571646850711356	0.013562040583764512	-0.17192052289844192	-0.1747498916707746	-0.01945881322208273	-0.15341700204436406	-0.18736544058268145	-0.0516345750579409	-0.13085413018799022	-0.19481005109431973	0.08231289707141305	-0.1047530328646921	0.19708882647113196	0.11126716840889664	-0.07512253528134269	-0.19412158987910857	0.13898613703482893	-0.04066066047681173	-0.18459503264851304	-0.16526568526588448
-0.17192313892645378	-0.17386352255139442	-0.003798936661218844	0.16949186050649878	-0.17327871831022412	-0.0036421098692381625	-0.16934520801127287	0.17174235436556506	0.0010819154742313368	0.17058037344287819	0.17001709418448144	0.00221353823714723	-0.17221066733845647	0.16832160223976453	0.0055224100221205495	-0.17381646067411452	-0.16669644605135495	0.008640446134681498	-0.17531962045428195	0.1653624386681666	0.01112352850776568	0.17706619074778232	-0.1673300536813672	-0.007898172579355522	0.17758695445448605	-0.17758695431813323	0.007898172645278033	0.1673300537362654	-0.17706619068356416	-0.01112352868237081	-0.16536243879195184	0.17531962031314374	-0.008640446085880315	0.16669644598657965	0.1738164609367999	-0.005522409854656435	0.1683216020312658	0.17221066762694473	-0.002213537947938862	0.17001709363999684	-0.1705803736663275	0.0010819159333801157	-0.17174235444600938	-0.1693452081267416	0.003642109757586075	0.17327871856337868	-0.16949186001869207	0.003798935533350572	0.17386352241227784	0.171923139224043
-0.17790972058311008	-0.16042421717723082	0.033193299042878356	0.18955478685116176	-0.13587546913204993	0.06833227986628869	-0.19617191622418523	0.10532900648416482	-0.10290765763321742	0.1961388259276308	0.07024995246648646	0.13412081700834838	-0.18861891828496608	0.03234667753390462	0.16009013376584513	-0.1736988308625326	0.006724641842516826	0.17968295018964933	-0.1520808349175766	-0.04528358798034042	0.1925199605343524	0.12607019944117542	0.08064208514530143	-0.201258602973632	0.1048176699123798	0.10481766989382808	-0.2012586030077258	0.08064208516046997	0.12607019943162606	0.19251996056782272	-0.04528358779744795	-0.152080834708679	0.17968295043246812	0.006724641651261615	-0.17369883089856805	0.1600901337332486	-0.032346677385896944	-0.18861891823701718	0.13412081682410273	-0.07024995195331835	0.19613882639783775	0.10290765713096653	0.1053290066378663	0.19617191662492572	0.06833227970866185	-0.13587546899170624	0.18955478620406302	0.03319330017844871	-0.1604242170373409	-0.17790972094154206
-0.18319916227270064	-0.14448206365036	0.06902897816808409	0.19793781257230014	-0.08548197043996053	0.13097143863398572	-0.1867937926620919	0.013720897329604121	-0.17600338623018577	0.14959248870913247	-0.06050271301076839	0.19625840880924733	-0.09092838216755095	-0.12611158169027803	0.18827521677822703	-0.019205827681817608	0.17348085860792037	0.15319575167441418	0.05517520120559495	-0.1960131047744638	0.09669709386975424	-0.12149425235118105	0.19306400371941088	-0.03107314418799063	-0.17080915421632797	0.17080915415157605	0.031073144141885604	-0.1930640038447091	0.12149425223279088	-0.09669709369102221	0.1960131047154357	-0.05517520130628354	-0.15319575198582186	-0.17348085844017197	0.019205827570583082	-0.1882752169256069	-0.126111581534902	0.09092838180103986	-0.19625840867444533	-0.060502713310314024	-0.14959248911913184	-0.1760033859396056	-0.01372089735471064	-0.18679379338830118	-0.13097143835386785	0.08548197011309346	-0.19793781190316526	-0.0690289790556006	0.1444820635343283	0.18319916250258184
-0.18777267198144135	-0.12628846771575844	0.10245621161037818	0.19412581051833433	-0.026918998610459998	0.1757155813678785	-0.14294561165191771	-0.08116632845795695	-0.19625461185432785	0.048056550752594795	-0.16456953473516495	0.1563031558275646	0.0617579848532612	-0.19695162506601344	0.06782471392903809	0.15234997420908075	0.1681223632324639	-0.04169125917879678	0.19566687203064967	-0.08731647078831428	-0.13835527241180515	-0.17963880640447674	-0.019042810223504156	0.19521214560295272	-0.11592686405579028	-0.11592686405446208	0.19521214559923414	-0.01904281022121781	-0.1796388063352054	-0.1383552725519326	-0.08731647090844522	0.19566687192304744	-0.041691259137017836	0.16812236329802183	0.15234997433917827	0.06782471410657694	0.196951624640888	0.061757985315721436	0.15630315585036847	0.16456953470599037	0.048056550980785984	0.1962546118273429	-0.08116632862035092	0.14294561251185064	0.1757155810622245	-0.026918998134602256	0.19412580985316566	0.10245621215471923	-0.12628846762145243	-0.18777267214417995
-0.1916111851657859	-0.10612553284852395	0.13230912040648546	0.17835153291992561	0.03421850944049447	0.19645239478596324	-0.07271677140594343	-0.15664300302140005	-0.15757912465025004	-0.07114879898236265	-0.19605891404905668	0.035037083085916285	0.17708944053797235	-0.13095761745809684	-0.10617724093445959	0.1885111525364355	-0.004037155740722816	-0.19074975629258917	0.09942073416755547	0.13695466326411157	-0.1741876116539656	0.04229058929507786	-0.19914518931040445	0.06888583761242449	0.16328188577015995	-0.16328188568154348	-0.0688858375393008	0.19914518943316412	-0.04229058925348124	0.17418761160772686	-0.13695466311813034	-0.09942073404598907	0.19074975655634374	0.0040371555173059	-0.1885111525282765	0.10617724086982411	-0.1309576169949538	-0.17708944079928243	-0.03503708324068284	-0.19605891377409115	0.07114879904720507	-0.15757912493367185	0.15664300333790274	-0.07271677222878034	-0.19645239448723847	-0.03421851002665311	-0.17835153231081383	-0.1323091205737597	0.10612553279887633	0.19161118526800508
-0.19470048890465239	-0.0843085743981735	0.15754626744295974	0.15158847740098755	0.09208458338648033	0.19034882497861108	0.010930427556308965	-0.19465806448881065	-0.07159194665301959	-0.16419768856891453	-0.14108283080744996	-0.1044535554805071	0.1853030689043506	0.026016454632321037	-0.19635287374149604	0.05713919864823509	-0.17218870467801597	-0.13011758142305813	-0.11710786681299569	0.17996060174681597	0.04079884832854901	0.19828289681862812	-0.04448488299805454	-0.18185473531421936	0.12655228231528226	0.1265522822921265	-0.18185473528677876	-0.04448488303711334	0.19828289678459715	0.04079884843930918	0.1799606017205472	-0.11710786676492582	-0.1301175816716868	-0.17218870460644936	0.05713919852389423	-0.19635287384482378	-0.02601645478636575	0.18530306872626495	-0.10445355525857943	0.1410828304569154	-0.16419768891602535	0.0715919472685001	-0.19465806486376488	-0.010930426961346787	0.1903488246373133	0.09208458414523922	0.15158847686185087	0.15754626730877394	-0.08430857443324283	-0.19470048896465503
-0.19702788144060765	-0.06117695329416173	0.17728728665694318	0.1154848615425894	0.14114827547568426	0.15823769637742377	0.0925612733942274	-0.18612055608670444	0.03589110249240053	-0.19688448754926718	-0.02388467488650139	-0.18960835144321164	0.08143027571748859	0.16491645778337455	-0.1315110766877345	-0.12501654243697566	-0.16950843029667761	0.07355475641187383	-0.19195017347225782	-0.015218567447194652	0.19704099328638733	0.04513845908728368	0.18495920142210134	-0.10411537249943104	-0.15505116981010097	0.15505116972042407	0.10411537243313976	-0.1849592015360092	-0.04513845908002598	-0.197040993305659	0.015218567348535954	0.19195017329345493	-0.07355475643770452	0.1695084304273889	0.1250165425640556	0.1315110768923957	0.16491645754594725	-0.08143027524908417	0.18960835129074802	-0.023884674614402877	0.19688448805743583	0.035891101756060924	0.18612055641239855	0.09256127312927699	-0.15823769600503818	-0.14114827626678841	-0.11548486110170339	-0.1772872862086419	0.06117695343932918	0.19702788157060053
-0.19858465041113568	-0.03709173356114457	0.19084353928859374	0.07226585029970564	0.176719352774376	0.10450718287082832	0.1571102419141522	-0.1330725945430579	0.13259740366024136	-0.15719333742037003	0.10384639437449283	-0.1761283830510202	-0.07169712857628367	0.18924100888951984	0.037154535526210626	-0.1960660393247701	0.0013447100952059927	0.19636702271954906	-0.03455678508489552	-0.19025325787860137	0.06955348773657935	-0.17837758499004847	0.10348351262197679	0.16167900097011373	-0.13664458479960687	-0.13664458478102537	0.16167900092053294	0.10348351263698019	-0.17837758501765294	0.06955348774215821	-0.19025325776850716	-0.034556785031813295	0.19636702295932235	0.0013447100253565613	-0.19606603938173345	0.037154535397220634	-0.18924100847126843	-0.07169712892698313	-0.1761283829864915	-0.1038463944376135	-0.15719333784823802	-0.1325974031173273	-0.13307259481190287	-0.15711024202471416	0.1045071826315692	0.1767193534171054	0.07226584993255789	0.19084353850779912	-0.037091733665569844	-0.19858465072771447
-0.19936450107284243	-0.012428194036540104	0.19774193999487558	0.024593850627729667	0.19539771455862248	0.03649790703010739	0.19266547806540327	-0.048199732867654624	0.18949200270582808	-0.05971500949972447	0.18577912754493373	-0.07102521194358599	-0.1814572353584222	0.08209089078308615	0.17648794714990015	-0.09286587950872836	0.17086524669734654	0.1033126307104467	0.16464715348469083	-0.11348321492840108	-0.15809021113545765	-0.12379203727450294	-0.1519521102985009	0.13543817001367	0.14615840739689456	-0.14615840732247184	-0.1354381700246966	0.15195211048856297	0.12379203711660115	0.1580902109877523	0.11348321502253017	-0.16464715336406377	-0.10331263103846244	-0.17086524695076644	0.09286587928924135	-0.17648794715170038	0.08209089033916862	0.18145723517845125	0.07102521215006635	0.18577912739126198	0.059715009856923226	0.18949200271252856	0.048199732936623746	0.19266547854296065	-0.03649790681551471	-0.19539771478766552	-0.024593850390944312	-0.19774193882017768	0.01242819422526609	0.1993645017483761
-0.1993644726657684	0.01242900524887984	0.19774193369571944	-0.024593417573707525	0.19539778240152292	-0.036497712897433865	0.19266546873361784	0.04819991044233469	0.18949195332086716	0.059715078205740305	0.1857791402215229	0.07102512199532	-0.18145727288556934	-0.08209085794827083	0.17648792759200957	0.09286594450381833	0.1708652291023521	-0.10331261637297186	0.16464716941986945	0.11348320768622547	-0.15809020781738925	0.12379204000097097	-0.1519521106840637	-0.13543817016475668	0.14615840688761117	0.14615840691360346	-0.13543817010880382	-0.15195211074124934	0.1237920402316771	-0.1580902077109687	0.11348320741099871	0.1646471692967561	-0.10331261617504925	0.17086522947007374	0.09286594493825091	0.1764879277449856	0.08209085828835902	-0.18145727227768602	0.07102512154348514	-0.18577913986391276	0.059715077888345985	-0.18949195380970302	0.04819991059623566	-0.19266546948793617	-0.03649771315962132	0.19539778225408716	-0.024593417664854785	0.19774193220761485	0.012429004904061534	-0.19936447365972274
-0.19858456487482956	0.03709253350799791	0.19084352098142832	-0.07226544277782836	0.17671955027714426	-0.10450701649106267	0.15711021474309567	0.13307272808867796	0.1325972711914994	0.15719338239823732	0.10384642634221754	0.17612833736418532	-0.0716972188465694	-0.18924100357787066	0.037154491455780335	0.19606604023082166	0.0013446759042359576	-0.196367030145606	-0.03455675758502143	0.19025325595272144	0.06955349222337318	0.17837758592752626	0.1034835123314969	-0.16167899962875856	-0.1366445857152978	0.1366445857620584	0.1616789995580362	-0.10348351224445256	-0.17837758610003926	-0.06955349228987431	-0.19025325569526447	0.034556757694409676	0.1963670300755012	-0.0013446762448347748	-0.19606604067505026	-0.037154491776950925	-0.18924100387045073	0.07169721801055838	-0.17612833683943216	0.10384642571314744	-0.15719338195032367	0.13259727200142918	-0.13307272831299607	0.15711021582002999	0.10450701690392801	-0.17671954994051747	0.07226544287653389	-0.19084351922770473	-0.03709253306029309	0.19858456601438043
-0.19702773907608606	0.06117772878637379	0.17728725771561768	-0.115484506526155	0.14114858252894263	-0.15823757909650982	0.09256123318116019	0.18612061408589328	0.03589092782399599	0.1968844909924848	-0.02388463676617399	0.18960837715651335	0.0814301903891819	-0.16491647844570068	-0.13151110786318057	0.1250164842478254	-0.16950844788722083	-0.07355477265843526	-0.19195016842564433	0.015218576320586439	0.19704099125324606	-0.04513846268782933	0.18495920271211475	0.10411537267218708	-0.15505116886526185	-0.15505116889958925	0.10411537267429485	0.18495920283503103	-0.04513846277155974	0.1970409910759903	0.015218576288763285	-0.19195016840577112	-0.07355477269007529	-0.1695084479660082	0.12501648447855607	-0.13151110753626288	0.16491647869382914	0.08143019086464677	0.18960837675953254	0.023884637549667798	0.1968844903673673	-0.03589092848857423	0.18612061429336907	-0.09256123443131785	-0.15823757974393893	0.14114858231099162	-0.11548450667396995	0.1772872558691625	0.0611777281588521	-0.1970277401481886
-0.19470029010511883	0.08430931246487135	0.15754622947713626	-0.15158819889707884	0.09208496915308012	-0.1903487706853399	0.010930383585867452	0.19465803470800194	-0.07159211255926265	0.1641976467461645	-0.14108280099066384	0.10445364390971472	0.18530304437994385	-0.0260164800628491	-0.1963528624073831	-0.057139256932818794	-0.17218869207071283	0.1301175803005317	-0.11710788839265959	-0.17996058956733385	0.04079884319420941	-0.19828290199363924	-0.044484881899252184	0.18185473239612596	0.12655228431972004	-0.12655228434492607	-0.18185473220756707	0.04448488166952578	0.19828290230996087	-0.04079884295439291	0.1799605894178598	0.11710788823659103	-0.1301175800893384	0.17218869248907767	0.05713925702217323	0.196352862312451	-0.026016480121457627	-0.1853030442657255	-0.10445364385419754	-0.14108280173961477	-0.16419764607155293	-0.07159211231495113	-0.1946580346546646	0.010930384945731486	0.19034877144536755	-0.09208496935141487	0.1515881993230434	-0.15754622765527523	-0.08430931193932886	0.19470029083399187
-0.19161093223238496	0.1061262247963985	0.13230907225339722	-0.17835134634317182	0.03421893729333737	-0.19645241055552357	-0.07271681000873116	0.15664289205843704	-0.15757923057331955	0.07114873118293716	-0.1960589102171506	-0.03503698405315923	0.17708948646388276	0.1309575997846929	-0.10617719900744114	-0.18851116218774897	-0.0040371257765872415	0.19074976985404665	0.09942071428488065	-0.13695466456438632	-0.1741876102835792	-0.04229058818028489	-0.19914519179194903	-0.068885839066459	0.16328188392207518	0.16328188395926432	-0.06888583912107646	-0.1991451917871869	-0.04229058824315689	-0.1741876102944534	-0.13695466451660165	0.0994207144667306	0.19074976961178158	-0.0040371261188183755	-0.1885111623519678	-0.10617719926241866	-0.13095759996519335	0.17708948590189538	-0.03503698384927555	0.1960589106384808	0.07114873067137044	0.1575792308147774	0.15664289178242935	0.07271680877141	-0.19645241134436417	0.034218937909972234	-0.178351347010371	0.13230907054561786	0.10612622435641024	-0.19161093263179066
-0.1877723674219175	0.12628910569753654	0.10245615206869989	-0.19412572426322763	-0.026918567501209523	-0.1757156667908648	-0.1429456393541915	0.08116616005403529	-0.19625462160207496	-0.04805661288581435	-0.16456956694056057	-0.1563031080839471	0.06175806363050529	0.196951617011511	0.06782474541043919	-0.15234993434910024	0.16812238553130815	0.04169126780493418	0.19566687599740815	0.08731645471045194	-0.1383552665641556	0.1796388141577118	-0.01904281285571142	-0.19521214154297706	-0.11592686722260509	0.11592686721456316	0.19521214149989558	0.019042812952821436	-0.1796388143195856	0.13835526635865966	-0.08731645448431152	-0.19566687616210882	-0.041691267679380015	-0.16812238565956367	0.15234993425801105	-0.06782474487842308	0.19695161732903244	-0.061758063134281095	0.1563031078903331	-0.16456956683551155	0.04805661309304257	-0.1962546220892658	-0.08116615970291148	-0.14294563842805177	0.17571566755994458	0.02691856667566642	0.19412572508568401	-0.10245615046849015	-0.12628910526158393	0.18777236765887187
-0.18319881047428194	0.14448264278349446	0.06902890407728583	-0.19793782883918992	-0.08548157756772505	-0.1309715775640028	-0.186793796863002	-0.013721073534919559	-0.1760033055234808	-0.14959252938231635	-0.06050276348940541	-0.1962584362809399	-0.09092832008908515	0.1261115858928133	0.18827520910582424	0.019205878861782277	0.1734808541595961	-0.15319575817455472	0.05517522240275855	0.1960130959156691	0.09669709485318471	0.12149425389292702	0.19306400558430684	0.031073146108412785	-0.17080915270324523	-0.17080915272090577	0.031073146174879406	0.193064005511265	0.12149425404115338	0.09669709498142434	0.1960130957346811	0.05517522231875277	-0.15319575801040006	0.17348085462019622	0.019205879098890846	0.18827520875653134	-0.12611158609854292	-0.09092832022490135	-0.19625843617539668	0.06050276297472388	-0.1495925292066077	0.17600330612932524	-0.013721073902931966	0.1867937963788946	-0.13097157817087524	-0.08548157660636078	-0.19793782976011748	0.06902890264106107	0.14448264236343838	-0.18319881061221618
-0.17790932493478903	0.160424731096999	0.03319321057191065	-0.1895549041997181	-0.13587515462730268	-0.06833244640648105	-0.19617188540855887	-0.10532913463087129	-0.10290752586252885	-0.19613884569158532	0.07024991996222467	-0.13412089346872302	-0.18861890153614597	-0.03234665676026572	0.16009009736431276	0.1736988513822345	0.006724613207689901	-0.17968296274455686	-0.1520808215635672	0.04528359949369871	0.19251995507907818	-0.12607020779045264	0.08064208903702401	0.2012585982137396	0.10481767404033876	-0.10481767399713021	-0.20125859828017553	-0.0806420889985657	0.1260702078041964	-0.192519954965577	-0.045283599669220416	0.15208082192608588	0.17968296239883405	-0.006724613504066214	-0.17369885142209698	-0.1600900975554083	-0.032346656826544945	0.18861890134052708	0.13412089339780614	0.07024992060874535	0.19613884514394733	-0.10290752651338968	0.10532913497824382	-0.1961718854495824	0.06833244667250835	0.1358751535545587	0.1895549051506648	-0.03319320939321457	-0.1604247307437944	0.17790932500876738
-0.17192270579929392	0.17386397180922183	-0.0037990469976114647	-0.1694920609900431	-0.1732785036650555	0.0036419333832678987	-0.1693451487879342	-0.17174240101119936	0.0010820527488628448	-0.17058037245217	0.17001710197156353	-0.002213616795964996	-0.1722106999778829	-0.16832157492499764	0.005522376908057612	0.17381643420778758	-0.16669647219630893	-0.0086404504657309	-0.17531962991385328	-0.16536242210529992	0.011123525380090038	-0.1770661957656196	-0.16733005478288235	0.007898169822497764	0.17758695306265904	0.17758695305120265	0.007898169774899298	-0.16733005469378848	-0.177066195934167	0.0111235251784761	-0.16536242181921407	-0.17531963011025609	-0.008640450363401764	-0.16669647236754132	0.17381643402143002	0.005522377419974731	0.16832157519153773	-0.1722106995768118	-0.002213616841426718	-0.17001710250775903	-0.17058037177097804	-0.0010820522717348842	-0.17174240123268159	0.16934514929322864	0.00364193347785451	-0.17327850255246152	-0.16949206192186164	-0.003799047883228159	0.17386397153486896	-0.17192270584207572
-0.1652652228769668	0.18459542233344445	-0.0406608055634274	-0.13898638996019097	-0.19412147585615108	0.07512235617249993	-0.11126710570789436	-0.1970887909863749	0.10475314075157377	-0.0823128731016576	0.19481009623408949	0.13085409158512598	-0.05163463424700342	-0.18736542319330607	-0.15341700291956487	0.019458764646035354	-0.17474989121991488	0.1719205320447286	0.01356202068297382	-0.15716468540101977	-0.18630916701914188	0.047986863535179364	-0.13406212371535464	-0.19978562056693713	-0.09327987860103805	0.09327987854448834	0.1997856206905986	0.13406212359862424	-0.04798686344724876	0.1863091670247654	0.15716468541653125	-0.01356202092851595	-0.17192053174747537	0.17474989167245125	-0.019458764447126166	0.15341700256778698	-0.1873654234419815	0.051634633830810774	-0.13085409136533188	0.19481009648162934	0.08231287261829986	0.10475314065579454	0.19708879099990348	-0.1112671065155112	-0.07512235655714894	0.1941214747914379	0.13898639083202272	0.04066080615436043	-0.18459542212939675	0.1652652229285419
-0.15795954740152174	0.19244614883094058	-0.0761016078485901	-0.09991604998260317	-0.19640223932089002	0.13633015760375675	-0.03266143135367096	-0.17529992472829034	0.17696550281291412	0.03621047623812811	0.13367975629830495	0.19583212427481506	0.10015557485512364	-0.07624230266044484	-0.19122527262851458	-0.1521790177155861	-0.009423452950930692	0.16345650799286124	0.185994626258545	0.05902655987216914	-0.11544409404849042	0.19818587930826512	0.12455731051863532	-0.046549563368646914	-0.18355543795732499	-0.18355543793895127	-0.04654956335369435	0.12455731046511268	0.1981858794389295	-0.11544409382115116	0.05902655956150792	0.18599462661294783	0.1634565076975018	-0.009423453234446336	-0.15217901780789247	-0.19122527267592684	0.07624230266878845	0.10015557504802103	0.19583212398210553	-0.13367975614960947	0.036210476287970195	-0.17696550308188444	-0.1752999245815295	0.0326614323309204	0.13633015826159586	-0.19640223840059323	-0.09991605070720085	-0.07610160816936215	0.19244614868125404	-0.15795954746078672
-0.15003926460558611	0.19730252146412414	-0.10889332082370387	-0.05468763048367152	-0.1799142875284835	0.17892275608272704	0.05198158428772315	-0.11158797538820703	0.19605681152304194	0.1414391962618881	0.01358641025354504	0.15894932939100614	0.19138871219668008	0.08786849994999427	-0.07807286213499945	-0.18860647255811872	0.1652925022169155	-0.024708839674356997	0.13342383058825444	0.19714220235034677	0.12167176962830265	0.03945350541835086	0.17390851786209008	0.19088653216396886	0.08137780959897985	-0.08137780954163483	-0.19088653229895358	-0.17390851773698704	-0.0394535055502045	-0.12167176979930869	-0.19714220213156852	-0.13342383058238055	0.02470883954651699	-0.16529250234584583	0.1886064725481335	0.07807286250273718	0.08786850025078895	-0.19138871207254446	-0.15894932918182375	0.013586409736159358	-0.14143919583903886	0.1960568119860465	0.11158797517505448	0.05198158325577831	-0.17892275697206853	0.17991428683384145	0.05468763098378494	0.10889332089955402	-0.19730252136473667	0.15003926466800238
-0.14152774449480582	0.19907429417798406	-0.13787472589889788	-0.006099015532013081	-0.1462297515715457	0.19706141373524316	0.12701983184508728	-0.021193110914222255	0.1562670128746115	0.19463868908382043	-0.11246175564553164	0.03939993500679869	0.16684479221574622	0.1909039047911571	0.09669776939003914	-0.057392538240793815	0.17594916684172782	-0.18562682153780652	-0.08052356479317653	0.07431611716724017	0.18350880616645	-0.1807193532139201	-0.06910169309013565	0.08338759753892723	0.18862092347553533	0.18862092333709285	0.08338759753636228	-0.06910169292426475	-0.1807193533762402	0.18350880613959245	0.07431611718257243	-0.08052356519848904	-0.18562682097699798	0.17594916718060138	-0.05739253829636091	0.09669776894129385	-0.19090390537196175	0.16684479193272111	0.03939993482488182	0.11246175638153987	0.19463868820907876	-0.1562670132924967	-0.021193110823249515	-0.1270198308066535	0.1970614148284832	-0.14622975127562193	-0.0060990157009403745	-0.13787472589801889	0.19907429409114683	-0.1415277444185472
-0.13246990083829235	0.19775649290585093	-0.16206354282465005	0.04287914774524029	-0.09856538081102847	0.18829141063064936	0.17864516389766777	0.07429553232820482	0.0695535538693619	0.17631098154319966	-0.18895853032520957	-0.10068692883856685	0.04137446940223458	0.16135478274052373	0.19520745064585207	0.12489818590936637	0.012028031276141932	-0.14254483559440964	-0.19714758280873895	-0.14693435107334327	-0.01885075051769349	-0.11932494970395988	-0.196220315453963	-0.17497102246909618	-0.06919081041893498	0.06919081037064397	0.17497102261783876	0.19622031525157	0.11932494990877654	0.018850750671643893	0.1469343508992441	0.19714758315059158	0.14254483518357608	-0.012028031445664729	-0.12489818578380381	-0.1952074503929663	0.16135478325640792	-0.04137446919891022	0.10068692897212368	-0.1889585310225932	-0.17631098052438426	0.06955355408414672	-0.07429553225982946	0.17864516297137345	-0.18829141175745315	0.09856538095549837	-0.0428791479121211	0.16206354279503496	-0.19775649283137953	0.13246990062345845
-0.12288998324460915	0.1933462035219051	-0.18058325196513886	0.08919947586798098	-0.041483905387207726	0.15377727207313707	0.19725676225539446	0.1519529860516464	-0.03798581779612511	0.09319364964892769	-0.18210111438904428	-0.18834534239902342	-0.10907838863552169	0.019695989160954178	0.1395156176263049	0.19603207820978222	-0.16366031231120073	0.05713904185693558	-0.07522111270927614	-0.173574192598277	-0.19389556531409788	0.12803217436869324	0.006645732460873808	-0.11692137060632439	-0.19261328841495057	-0.19261328835695068	-0.11692137065263752	0.006645732443950295	0.1280321744103372	-0.19389556528853366	-0.17357419257701903	-0.07522111266554449	0.05713904176550618	-0.16366031251891525	0.19603207800578956	0.13951561769075885	-0.019695989337706495	-0.1090783885922138	-0.18834534251074572	0.18210111483567556	0.093193648824937	0.03798581791024467	0.15195298578516733	-0.1972567615035653	0.15377727310516393	-0.0414839059987786	0.08919947638465463	-0.1805832519743234	0.19334620344640568	-0.12288998286355865
-0.11284369653572847	0.1859503951109442	-0.19284321309022512	0.13006611109147673	0.019592337066413577	0.09825388388982481	0.1795069590890459	0.1933456633947696	-0.1342029742269039	-0.02423583292444351	-0.09494601567195217	-0.17811678671765194	-0.19369784673201515	-0.13579119630074407	-0.02639518172676994	0.09299173620769592	-0.17713763360914878	0.19421818499874485	0.1378528615337553	0.029464411928414595	-0.09004316167448496	0.17629458208694954	0.1989254232985395	0.15278063506794567	0.05682293241601543	-0.05682293238066735	-0.15278063520877863	-0.198925423069069	-0.17629458230537598	0.0900431615344696	-0.029464411799374597	-0.13785286191275173	-0.1942181844927088	0.17713763396124851	-0.09299173611459804	0.026395181408851012	-0.13579119662064743	0.19369784648869506	0.17811678673104847	-0.0949460157048868	0.024235833194331906	-0.13420297463190833	-0.19334566302301642	0.1795069586190796	-0.09825388465432668	-0.01959233608842893	-0.13006611190652298	0.19284321309918723	-0.18595039504572428	0.11284369606463766
-0.10234630353900157	0.17563020724445993	-0.1983272081575484	0.16284654810118918	0.078711566479842	0.0293793510880278	0.12866539862651186	0.18847976480420098	-0.19005674096028952	-0.1326704573613438	0.03403498758524438	-0.07518522709895692	-0.16098251918443646	-0.19665607880855507	-0.17114023876003387	-0.09242114342660576	-0.01498708864568467	0.11769607094557152	0.1838608486055711	0.1931641575057943	0.1432490086042953	-0.05038812891671213	0.056303443354139046	0.14563253814568014	0.19519819745349798	0.19519819745468237	0.1456325382355978	0.05630344323978905	-0.05038812885512717	0.14324900858674008	0.19316415745857285	0.1838608489314406	0.11769607052031907	-0.014987088746868786	-0.09242114324992111	-0.1711402384068224	0.1966560794680267	-0.16098251893059312	-0.075185226957325	-0.03403498799902971	-0.13267045691774318	0.19005674148845475	0.1884797644751959	-0.12866539853626904	0.029379351428881956	0.07871156528650182	0.16284654912940605	-0.19832720810179136	0.17563020720516193	-0.10234630307785042
-0.09148001426141927	0.16263626370445086	-0.19698844302959517	0.18571236892725887	0.13042908965924752	-0.043603362669001014	0.054049574240814566	0.1386020549539037	-0.18901066393616764	-0.1925749300838818	0.14826882918131426	0.06706360560221392	-0.03082251103914546	-0.12101133250248586	-0.18107161262924132	-0.19610164438258781	0.16240679790961307	-0.08838324941265571	0.007598861078742469	0.10181920224773063	0.17127260479115827	-0.19973355694220846	-0.1821377431274291	-0.1254083515985758	-0.04441737864654628	0.04441737862322674	0.12540835171546072	0.18213774291398208	0.1997335571402816	-0.17127260465865046	-0.10181920231630419	-0.0075988609786145885	0.08838324926267094	-0.16240679815607587	0.1961016441045668	0.181071612484537	-0.12101133300208361	0.030822510935726608	-0.06706360578445202	0.14826882986901305	0.1925749291474751	-0.18901066443344727	-0.13860205471939344	0.05404957450348393	0.043603362775365334	-0.1304290883180019	-0.18571237012338623	0.19698844294915788	-0.16263626367698542	0.09148001379818409
-0.08027345067424671	0.14712834356170804	-0.18878123551694745	0.1971017845970672	0.16960210657314242	-0.11052525158775972	-0.03045082808051564	0.05559749791659142	-0.13110741410586707	-0.18141392753204072	0.19667784921455692	0.17387743687243498	0.1174161185193644	0.03824751027985924	-0.048281594871039	-0.12542673328249282	0.17829218856257553	-0.19671473195676475	-0.17725472803787098	-0.12392380058178021	-0.04746040128804896	-0.036878784082011354	-0.11289596765074772	-0.1678542557487558	-0.19570536812990144	-0.1957053681551883	-0.1678542558679767	-0.11289596745328159	-0.03687878421532092	-0.04746040130661787	-0.12392380052344436	-0.17725472846305695	-0.19671473136928413	0.17829218888538562	-0.1254267331778595	-0.04828159501598901	-0.038247510336769264	0.11741611841963769	0.1738774369678169	-0.19667784988838155	-0.18141392652814534	0.13110741444672616	0.05559749779551939	0.03045082755653505	-0.11052525208900106	0.16960210514174895	0.1971017859081832	-0.1887812354622742	0.14712834353081652	-0.0802734501851429
-0.06882359501063351	0.12947193246023547	-0.17421175621729829	0.19664650379539228	0.192924419301041	-0.16273769477363806	-0.10970174241116366	-0.0409864044719147	-0.03371293435720849	-0.10365092819346218	0.15868204944748915	0.19080485193821256	0.19535762610130036	0.171692456519126	0.12324376303313125	0.057000600987054256	0.017524702080584084	-0.08967782228066777	-0.14920801133883194	-0.18778957487912007	-0.20034358424062515	0.1859775222837234	0.14826306995110336	0.09431830904362477	0.03217438465035434	-0.03217438463636232	-0.09431830913065212	-0.14826306977857412	-0.1859775224408985	0.2003435841272658	0.18778957488686768	0.14920801159956262	0.08967782193070921	-0.017524702151265593	-0.05700060084805742	-0.12324376272596187	0.17169245707367442	-0.19535762586245176	-0.19080485193967756	0.15868204985437936	0.10365092750476274	-0.03371293443659881	0.040986404430420474	-0.10970174170334386	0.1627376956113851	-0.19292441788881015	-0.1966465051250287	0.1742117561703913	-0.12947193243251415	0.0688235945421984
-0.05714928012523084	0.10986097087920738	-0.15360083775202688	0.18402414124302094	0.1976101740457936	-0.19233575059557273	-0.16813243397895308	-0.12702701598872956	0.07296804973599882	0.011392421293086655	0.05138932242542034	0.10889946617980799	0.1552020422019785	0.1855345138951185	0.1967994034474132	0.1878742451827913	-0.15972118329760965	0.11529844208629474	0.0592898755305501	-0.002331088670174479	-0.06290929597352313	0.11594477011061013	0.15626733119672326	0.18150036485587392	0.19282047950631262	0.19282047953957168	0.1815003649919845	0.15626733095004708	0.11594477028927047	-0.0629092959142071	-0.002331088708333042	0.05928987573508886	0.11529844178956829	-0.1597211835433657	0.18787424494089747	0.19679940319513675	-0.18553451452491598	0.15520204197640408	0.10889946613318398	-0.05138932242908525	0.011392421420412812	-0.07296804994968131	-0.1270270157733405	0.1681324331766816	-0.19233575166119823	0.19761017276097215	0.1840241424883737	-0.15360083769059418	0.10986097086245125	-0.05714927972588028
-0.045418551163200274	0.08887766202493173	-0.12815421687096204	0.1607758219400601	0.18430898250689062	-0.19673399772214217	-0.1967555108447419	-0.1839917834305407	0.1590392963925583	0.12342855966038539	-0.0794927953040149	-0.030173146470077142	0.02121534129980471	0.07123399394215706	0.11656689368310834	0.1542470798044279	-0.18185131997624895	0.19765839930907428	0.20077268042543564	0.19122025268866213	0.170023745955263	-0.1392397571351198	-0.10186498858576316	-0.06134436466430743	-0.02036609341154573	0.020366093404119493	0.06134436472039656	0.10186498846792073	0.13923975724023632	-0.17002374587537022	-0.1912202526611136	-0.20077268086284872	-0.19765839869946983	0.1818513202922596	-0.15424707964964152	-0.11656689363661471	0.07123399420867971	-0.021215341234538564	0.030173146540392014	-0.07949279570020583	-0.12342855916456853	0.15903929683632362	0.18399178310255068	-0.19675551005739794	0.19673399885333678	-0.18430898140806534	-0.16077582303154941	0.12815421681123199	-0.0888776620144733	0.045418550834462876
-0.0339033459027345	0.06726647356360428	-0.09930054365370078	0.12890332209400937	0.15477826903266628	-0.17562192709074967	-0.19029059861090042	-0.19791728381321	0.19798014045300624	0.19033142824797533	-0.175195766652357	-0.1531452842931117	-0.12505862787771949	-0.09207019407698917	-0.055515147169267746	-0.016875166637536732	-0.022271013444402646	0.06029015640202394	0.09553256248104022	0.12637833393498432	0.15132642964405504	-0.16920150390647973	-0.17959952950631017	-0.18360081067348707	-0.18409925408670383	-0.18409925412229375	-0.18360081081479515	-0.17959952923822842	-0.16920150410541498	0.1513264295577086	0.12637833393515466	0.09553256264218243	0.06029015618626741	-0.02227101350456588	-0.016875166588500853	-0.05551514700364862	0.09207019435178836	-0.12505862774052148	-0.15314528436689823	0.17519576729477968	0.19033142732290362	-0.19798014099182876	-0.19791728346446424	0.19029059793887904	-0.1756219281148281	0.15477826815783532	0.12890332297755908	-0.0993005436134655	0.0672664735540448	-0.033903345638993394
-0.022687233295323128	0.0454825566984389	-0.0683250050383489	0.09092507490602983	0.11281394279243351	-0.13343294417763824	-0.1522128929913072	-0.168629073926868	0.18223470283336582	0.19267887920387772	-0.19971383233959544	-0.2031947054247522	-0.20307438517686777	-0.19939543990488862	-0.19228077046746891	-0.18192449069129477	0.1685847843896043	-0.15258090286099735	-0.13429709741601045	-0.11419644132144977	-0.09284535697386057	0.07093996024626456	0.0492936836025802	0.028674107401130466	0.00935272001562264	-0.009352720012619838	-0.028674107427402937	-0.04929368354537486	-0.07093996029626726	0.09284535693554855	0.11419644129506343	0.1342970977288592	0.15258090241821212	-0.16858478466370638	0.18192449046442363	0.1922807701962946	-0.19939544055539096	0.20307438491868862	0.20319470547664964	-0.19971383300002388	-0.1926788782043971	0.18223470332276895	0.168629073630938	-0.1522128924984546	0.1334329449632407	-0.11281394217905301	-0.09092507553344661	0.06832500501378064	-0.0454825566910538	0.022687233109256362
-0.01174952395372259	0.023702627562438745	-0.03597907154545738	0.04858348305634621	0.06142556349381549	-0.07435869902841448	-0.08721324788497559	-0.09981846121350199	0.1120149106028525	0.12366051361369008	-0.13463236963529054	-0.1448256300868496	-0.1541501207198752	-0.16252508776898916	-0.16987203479598864	-0.17610538141098692	0.1811207396082039	-0.18478127243092532	-0.1869050710758918	-0.18726302159957606	-0.18561197358449044	0.18181922834934916	0.1761746037664774	0.16992788799270592	0.16557299027860428	0.16557299031373182	0.16992788812548945	0.17617460350817168	0.1818192285416037	-0.18561197349435582	-0.18726302157167207	-0.18690507147240037	-0.18478127187665994	0.18112073991571165	-0.17610538120008146	-0.16987203459172937	0.16252508831246204	-0.15415012051684687	-0.14482563010936822	0.1346323700608123	0.12366051295745915	-0.1120149109027312	-0.09981846103624985	0.0872132476146497	-0.07435869947051585	0.06142556316939024	0.048583483391449876	-0.03597907153105648	0.02370262755904891	-0.01174952385693476
