-0.011749615645237247	-0.023702668519027213	-0.03597902252056688	-0.048583428893978674	-0.061425561529713346	-0.07435873100554881	0.08721328052246581	0.09981846973976	0.1120148885735783	-0.12366048404018652	0.13463235943398813	0.14482563967162346	-0.15415013874934866	0.16252510423792596	-0.16987203554346494	0.17610536569493312	0.18112072631071072	0.18478127691313254	-0.18690508307419618	0.18726302339257456	-0.1856119632188904	-0.1818192197472814	-0.1761746163301049	0.16992790417984255	0.16557297344877103	-0.16557297351850456	0.16992790408492228	-0.17617461656250338	-0.18181921942755666	0.18561196338482355	-0.18726302358549068	0.18690508262321984	-0.18478127745299566	-0.1811207257898118	-0.1761053658218944	0.16987203583606802	-0.16252510374899018	-0.1541501391610141	-0.14482563975854984	-0.13463235897185516	-0.12366048475447858	0.11201488816342402	0.09981846971537367	-0.08721328057232673	-0.07435873045655798	-0.06142556196755094	0.048583428594846344	0.03597902291936178	0.02370266873936733	0.01174961557255007
-0.022687407087843534	-0.045482631159269135	-0.0683249101168269	-0.09092497569840227	-0.11281394395106303	-0.13343300510093803	0.1522129487272851	0.1686290821420077	0.18223465983486953	-0.19267883060412608	0.1997138221877479	0.20319472869214997	-0.20307441680366478	0.19939546009864206	-0.19228076330849736	0.18192446497533005	0.16858476913067227	0.15258091199180246	-0.13429711233549949	0.11419644146249815	-0.09284534703449904	-0.07093995873070143	-0.049293692463733094	0.02867410624778006	0.00935271346798916	0.009352713438761737	-0.028674106237004917	0.04929369257875108	0.07093995861213702	-0.09284534711752095	0.11419644153328017	-0.1342971120021986	0.15258091244182942	0.16858476866014346	0.18192446514832575	-0.19228076363996005	0.19939545948129328	0.2030744173133894	0.20319472877914066	0.19971382149121109	0.1926788317315964	-0.1822346591985554	-0.16862908216083822	0.15221294884720662	0.13343300413494702	0.11281394473463101	-0.09092497511016927	-0.06832491082418617	-0.045482631516901996	-0.0226874069023983
-0.03390359619430145	-0.06726657224835644	-0.09930040165929226	-0.1289031890228466	-0.15477828488213596	-0.17562201688154883	0.19029066377084927	0.19791727538888587	0.19798007421899144	-0.19033137511624754	0.17519577412656145	0.15314533028624205	-0.12505866673778432	0.09207019700391667	-0.05551511633206337	0.016875136960351263	-0.022271012327739707	-0.06029013392175404	0.09553254953069136	-0.1263783434083084	0.15132644299333683	0.1692014980081975	0.17959952095802786	-0.1836008173608439	-0.184099253212296	0.18409925329080146	-0.18360081724286262	0.17959952114167835	0.16920149769583842	-0.1513264431398926	0.12637834361995848	-0.09553254931897306	0.06029013409024295	0.02227101224296015	-0.01687513705586269	0.05551511642672499	-0.09207019669058152	-0.12505866700320473	-0.15314533030984245	-0.17519577351963667	-0.19033137625722235	0.1979800735552881	0.19791727549810134	-0.19029066396550867	-0.1756220156442113	-0.15477828590647602	0.1289031881374542	0.09930040261891018	0.06726657269774425	0.0339035958685551
-0.045418873438216184	-0.08887777664297491	-0.1281540278965035	-0.16077566566073914	-0.184309019609525	-0.19673411020050985	0.19675557181775516	0.18399175200952245	0.15903921837985982	-0.12342852075318145	0.07949282583213531	0.03017320258770064	0.02121531475522297	-0.07123401746880971	0.11656693558548678	-0.15424709186642935	-0.18185129713093348	-0.19765837903214917	0.2007726843890074	-0.19122026558774272	0.17002374652440744	0.13923975030473143	0.1018649926289882	-0.06134436526345708	-0.020366087262074426	-0.020366087283331512	0.06134436522686649	-0.10186499275914615	-0.13923974998883995	0.17002374668586187	-0.19122026583620555	0.20077268398977968	-0.19765837963736194	-0.18185129656729856	-0.15424709186782307	0.11656693575008803	-0.07123401727552689	-0.021215314896187765	0.030173202498489867	0.07949282554409222	0.12342852153312095	-0.15903921788474712	-0.183991752233081	0.1967555720828487	0.19673410888735846	0.18430902075631073	-0.16077566445976704	-0.12815402901741577	-0.08887777713885796	-0.04541887296603908
-0.05714966335778073	-0.1098610853682643	-0.15360060086206806	-0.18402397804567083	-0.1976102442340752	-0.19233588082709188	0.16813247596893618	0.12702695490953111	0.07296797135884833	-0.01139241199058883	-0.051389269270306785	-0.10889941642459271	0.1552020435586736	-0.18553455921989376	0.1967994350652269	-0.187874229008409	-0.15972115103789086	-0.11529843795041855	0.059289894356134965	0.0023310809268908203	-0.06290930674670872	-0.11594477224644321	-0.1562673242177539	0.1815003697900925	0.1928204779147187	-0.19282047800264643	0.18150036968402183	-0.15626732436362736	-0.11594477208184703	0.06290930681765339	-0.002331080987070827	-0.05928989433146188	0.1152984383615549	0.15972115052851513	0.18787422907821957	-0.1967994353252578	0.18553455862659657	0.15520204400865273	0.10889941660190758	0.05138926912955424	-0.011392412150192896	0.07296797119838624	0.12702695519694465	-0.16813247620649313	-0.1923358796155451	-0.19761024537987076	0.18402397658141795	0.15360060208571913	0.10986108589145648	0.05714966275421957
-0.0688240286165002	-0.12947203311066718	-0.17421147433996206	-0.19664634978650192	-0.1929245280779168	-0.16273783227717323	0.10970175364325771	0.040986317239836936	-0.03371299671913244	0.10365090070638003	-0.15868198690609617	-0.19080482909015833	0.1953576595089749	-0.17169250099899463	0.12324376181164214	-0.0570005654375925	0.017524716909018107	0.08967780462856043	-0.14920799708580001	0.18778958234062829	-0.200343591938576	-0.18597751568924842	-0.1482630712533491	0.09431831174376337	0.03217437928405324	0.03217437930105612	-0.09431831168345997	0.14826307145154716	0.1859775153120589	-0.20034359213449837	0.18778958260778172	-0.14920799670023624	0.08967780483572516	0.017524716872876173	-0.05700056549553678	0.12324376190030403	-0.17169250038963327	-0.1953576600068903	-0.19080482928546985	-0.15868198642729078	-0.10365090122650766	0.033712996492765906	-0.04098631754080697	0.10970175376955525	0.16273783129466088	0.1929245290703696	-0.19664634816549187	-0.17421147564335102	-0.12947203362824639	-0.06882402786176176
-0.08027392098631712	-0.1471284150398018	-0.18878091492030824	-0.19710165856397455	-0.16960225642110704	-0.11052538192894851	0.030450798872460872	-0.05559760193117649	-0.13110744598058172	0.18141386750085034	-0.19667779652802264	-0.1738774513680562	0.11741617021416789	-0.038247529522161886	-0.04828162838520166	0.12542676187546417	0.1782921737065281	0.19671470874386285	-0.17725473203256825	0.12392381406318005	-0.04746039692848511	0.03687878968852773	0.11289596134797412	-0.1678542598546169	-0.1957053670086882	0.1957053671082186	-0.16785425977170368	0.11289596140771957	0.03687878969040496	0.04746039695170261	-0.12392381415066966	0.17725473175693396	-0.19671470936279342	-0.17829217312180642	-0.1254267618818991	0.048281628598041484	0.038247529318112705	0.11741617049827148	0.17387745147696337	0.1966777959201312	0.18141386856372613	-0.13110744547411188	-0.055597601669927645	-0.030450798871585222	-0.11052538127875157	-0.16960225707380305	0.19710165689768464	0.18878091630351138	0.14712841553503964	0.08027392005967215
-0.09148050921830148	-0.16263629419359799	-0.19698809389547128	-0.1857122876554129	-0.1304292753165123	-0.043603467574380377	-0.05404964748534049	-0.1386021586164991	-0.18901065506600556	0.19257485348937767	-0.14826880671420464	-0.06706365353397829	-0.030822467327932555	0.12101135120140413	-0.18107165442130646	0.19610164120460158	0.1624067660013055	0.08838324488205834	0.007598843136946436	-0.10181920060034427	0.1712726157370448	0.19973355261456924	0.18213774197832258	-0.12540835559270855	-0.0444173737773274	-0.04441737380392246	0.12540835550516474	-0.18213774220698067	-0.1997335522542049	0.1712726159063227	-0.10181920080003713	0.007598842961963538	0.08838324523717336	0.16240676544614954	0.19610164126858598	-0.18107165474562376	0.12101135085676194	0.03082246741503397	-0.06706365353210586	-0.14826880628449252	-0.19257485472304348	0.1890106544345879	0.13860215849001775	-0.05404964764076753	0.0436034673481682	0.13042927554216074	-0.18571228603442455	-0.1969880953019515	-0.16263629465488808	-0.09148050814877956
-0.10234681400459233	-0.1756301893049847	-0.19832684297664094	-0.16284652306707123	-0.07871177494954866	0.029379288543095294	-0.12866550969010535	-0.18847984789686736	-0.19005669225252103	0.13267038817692778	-0.03403500481550502	0.07518516645022642	-0.1609825059427792	0.1966561226932005	-0.17114025819278642	0.09242111134123275	-0.014987108550381559	-0.11769605329636271	0.18386083739295336	-0.19316416912358592	0.1432490115376809	0.05038812210946783	-0.05630343797639029	0.14563254173189838	0.19519819608635441	-0.19519819617748188	0.14563254166730952	-0.056303437948721516	0.05038812193640462	-0.14324901164054024	0.19316416933496444	-0.18386083703241463	0.11769605358330425	0.014987108468223353	-0.09242111136566848	0.17114025824596213	-0.19665612205856478	-0.16098250642907344	-0.07518516650865656	0.0340350048687428	0.1326703891244177	-0.19005669161682717	-0.18847984798326722	0.12866551003301627	0.029379288278226636	-0.07871177476680281	0.16284652155588594	0.19832684428257433	0.17563018974035294	0.10234681289982896
-0.11284421343632975	-0.18595032336745684	-0.19284284707619126	-0.13006615108527605	-0.019592551299885342	0.09825387713160963	-0.17950709365272116	-0.19334570591035719	-0.13420289472051286	0.024235793106343242	0.09494596388375033	0.1781167409529956	-0.19369787237903027	0.13579123874248009	-0.026395165470485708	-0.09299177019608182	-0.17713762300221444	-0.19421816309203147	0.13785286857156537	-0.029464421487912413	-0.09004317004407121	-0.17629458123914638	-0.1989254217690647	0.15278063923760585	0.056822926635934044	0.05682292668693758	-0.15278063910171927	0.198925421980059	0.17629458099168352	-0.09004317014312015	-0.029464421449486806	0.1378528684949783	-0.1942181637247266	-0.1771376223906808	-0.09299177023803674	-0.026395165174000194	0.13579123819144254	0.1936978729251138	0.1781167410519376	0.09494596338334638	-0.024235793482216213	0.1342028943326135	0.19334570621423988	-0.17950709407779272	-0.09825387640219695	0.019592550691243164	-0.130066149737902	-0.19284284821668865	-0.18595032378095522	-0.11284421235354737
-0.12289050170065792	-0.19334607699256345	-0.18058289923073487	-0.08919958155153812	0.04148370477166335	0.15377732398652486	-0.19725689739149274	-0.15195297649877962	-0.03798572770480946	-0.0931936478128268	0.1821010506305913	0.18834533500730444	-0.10907843987918577	-0.019695973944470226	0.13951565437026628	-0.1960320832830523	-0.16366028057077528	-0.05713903730573773	-0.07522109805438212	0.17357419847157946	-0.1938955738016353	-0.12803216846061463	-0.00664573823174423	-0.1169213729921734	-0.1926132866663538	0.19261328676422693	-0.11692137297882302	-0.0066457383659490575	-0.1280321681896283	0.19389557389370776	-0.17357419868002558	0.07522109782892791	0.057139037628130794	0.16366028017308457	0.196032083318011	-0.13951565465599708	0.019695974136385137	-0.10907843998260701	-0.1883453351817149	-0.18210105006111868	-0.09319364803773188	-0.03798572785457445	-0.15195297690104834	0.1972568976504928	0.1537773229425102	0.04148370589395293	0.08919958046731655	0.18058290027946983	0.19334607735901715	0.12289050056475948
-0.1324704161266245	-0.19775631226280377	-0.16206321825933212	-0.04287931665231033	0.09856521137743532	0.18829151475232273	-0.17864527376426567	-0.07429546855329625	0.0695536330164876	-0.17631094224298077	0.18895848465662496	0.10068696685575201	0.04137441844191718	-0.1613548001843278	0.19520747536262031	-0.12489815499051359	0.0120280553165796	0.14254482081236264	-0.19714758078251496	0.14693436606914795	-0.018850747571383383	0.11932495037124516	0.19622031129364453	-0.1749710269149463	-0.06919080485590212	-0.06919080494414913	0.17497102671917095	-0.1962203114555384	-0.11932495032207534	-0.018850747547439248	0.14693436620820255	-0.19714758049096656	0.1425448210820797	0.012028055135325278	-0.12489815496914648	0.19520747545281608	-0.16135479996258265	-0.04137441888206612	0.10068696700475736	0.18895848425717138	0.17631094292066118	-0.06955363227909486	0.07429546902437131	-0.17864527378969236	-0.18829151356899854	-0.09856521298038803	-0.042879315837185995	-0.16206321917750943	-0.19775631256409162	-0.13247041494681266
-0.1415282535469929	-0.19907406157730453	-0.13787444132459958	0.0060987931020697935	0.14622962968082753	0.19706155626788802	-0.12701989549651524	0.021193215644120775	0.156267059483896	-0.19463862847002883	0.11246174995042675	-0.03939986872567234	0.16684476926444408	-0.19090394028199606	0.09669776093029016	0.05739257930935463	0.17594916093266075	0.185626804622828	-0.08052357799789506	-0.07431611255204677	0.1835088163920064	0.18071934806635756	0.06910169800725617	0.08338759896243798	0.18862092137090863	-0.18862092143801248	0.08338759902404583	0.06910169820531144	0.18071934785155155	-0.18350881642003528	0.07431611259268864	0.08052357785810406	-0.18562680514965327	-0.1759491605439077	-0.057392579341907446	-0.09669776095960661	0.19090393975937167	0.16684476980347437	0.03939986879410603	-0.11246174970214082	-0.19463862943516363	0.15626705850264166	0.021193215085180843	0.12701989543498846	0.19706155506302	0.14622963148489385	-0.006098793680532762	0.13787444193597123	0.19907406182037074	0.14152825247177397
-0.15003976361084442	-0.19730223810463948	-0.10889308386757861	0.054687371153050016	0.1799142288682294	0.17892292178586663	-0.051981593043354056	0.1115880940081972	0.19605680986644697	-0.14143913517783582	-0.013586373857886469	-0.1589492688558165	0.19138873035997317	-0.08786852817012514	-0.07807289783681884	0.18860648774512614	0.16529247264906924	0.024708839395662072	0.1334238182315866	-0.19714221477749594	0.12167177256035952	-0.03945350793456467	-0.17390851189576834	0.1908865364845428	0.08137780424379155	0.0813778043419453	-0.19088653631738717	0.17390851195731113	0.039453508018910545	0.12167177249754363	-0.1971422149710177	0.13342381809439116	0.02470883966202082	0.1652924724760677	0.1886064877129782	-0.0780728978322457	-0.08786852769523089	-0.19138873062199677	-0.15894926914907923	-0.013586373942952345	0.14143913607612285	-0.19605680898242567	-0.11158809347016628	-0.05198159299932653	-0.1789229207668379	-0.17991423061420359	0.05468737147306012	-0.1088930840573435	-0.19730223826363488	-0.15003976273878777
-0.15796003189652666	-0.1924458147293261	-0.07610142096435338	0.09991577689340696	0.19640225766836522	0.1363303321815079	0.032661471580446924	0.17530002235336545	0.17696544760216962	-0.03621043205241473	-0.1336796975406508	-0.19583210358154512	0.10015562568817171	0.07624229841437744	-0.19122530487248388	0.15217899114517353	-0.00942347975308358	-0.1634564949802531	0.1859946327378057	-0.059026575981265136	-0.11544409959788288	-0.19818587210965455	-0.12455731136753496	-0.04654956634894529	-0.1835554385103887	0.18355543831371496	-0.04654956643609341	-0.12455731132203829	-0.19818587215616562	0.11544409979778243	0.059026576362591114	-0.18599463250384407	0.16345649497224796	0.009423479619993166	-0.15217899085324488	0.1912253049818285	-0.07624229868533604	0.10015562556952286	0.19583210405102341	0.13367969741461513	-0.036210432662730316	0.17696544715609824	0.17530002192724942	-0.03266147150874429	0.13633033143126128	0.19640225898541144	-0.09991577694803319	0.07610142054854602	0.19244581480813686	0.15796003147429008
-0.16526568532288613	-0.18459503262739935	-0.040660661392892566	0.13898613726006545	0.19412158913189878	0.07512253568116314	0.11126716851036302	0.19708882661758417	0.1047530327312592	0.08231289720754495	-0.19481005143591043	-0.13085412981006478	-0.05163457464436895	0.1873654406622423	-0.1534170018762282	-0.01945881290713679	-0.17474989193004206	-0.1719205226782564	0.013562040684870396	0.15716468521447416	-0.18630917145988315	-0.04798685703460944	0.134062118664761	-0.1997856253336908	-0.09327987374596645	-0.09327987373987641	0.19978562533992117	-0.13406211872525234	0.04798685707855533	-0.186309171438264	0.1571646850680039	0.013562040585538943	-0.1719205228989827	-0.1747498916717068	-0.019458813232339937	-0.15341700204647507	0.18736544058688817	0.051634575038744274	-0.13085413018938083	-0.19481005108469024	-0.0823128970801869	-0.10475303285740412	-0.19708882648041964	0.11126716843110063	-0.07512253527977672	-0.19412158988698414	0.13898613698583712	-0.04066066048896692	-0.18459503260995722	-0.16526568532214833
-0.17192313904564302	-0.17386352243533598	-0.0037989366869218433	0.16949186048520198	0.17327871829856173	0.003642109877844316	0.16934520801873912	0.17174235439877863	0.001081915461804164	0.17058037343882523	-0.17001709419543018	0.002213538240793052	-0.17221066732177695	0.16832160222992823	0.005522410021622309	-0.1738164606836771	-0.16669644605262918	0.00864044613770281	-0.17531962044978028	0.16536243867211897	0.011123528506264994	0.1770661907493262	0.1673300536764976	0.007898172577906358	0.17758695445657827	-0.1775869543190255	0.007898172644388655	0.1673300537344875	0.17706619068596688	-0.011123528680797917	-0.1653624387914848	0.17531962031278814	-0.008640446087147013	0.16669644598026456	0.17381646093870456	-0.005522409856120207	-0.16832160204606075	-0.17221066761942272	-0.0022135379384097035	0.17001709362923165	0.1705803736699652	0.0010819159203599598	0.17174235444432298	-0.1693452081429549	0.003642109754867857	0.17327871858105806	-0.16949185998028066	0.0037989355507731595	0.17386352237057792	0.1719231392754734
-0.17790972069734917	-0.1604242170725042	0.03319329899336509	0.18955478682278334	0.13587546910857687	-0.06833227986221657	0.1961719162501319	0.10532900650437699	-0.1029076576513547	0.19613882593432205	-0.07024995248689835	0.13412081699662454	-0.18861891825382224	0.0323466775256197	0.160090133773354	-0.17369883087024157	0.0067246418492228135	0.17968295019282057	-0.15208083492131433	-0.045283587970318645	0.19251996053329226	0.12607019943486364	-0.08064208514906487	0.20125860297520734	0.10481766991784157	0.10481766989299758	-0.20125860300162474	0.08064208515744554	-0.12607019943783804	0.19251996057412943	-0.045283587802599785	-0.15208083470189057	0.1796829504262032	0.006724641651826574	-0.17369883089525603	0.16009013373780565	0.03234667740349126	0.188618918251116	0.1341208168210458	-0.0702499519354386	-0.19613882638487198	0.1029076571369795	-0.10532900663123279	0.19617191663315248	0.06833227970795887	-0.13587546902482917	0.1895547861878056	0.03319330016679219	-0.16042421698542245	-0.17790972098373387
-0.18319916237565975	-0.14448206354767548	0.06902897810976485	0.1979378125483399	0.08548197041273867	-0.13097143863598634	0.18679379270642216	0.01372089734218301	-0.17600338623977738	0.1495924887174206	0.06050271299141984	0.1962584087855834	-0.09092838213383657	-0.12611158170085612	0.18827521679672238	-0.01920582768915227	0.17348085860969545	0.15319575167058297	0.05517520120068216	-0.19601310477241418	0.09669709387065065	-0.12149425235558574	-0.19306400371664337	0.031073144190241184	-0.17080915421705564	0.17080915415143938	0.03107314414299217	-0.19306400384410907	-0.1214942522349397	-0.09669709369254426	0.1960131047142487	-0.05517520130604056	-0.1531957519848925	-0.17348085844094469	0.019205827559609957	-0.18827521692521346	0.12611158152400412	-0.09092838182690856	-0.19625840867650055	-0.060502713322921925	0.149592489100239	-0.1760033859414344	0.013720897342648296	-0.18679379338778965	-0.1309714383526745	0.08548197015317356	-0.19793781190315984	-0.06902897904458878	0.14448206347789422	0.1831991625381763
-0.1877726720727634	-0.12628846761614176	0.10245621154559675	0.19412581049770167	0.026918998578542738	-0.1757155813805785	0.14294561170972275	-0.08116632845280981	-0.1962546118547523	0.04805655076463263	0.16456953471603997	0.1563031557942593	0.06175798488000557	-0.19695162507959704	0.06782471394807323	0.15234997420784527	0.168122363230912	-0.041691259179572344	0.1956668720235475	-0.08731647078887068	-0.1383552724174379	-0.1796388064071248	0.019042810221843162	-0.19521214559866376	-0.11592686405589246	-0.11592686405848254	0.19521214559871897	-0.019042810224750073	0.1796388063344013	-0.1383552725482115	-0.08731647091277651	0.1956668719266475	-0.04169125914120793	0.16812236329147393	0.1523499743449058	0.06782471410051726	-0.19695162463762808	-0.061757985285010905	0.15630315586651553	0.16456953471796293	-0.04805655095627525	0.19625461182156861	0.08116632863542955	0.14294561249958945	0.17571558105556592	-0.026918998182716713	0.1941258098724022	0.10245621214753108	-0.12628846756030349	-0.18777267217282503
-0.19161118523793708	-0.10612553274029224	0.13230912035201284	0.17835153291395797	-0.034218509470075174	-0.19645239481098248	0.07271677147525354	-0.15664300301248799	-0.1575791246324951	-0.0711487989761838	0.1960589140369315	0.035037083054282804	0.1770894405519764	-0.13095761747484264	-0.10617724092138568	0.1885111525364674	-0.004037155746648463	-0.19074975629033386	0.09942073416575284	0.13695466326374434	-0.1741876116602435	0.04229058929504911	0.19914518930401828	-0.06888583760988008	0.16328188577481514	-0.16328188568549526	-0.06888583753564788	0.19914518942882825	0.04229058925075406	0.17418761161206023	-0.1369546631187876	-0.09942073404509603	0.19074975655616905	0.004037155522847946	-0.18851115252436879	0.10617724087489006	0.13095761700378217	0.17708944078538338	-0.0350370832586332	-0.19605891377860687	-0.07114879906813407	-0.15757912492051465	-0.15664300334888526	-0.07271677221156475	-0.19645239447938548	-0.0342185099766734	-0.17835153234742923	-0.1323091205725088	0.10612553273209119	0.19161118528854126
-0.194700488952289	-0.0843085742729849	0.15754626741150687	0.15158847741771836	-0.0920845834079431	-0.19034882501476977	-0.010930427481169963	-0.19465806446884126	-0.0715919466153636	-0.16419768857537392	0.14108283080745931	-0.10445355549778074	0.18530306890392842	0.026016454618089838	-0.19635287373882004	0.0571391986458552	-0.17218870468463776	-0.1301175814218925	-0.11710786680699466	0.17996060174660494	0.04079884833038158	0.1982828968206654	0.04448488299682029	0.18185473531209825	0.12655228231716403	0.12655228229437746	-0.18185473528557727	-0.04448488303373731	-0.19828289678335728	0.04079884843371656	0.179960601725604	-0.11710786677012272	-0.13011758166577778	-0.17218870460368074	0.05713919851673031	-0.19635287384724287	0.02601645477370129	-0.18530306873550179	-0.10445355524905707	0.14108283045022027	0.1641976889225713	0.07159194725635991	0.1946580648719401	-0.01093042698223971	0.190348824629502	0.09208458410045452	0.15158847690820082	0.1575462673083662	-0.08430857436650822	-0.19470048897995407
-0.19702788146462782	-0.06117695315450708	0.17728728664766596	0.11548486157763714	-0.1411482754911789	-0.15823769642344818	-0.09256127332303557	-0.1861205560589231	0.035891102536972794	-0.19688448756166918	0.023884674892434874	-0.18960835144433888	0.0814302757086417	0.16491645777856803	-0.13151107669689965	-0.12501654243681554	-0.16950843029329793	0.07355475641576607	-0.19195017347097582	-0.015218567442625387	0.19704099328919294	0.04513845908482814	-0.18495920141963995	0.10411537249926729	-0.15505116981180272	0.15505116972168537	0.10411537243161881	-0.18495920153458334	0.045138459081265146	-0.1970409933069875	0.015218567347558018	0.19195017329318906	-0.07355475643768875	0.16950843042576536	0.12501654257480826	0.13151107688447092	-0.16491645753334822	0.08143027527641905	0.18960835129278902	-0.023884674604677778	-0.19688448805541817	0.03589110177164578	-0.18612055640923927	0.0925612731462419	-0.15823769599759063	-0.14114827622537823	-0.11548486116329919	-0.17728728621950304	0.06117695336482861	0.19702788157585363
-0.19858465041303827	-0.037091733410106006	0.19084353929991926	0.07226585034913616	-0.17671935278407358	-0.10450718292068846	-0.15711024185842815	-0.13307259451466796	0.13259740369767634	-0.15719333743234634	-0.10384639436690378	-0.17612838303802114	-0.07169712858737501	0.18924100889686818	0.03715453551188637	-0.19606603932056216	0.0013447101067505486	0.19636702272409365	-0.0345567850914376	-0.19025325787377872	0.06955348773517937	-0.17837758499367087	-0.10348351262055892	-0.1616790009681887	-0.1366445848014968	-0.13664458478274163	0.16167900091933846	0.10348351263407396	0.17837758501664927	0.06955348774708646	-0.1902532577716648	-0.034556785027727556	0.19636702295436964	0.001344710024544545	-0.196066039387356	0.037154535409877024	0.18924100846514122	0.07169712889694685	-0.17612838299963468	-0.10384639444645426	0.15719333784001963	-0.13259740313350118	0.13307259479653055	-0.15711024203313906	0.10450718262625955	0.17671935338163255	0.0722658500068804	0.19084353853199132	-0.037091733582193136	-0.19858465072191314
-0.1993645010539268	-0.012428193876342346	0.19774194002619155	0.024593850689955753	-0.19539771455952837	-0.03649790707347746	-0.1926654780360384	-0.0481997328468856	0.1894920027266925	-0.05971500950928395	-0.18577912753480352	-0.07102521191974843	-0.1814572353693124	0.08209089079914163	0.17648794714092378	-0.0928658795055126	0.17086524670287515	0.10331263070753006	0.16464715348222098	-0.11348321493284264	-0.1580902111354756	-0.12379203727079835	0.15195211029957548	-0.13543817001576233	0.14615840739570757	-0.14615840732100543	-0.13543817002558	0.15195211049024626	-0.12379203711576639	0.15809021098587453	0.11348321502460562	-0.16464715336425392	-0.10331263103832715	-0.17086524695400543	0.09286587927939166	-0.17648794715344357	-0.08209089034725846	-0.18145723516496629	0.07102521216819505	0.18577912740011077	-0.05971500983941766	0.18949200271729025	-0.048199732919521635	0.19266547854517752	-0.03649790681373981	-0.1953977147656111	-0.02459385046494081	-0.1977419388473924	0.012428194142351431	0.19936450173660908
-0.19936447262860252	0.0124290054140836	0.19774193374311128	-0.02459341750340824	-0.19539778239394626	0.036497712868104513	-0.1926654687357893	0.04819991044859683	0.18949195331954174	0.05971507820196546	-0.1857791402118144	0.07102512201915617	-0.18145727289226668	-0.08209085793353067	0.1764879275942683	0.09286594450276248	0.17086522909575674	-0.10331261638136952	0.1646471694259536	0.11348320767730292	-0.15809020781469582	0.12379204000680713	0.1519521106840945	0.1354381701620633	0.14615840688875503	0.14615840691521464	-0.13543817010779094	-0.15195211073922313	-0.12379204023139961	-0.15809020771378163	0.11348320741183691	0.16464716929396928	-0.10331261617128858	0.17086522947364108	0.09286594495440689	0.17648792773435643	-0.08209085827086927	0.18145727228865846	0.0710251215312366	-0.18577913986874423	-0.05971507790867974	-0.18949195380126715	-0.04819991060962613	-0.19266546948500587	-0.03649771315808317	0.195397782247068	-0.02459341759703656	0.19774193223488823	0.012429004983727992	-0.1993644736433834
-0.1985845648214947	0.0370925336748079	0.19084352104059277	-0.07226544270523824	-0.17671955026412056	0.10450701647815612	-0.15711021477338863	0.13307272807906337	0.13259727116900655	0.1571933824032493	-0.10384642633919974	0.17612833737382314	-0.07169721884369414	-0.18924100357537482	0.037154491466936515	0.19606604022719215	0.0013446758939891954	-0.1963670301486562	-0.03455675758000355	0.1902532559527566	0.06955349222302108	0.1783775859249218	-0.10348351233416853	0.16167899963173468	-0.1366445857125146	0.13664458575907856	0.16167899956031406	-0.10348351224795652	0.1783775860980618	-0.06955349228636885	-0.1902532556972343	0.03455675769499327	0.1963670300747202	-0.0013446762418363003	-0.19606604067973668	-0.03715449176631673	0.18924100385784318	-0.07169721803701513	-0.17612833684018828	0.1038464257093573	0.15719338196200316	0.13259727198756718	0.13307272832358294	0.15711021581085252	0.10450701689963607	-0.17671954994536965	0.07226544281400919	-0.19084351925934323	-0.03709253314038059	0.1985845659912366
-0.1970277390074399	0.06117772895367076	0.1772872577845237	-0.11548450645468966	-0.14114858251240325	0.15823757910024783	-0.09256123323077395	0.1861206140643917	0.03589092778899409	0.1968844910041925	0.02388463676047312	0.18960837714672138	0.0814301904011935	-0.16491647845748	-0.131511107851532	0.1250164842448611	-0.16950844789030892	-0.07355477265246115	-0.19195016842879148	0.015218576329753477	0.19704099124940577	-0.045138462694970335	-0.1849592027138169	-0.10411537266877016	-0.1550511688655623	-0.15505116890104095	0.10411537267323934	0.18495920283431141	0.045138462772236404	0.1970409910762843	0.015218576289739548	-0.1919501684041829	-0.07355477269249526	-0.1695084479721858	0.1250164844684536	-0.1315111075380878	-0.1649164786948143	-0.08143019084000071	0.18960837677152884	0.02388463755989962	-0.1968844903666386	-0.035890928474394526	-0.18612061429969792	-0.09256123441744732	-0.15823757973722052	0.14114858232614627	-0.1154845066194821	0.17728725590472907	0.0611777282390764	-0.19702774011828889
-0.1947002900223731	0.08430931263132468	0.15754622955326392	-0.15158819882935276	-0.09208496913419223	0.190348770705067	-0.010930383644624777	0.1946580346803946	-0.07159211259523489	0.16419764675896634	0.14108280097981196	0.10445364388789559	0.18530304439340473	-0.02601648007950328	-0.19635286240383223	-0.057139256932937074	-0.1721886920647713	0.13011758030789128	-0.1171078883989183	-0.17996058956222682	0.04079884319319887	-0.19828290199344628	0.0444848819020806	-0.18185473239899874	0.12655228431632629	-0.12655228434125118	-0.1818547322104613	0.044484881673575574	-0.19828290230775392	-0.040798842957927746	0.1799605894187723	0.11710788823586696	-0.13011758008791402	0.17218869249061267	0.05713925703541518	0.19635286230621757	0.026016480133447904	0.18530304425677782	-0.1044536438698271	-0.14108280175019522	0.1641976460619158	-0.07159211232752465	0.19465803465352052	0.010930384931088286	0.19034877143703866	-0.09208496937642562	0.15158819928182077	-0.15754622769022855	-0.08430931201603789	0.19470029079946105
-0.1916109321378359	0.10612622495949266	0.1323090723323721	-0.1783513462827829	-0.03421893727435085	0.19645241058837812	0.07271680995110816	0.15664289203097098	-0.15757923060051157	0.07114873119201111	0.19605891020628236	-0.03503698407400727	0.17708948647048392	0.1309575997756324	-0.10617719901439789	-0.18851116218481112	-0.004037125768546	0.19074976985475953	0.09942071428379727	-0.13695466457000435	-0.17418761027970828	-0.042290588173445984	0.19914519179507684	0.06888583906248648	0.1632818839217568	0.16328188396030882	-0.06888583911994815	-0.19914519178782916	0.04229058824142423	-0.17418761029259794	-0.13695466451825303	0.09942071446619465	0.19074976961258916	-0.004037126114566013	-0.1885111623566666	-0.1061771992536372	0.13095759995111367	-0.17708948591213286	-0.03503698383828108	0.19605891064509365	-0.07114873065713137	0.15757923082243236	-0.15664289177399687	0.07271680878388441	-0.19645241133576974	0.03421893794227249	-0.17835134698414834	0.13230907057771027	0.10612622442825169	-0.1916109325934844
-0.18777236731758254	0.12628910585495126	0.10245615214624862	-0.19412572421344168	0.026918567517894842	0.1757156668310835	0.1429456393073749	0.08116616003330512	-0.19625462161404206	-0.0480566128833788	0.16456956693369548	-0.1563031080935821	0.06175806362691312	0.19695161701552932	0.06782474539877031	-0.15234993434547345	0.16812238553380005	0.041691267799073436	0.19566687600216298	0.08731645470252176	-0.1383552665612294	0.1796388141599938	0.01904281285367042	0.19521214154526517	-0.11592686721914003	0.11592686721065941	0.19521214150294983	0.019042812949084022	0.17963881431787768	0.13835526636099513	-0.08731645448389161	-0.19566687616156878	-0.041691267680696836	-0.16812238566441703	0.152349934251928	-0.06782474488334708	-0.1969516173215286	0.061758063156187724	0.15630310788926727	-0.16456956683661944	-0.048056613107523974	-0.1962546220890107	0.08116615969075577	-0.14294563843676292	0.17571566755241338	0.026918566640163576	0.19412572507358283	-0.10245615049785763	-0.1262891053292071	0.1877723676167236
-0.1831988103616327	0.14448264293394267	0.06902890415051305	-0.19793782880189803	0.085481577580776	0.13097157760472528	0.18679379683416383	-0.01372107354327059	-0.17600330551808027	-0.14959252938738082	0.06050276348918573	-0.19625843627592018	-0.0909283201002532	0.12611158590558974	0.18827520909838744	0.019205878862601902	0.17348085415492134	-0.15319575818037265	0.05517522240692182	0.19601309591577815	0.09669709485063537	0.12149425388753822	-0.1930640055883213	-0.03107314610428209	-0.17080915270239042	-0.17080915272151076	0.03107314617350767	0.19306400551309466	-0.1214942540387421	0.09669709497831941	0.19601309573603573	0.055175222318587396	-0.153195758010087	0.173480854621281	0.019205879109438048	0.18827520875384038	0.1261115861016684	0.09092832020506289	-0.1962584361844059	0.06050276297024511	0.14959252921632651	0.17600330612176074	0.013721073915349621	0.18679379638259208	-0.13097157816524632	-0.08548157657124705	-0.19793782976155289	0.06902890266694477	0.14448264242642975	-0.18319881056664294
-0.177909324815409	0.16042473123959836	0.033193210638107803	-0.189554904175601	0.13587515463600217	0.0683324464415306	0.19617188540084107	-0.1053291346246293	-0.10290752584258878	-0.19613884570234802	-0.07024991995552392	-0.13412089345287714	-0.18861890154848282	-0.032346656748287045	0.1600900973662771	0.17369885137940005	0.006724613200794146	-0.17968296274446388	-0.152080821564838	0.0452835995008295	0.19251995507488232	-0.12607020779457423	-0.08064208903631326	-0.20125859821529196	0.10481767403698103	-0.10481767399334234	-0.20125859828313358	-0.08064208899563896	-0.12607020780340517	-0.1925199549660769	-0.04528359967067001	0.15208082192586572	0.1796829623993309	-0.006724613500933047	-0.17369885142836786	-0.16009009754741338	0.032346656815207854	-0.188618901334116	0.13412089341161249	0.0702499206170847	-0.19613884514543709	-0.10290752650201646	-0.10532913498845255	-0.19617188544774725	0.06833244666951861	0.13587515352243312	0.18955490516487392	-0.03319320941380953	-0.1604247308011366	0.17790932496082232
-0.17192270567509635	0.1738639719429588	-0.003799046941300793	-0.16949206097930547	0.17327850366886427	-0.0036419333587050743	0.16934514880044407	-0.17174240099236932	0.001082052776463139	-0.1705803724643769	-0.17001710196075606	-0.002213616778183581	-0.17221069998452457	-0.1683215749216709	0.005522376917281471	0.1738164342040524	-0.16669647219879907	-0.00864045046028865	-0.175319629918554	-0.16536242210078358	0.011123525380461222	-0.17706619576242566	0.16733005478716495	-0.00789816982651485	0.17758695306133918	0.17758695305131522	0.007898169776513801	-0.1673300546964465	0.17706619593147435	0.011123525181639485	-0.16536242181956973	-0.17531963010973653	-0.008640450363950457	-0.16669647237194782	0.17381643401881194	0.005522377413594635	-0.16832157517947455	0.17221069958609012	-0.00221361685212246	-0.170017102516488	0.17058037176450402	-0.0010820522831190488	0.17174240123870538	0.16934514928674974	0.0036419334775627758	-0.17327850252552846	-0.1694920619466407	-0.0037990478690140815	0.17386397158621636	-0.17192270579252944
-0.1652652227497693	0.18459542245742133	-0.04066080551922586	-0.13898638996250937	0.19412147585505263	-0.07512235616171567	0.11126710573633607	-0.1970887909599595	0.1047531407785026	-0.08231287311030393	-0.19481009622375636	0.13085409159544437	-0.0516346342443945	-0.18736542320008567	-0.15341700291045438	0.01945876464482527	-0.17474989121596912	0.17192053204965746	0.013562020680776889	-0.15716468540432157	-0.1863091670147751	0.04798686354007637	0.13406212371614998	0.19978562056781224	-0.09327987859796105	0.09327987854094753	0.19978562069333594	0.13406212359683958	0.04798686344746717	0.18630916702347017	0.15716468541819203	-0.013562020928816145	-0.1719205317473363	0.17474989167424193	-0.01945876443855354	0.15341700256726482	0.18736542343703896	-0.05163463384878405	-0.13085409136332518	0.1948100964870163	-0.08231287260718034	0.10475314066418485	-0.1970887910006207	-0.11126710650626985	-0.07512235655349109	0.1941214747716269	0.13898639086437115	0.04066080614670656	-0.18459542217494732	0.16526522287788775
-0.15795954727309555	0.19244614894493287	-0.07610160781802261	-0.099916049996571	0.19640223931523024	-0.13633015760751083	0.03266143139193219	-0.1752999247011866	0.17696550283215512	0.036210476236405116	-0.13367975629288945	0.1958321242732338	0.10015557486556392	-0.07624230267150327	-0.19122527262575606	-0.15217901771288497	-0.00942345294527298	0.16345650799267392	0.1859946262616756	0.059026559866271686	-0.11544409404626368	0.1981858793072061	-0.12455731052239574	0.04654956337253897	-0.1835554379557829	-0.18355543793876322	-0.04654956335570953	0.12455731046798925	-0.19818587943621993	-0.1154440938231123	0.05902655956106622	0.18599462661289842	0.16345650769811537	-0.009423453232323898	-0.15217901781445084	-0.19122527266908193	-0.07624230267342065	-0.10015557503290792	0.1958321239893742	-0.1336797561497552	-0.036210476299355344	-0.17696550308535144	0.1752999245774979	0.032661432321309435	0.1363301582547026	-0.19640223838853782	-0.0999160507437376	-0.07610160816870454	0.19244614872129048	-0.15795954740971585
-0.15003926447751437	0.19730252156791783	-0.10889332080723288	-0.05468763050770928	0.17991428751949975	-0.17892275609976732	-0.051981584246995324	-0.11158797536723555	0.1960568115303852	0.14143919626764503	-0.013586410255181794	0.1589493293796488	0.19138871220884032	0.0878684999426728	-0.07807286213997752	-0.18860647255398383	0.1652925022186081	-0.0247088396790513	0.13342383059269813	0.19714220234942018	0.12167176962528516	0.03945350541361013	-0.17390851786421035	-0.1908865321642463	0.08137780959623996	-0.08137780953843164	-0.19088653230137678	-0.17390851773635632	0.03945350554892704	-0.12167176979709575	-0.19714220213296393	-0.13342383058208365	0.02470883954578239	-0.16529250234984463	0.18860647254745033	0.0780728624957036	-0.08786850024011562	0.19138871206856253	-0.15894932919369156	0.013586409731374711	0.14143919584686732	0.19605681198406266	-0.11158797516788199	0.05198158326390052	-0.17892275696292423	0.17991428682972496	0.05468763102173808	0.10889332090596004	-0.1973025213992323	0.15003926461721032
-0.14152774436873528	0.19907429427152	-0.13787472589650557	-0.006099015564182112	0.14622975156057916	-0.19706141376217276	-0.12701983180870827	-0.021193110904767963	0.1562670128695222	0.19463868909476448	0.11246175563761701	0.039399934992741775	0.1668447922227826	0.1909039047923161	0.09669776938161864	-0.05739253823888708	0.17594916683819012	-0.18562682154186205	-0.08052356479287238	0.07431611717183315	0.1835088061625915	-0.18071935321482793	0.06910169309299624	-0.08338759754243262	0.18862092347368117	0.18862092333648314	0.08338759753858513	-0.0691016929270545	0.1807193533740932	0.1835088061401263	0.07431611718389591	-0.08052356519855704	-0.18562682097683414	0.17594916718256584	-0.057392538289779596	0.0966977689427826	0.19090390536237267	-0.16684479194069918	0.03939993483452992	0.1124617563891186	-0.19463868821115815	-0.15626701328632975	0.021193110815081087	-0.12701983081178922	0.19706141481823883	-0.14622975127885526	-0.006099015737498998	-0.1378747259112284	0.19907429412034336	-0.14152774436868118
-0.1324699007157234	0.19775649298912135	-0.16206354283555577	0.04287914770694377	0.09856538079955755	-0.18829141066278934	-0.1786451638708844	0.07429553232381662	0.06955355385459079	0.17631098155502745	0.18895853031436385	-0.10068692884777702	0.04137446940028258	0.16135478274837517	0.19520745064021638	0.12489818590736443	0.012028031271396835	-0.14254483559382233	-0.19714758281282088	-0.1469343510695757	-0.018850750516952827	-0.11932494970015443	0.1962203154570627	0.1749710224689234	-0.06919081041657402	0.06919081036784012	0.17497102261991798	0.19622031525197206	-0.11932494990666806	0.018850750669413018	0.1469343508997834	0.19714758315035188	0.14254483518410635	-0.012028031443801563	-0.12489818579014199	-0.19520745038811582	-0.16135478325381242	0.041374469212681855	0.1006869289698535	-0.18895853102995575	0.17631098052075878	0.0695535540761979	0.07429553226706886	0.1786451629728991	-0.1882914117475964	0.0985653809651664	-0.04287914787931831	0.16206354281427202	-0.19775649285564	0.1324699005750402
-0.12288998312698966	0.19334620359515992	-0.18058325198789524	0.08919947582568688	0.04148390537664285	-0.15377727210514888	-0.19725676224103553	0.15195298603463644	-0.037985817815568104	0.0931936496570182	0.1821011143798581	-0.18834534239935743	-0.1090783886451888	0.019695989169205116	0.1395156176271451	0.19603207820571839	-0.16366031231241748	0.0571390418611466	-0.07522111271252421	-0.17357419259976392	-0.19389556530986485	0.12803217437090428	-0.006645732462471196	0.11692137060938583	-0.1926132884128453	-0.1926132883560109	-0.11692137065510859	0.006645732446194573	-0.12803217440904316	-0.1938955652877746	-0.17357419257863269	-0.0752211126653447	0.057139041764936595	-0.16366031252271596	0.19603207800681144	0.13951561768404686	0.01969598934328341	0.10907838858128772	-0.18834534251661	0.18210111484003688	-0.09319364881771018	0.03798581791736019	-0.151952985789942	-0.19725676150161567	0.15377727309708794	-0.04148390601350974	0.08919947635735266	-0.18058325199859265	0.19334620346611542	-0.1228899828171163
-0.1128436964244015	0.18595039517461062	-0.19284321312289962	0.130066111047299	-0.019592337074883774	-0.09825388391663688	-0.17950695908750827	0.19334566336952336	-0.13420297424546748	-0.02423583292321065	0.09494601566831964	-0.1781167867102749	-0.19369784674389803	-0.13579119629793562	-0.02639518172060547	0.09299173620530554	-0.17713763360615495	0.19421818500208202	0.13785286153535548	0.029464411924236645	-0.09004316167283107	0.17629458208455637	-0.1989254233021495	-0.15278063506743733	0.05682293241399896	-0.05682293237837494	-0.15278063521053584	-0.19892542307018732	0.17629458230269635	0.09004316153590683	-0.029464411798931004	-0.1378528619126714	-0.19421818449272404	0.1771376339633538	-0.09299173611023955	0.0263951814117526	0.13579119661081515	-0.19369784648626792	0.1781167867411708	-0.09494601570470382	-0.02423583320208696	-0.1342029746362108	0.19334566302451667	0.1795069586144716	-0.09825388464915809	-0.01959233607023161	-0.13006611188571643	0.19284321312728944	-0.1859503950612198	0.1128436960206563
-0.10234630343530962	0.17563020729905945	-0.1983272081977539	0.1628465480570417	-0.07871156648543798	-0.029379351105490868	-0.12866539863595497	0.1884797647771411	-0.19005674097355726	-0.13267045736743163	-0.03403498758180286	-0.07518522708900899	-0.16098251919190867	-0.19665607881240285	-0.1711402387532485	-0.09242114342517034	-0.014987088641933807	0.11769607094486251	0.1838608486099159	0.19316415750436838	0.14324900860099063	-0.05038812891936324	-0.05630344335393514	-0.14563253814822893	0.19519819745123432	0.19519819745350814	0.14563253823820824	0.05630344323825296	0.050388128854920014	0.14324900858532613	0.1931641574599323	0.1838608489312787	0.11769607052075783	-0.01498708874532361	-0.09242114325539728	-0.1711402384036881	-0.19665607946017977	0.16098251893652415	-0.0751852269657097	-0.034034988003453615	0.13267045692332946	0.1900567414891204	-0.18847976447350906	-0.12866539853023504	0.029379351427318956	0.07871156526646397	0.16284654911542146	-0.19832720813236057	0.17563020721690162	-0.10234630303682993
-0.09148001416649938	0.16263626375051812	-0.1969884430746928	0.18571236888485063	-0.13042908966170472	0.04360336266342092	-0.05404957425800885	0.13860205493183989	-0.18901066394172863	-0.19257493009489654	-0.14826882917231007	0.06706360560904774	-0.03082251103812864	-0.12101133250935349	-0.18107161262649368	-0.19610164437861036	0.16240679791037746	-0.08838324941634138	0.007598861080311278	0.10181920225025369	0.17127260478759943	-0.19973355694115572	0.18213774313105668	0.12540835159792904	-0.04441737864491729	0.04441737862140596	0.12540835171685397	0.18213774291551588	-0.19973355713753205	-0.17127260465904712	-0.10181920231760476	-0.00759886097865644	0.08838324926234928	-0.16240679815974446	0.19610164410677516	0.18107161247836984	0.12101133300087398	-0.030822510945102004	-0.06706360578247916	0.1482688298758002	-0.1925749291494613	-0.189010664430904	0.138602054715439	0.05404957449745444	0.043603362773117695	-0.13042908829769057	-0.185712370116034	0.19698844298078544	-0.16263626368547038	0.09148001376053386
-0.08027345058912984	0.14712834359980007	-0.1887812355640525	0.19710178455787014	-0.1696021065726938	0.11052525159461744	0.030450828059411315	0.055597497905091824	-0.13110741410365012	-0.18141392754364105	-0.1966778492038184	0.17387743687303994	0.11741611852812975	0.03824751027537511	-0.04828159487370798	-0.12542673327955983	0.17829218856011356	-0.19671473195960468	-0.17725472804093406	-0.12392380057900028	-0.04746040128681294	-0.03687878407951273	0.1128959676519202	0.16785425575083865	-0.1957053681274568	-0.1957053681537855	-0.16785425587073258	-0.1128959674526238	0.03687878421441421	-0.04746040130526349	-0.1239238005239088	-0.17725472846282753	-0.196714731369401	0.1782921888877804	-0.12542673317577344	-0.048281595012214865	0.038247510331015165	-0.11741611841272113	0.17387743697293373	-0.19667784989487794	0.18141392652670493	0.13110741444239843	-0.05559749779064475	0.030450827561304357	-0.11052525208329259	0.1696021051225482	0.1971017859066975	-0.18878123549351633	0.14712834353654908	-0.08027345015124533
-0.06882359493624675	0.12947193249102334	-0.1742117562635988	0.19664650376049944	-0.19292441929820017	0.16273769479147057	0.10970174238970225	-0.04098640447002412	-0.0337129343488898	-0.10365092820115117	-0.1586820494395854	0.19080485193347363	0.1953576261128287	0.17169245651988665	0.12324376302728612	0.05700060098633908	0.017524702077754577	-0.08967782228002179	-0.1492080113426466	-0.18778957487938028	-0.2003435842363026	0.18597752228359232	-0.14826306995424646	-0.09431830904306705	0.03217438464917053	-0.03217438463507198	-0.09431830913169034	-0.14826306978005208	0.18597752243843657	0.20034358412682224	0.1877895748884965	0.1492080115995026	0.08967782193100472	-0.017524702150191158	-0.0570006008520462	-0.12324376272415212	-0.17169245706469838	0.19535762586118605	-0.19080485194856217	0.15868204985827372	-0.10365092750124122	-0.0337129344321618	-0.040986404434985114	-0.10970174170607029	0.1627376956029747	-0.19292441787170683	-0.19664650512816162	0.17421175619989768	-0.12947193243601968	0.0688235945124201
-0.05714928006229357	0.10986097090321978	-0.1536008377947841	0.18402414121343552	-0.19761017404156814	0.19233575062106326	0.16813243395977887	-0.12702701597405697	0.07296804974760224	0.01139242129224994	-0.0513893224236447	0.10889946617356293	0.15520204220984787	0.18553451389969555	0.19679940344249625	0.1878742451791168	-0.15972118329798	0.11529844208943373	0.059289875530756965	-0.0023310886724479205	-0.06290929597228809	0.11594477010866934	-0.15626733119910022	-0.18150036485763354	0.19282047950379783	0.19282047953803258	0.1815003649948192	0.1562673309501525	-0.11594477028732408	-0.06290929591488684	-0.0023310887088809898	0.05928987573484909	0.11529844178948817	-0.1597211835468389	0.18787424494350988	0.196799403189553	0.1855345145182239	-0.1552020419798898	0.10889946614040504	-0.051389322429038334	-0.011392421424306418	-0.07296804995282594	0.1270270157766058	0.16813243317711954	-0.19233575165129324	0.19761017274672923	0.18402414249459423	-0.15360083771699973	0.10986097086410791	-0.05714927970044877
-0.04541855111247192	0.08887766204304072	-0.1281542169079496	0.16077582191616216	-0.1843089825019456	0.1967339977507903	0.1967555108294892	-0.18399178340702793	0.15903929640488493	0.12342855966666785	0.07949279529853007	-0.03017314647360667	0.021215341299546053	0.07123399394612707	0.11656689368192308	0.15424707980113228	-0.18185131997451678	0.19765839931174847	0.20077268042922577	0.1912202526871006	0.17002374595158853	-0.13923975713581274	0.10186498858817594	0.061344364663655074	-0.020366093410604382	0.02036609340307505	0.061344364720765765	0.10186498846916865	-0.13923975723880794	-0.1700237458746507	-0.19122025266211504	-0.2007726808624229	-0.19765839869981963	0.1818513202952889	-0.1542470796495242	-0.11656689363199015	-0.07123399420786967	0.02121534123940218	0.030173146538756395	-0.07949279570374185	0.12342855916738982	0.15903929683774684	-0.18399178310446054	-0.1967555100560682	0.1967339988431487	-0.18430898139677024	-0.1607758230390957	0.12815421683356656	-0.0888776620150475	0.04541855081386536
-0.03390334586440526	0.06726647357648385	-0.09930054368311254	0.12890332207602717	-0.15477826902801062	0.17562192711785915	0.1902905986000684	-0.1979172837868617	0.19798014046378676	0.1903314282588273	0.17519576664186284	-0.15314528429230825	-0.12505862788592942	-0.09207019407681256	-0.055515147166263934	-0.01687516663736376	-0.022271013442978382	0.06029015640186335	0.0955325624834159	0.12637833393546408	0.15132642964091958	-0.1692015039054317	0.17959952950946106	0.18360081067486544	-0.18409925408423264	-0.18409925412072822	-0.1836008108174692	-0.1795995292388692	0.1692015041030096	0.15132642955768258	0.1263783339362036	0.09553256264206439	0.06029015618650474	-0.02227101350439078	-0.016875166590478854	-0.055515147003329185	-0.09207019434656417	0.1250586277374575	-0.15314528437151542	0.17519576730034886	-0.19033142732412017	-0.19798014099165773	0.19791728346514367	0.19029059793659495	-0.17562192810572072	0.15477826814953075	0.12890332298485155	-0.09930054363091556	0.06726647355397626	-0.0339033456233477
-0.022687233269552735	0.045482556706861604	-0.06832500505900549	0.09092507489385315	-0.11281394278863538	0.13343294419892732	0.1522128929846524	-0.16862907390406684	0.18223470284132903	0.19267887921527502	0.19971383232792347	-0.203194705420677	-0.2030743851888076	-0.19939543990855063	-0.19228077046239359	-0.18192449068756	0.16858478438894164	-0.1525809028636404	-0.13429709741832915	-0.11419644132016907	-0.09284535697186044	0.07093996024675711	-0.04929368360378808	-0.028674107400806087	0.00935272001518644	-0.009352720012111224	-0.02867410742752774	-0.04929368354599148	0.07093996029556315	0.09284535693506998	0.11419644129562184	0.13429709772856147	0.15258090241823916	-0.16858478466681887	0.18192449046660053	0.19228077019141127	0.19939544054734698	-0.20307438491834448	0.20319470548457183	-0.19971383300549717	0.19267887820433366	0.18223470332186062	-0.16862907363102436	-0.15221289249619718	0.13343294495623637	-0.11281394217345826	-0.09092507553914181	0.06832500502590916	-0.04548255669088689	0.022687233098761826
-0.011749523940401753	0.023702627566810252	-0.03597907155647997	0.04858348304993985	-0.061425563491539256	0.07435869904045522	0.08721324788181707	-0.09981846119998714	0.11201491060722715	0.12366051362107845	0.13463236962739797	-0.14482563008314142	-0.1541501207286715	-0.16252508777278793	-0.16987203479221114	-0.17610538140724666	0.18112073960670785	-0.18478127243341316	-0.1869050710796328	-0.18726302159883854	-0.18561197358059248	0.18181922834881442	-0.17617460376973731	-0.16992788799384168	0.16557299027637987	0.1655729903122867	0.16992788812787585	0.17617460350900876	-0.18181922853916782	-0.185611973493955	-0.1872630215729756	-0.18690507147210314	-0.18478127187675014	0.18112073991864863	-0.17610538120134975	-0.16987203458704409	-0.16252508830658427	0.15415012051760968	-0.14482563011537972	0.1346323700641696	-0.12366051295702223	-0.11201491090201188	0.09981846103624495	0.08721324761326507	-0.07435869946654075	0.06142556316639662	0.04858348339460854	-0.035979071537506006	0.02370262755900601	-0.011749523851562527
