0.9666708290202536
0.9663575766881533
0.9658300081838068
0.9650780517842014
0.964085195969601
0.9628273302295574
0.9612714134209457
0.959373599803574
0.9570765283259643
0.9543054478916311
0.9509627206564529
0.9469200160683294
0.9420071599332065
0.9359960879828743
0.9285775991740399
0.9193275599451831
0.9076579241419862
0.89274682281154
0.8734425705955984
0.8481431409587253
0.8146765965635063
0.7702732334586408
0.7118695700771205
0.6372659518445967
0.5478855851852587
0.4521144148291878
0.3627340481504904
0.2881304298754175
0.22972676659839952
0.1853234034228637
0.15185685905786894
0.12655742937397285
0.10725317717371585
0.09234207586676779
0.08067244006146645
0.07142240084575502
0.06400391202321865
0.057992840063230244
0.05307998392503821
0.04903727933321067
0.04569455209976803
0.0429234716735265
0.0406264001959441
0.03872858658720757
0.03717266977278677
0.03591480403789438
0.03492194821650169
0.0341699918158256
0.03364242331210144
0.033329170972898434
