0.013100563897982715	0.02615428345053147	0.03911117338478293	0.0519157564918225	-0.06450601368766488	-0.07681373300674141	-0.08876599500698898	-0.10028734368953011	-0.11130218659684366	0.12173708293904978	0.13152273720880014	-0.14059566418272643	-0.14889960854334325	-0.15638689086398425	-0.1630199211291691	-0.16877317197350702	0.17363591234938033	0.17761590632839871	0.18074397816085883	0.18307871793932284	-0.18470962126664994	-0.1857558663681321	0.18635746424682098	-0.18665681522398692	0.18677251882164345	-0.18677251882228224	-0.1866568152248695	0.18635746424678906	0.18575586636734026	0.18470962126638674	0.1830787179399296	-0.18074397816137006	0.1776159063278815	-0.17363591234874418	-0.16877317197371217	0.16301992112992164	0.15638689086423785	0.1488996085427962	0.14059566418223396	0.1315227372090855	-0.1217370829394943	0.11130218659665454	-0.10028734368910318	-0.08876599500694166	0.076813733007162	0.06450601368792935	-0.05191575649151905	-0.03911117338445995	-0.026154283450667212	-0.013100563898367149
0.025178721186187226	0.049977647442003365	0.07401668990083952	0.09691700063036493	-0.1183054604995545	-0.13782219912268656	-0.15513031509919517	-0.16992649213114933	-0.1819512020334004	0.19099748972532904	0.19691774561068648	-0.19962824028301449	-0.19911145784496778	-0.19541640690681722	-0.1886571237494541	-0.17900951549948613	0.1667065134600535	0.1520312115489938	0.1353072954499512	0.11688579195442515	-0.09712734447418943	-0.07638035940022482	0.054957801811489015	-0.03311861607599369	0.011061704546386296	0.011061704546442785	0.033118616076127705	-0.054957801811448284	-0.07638035939992073	-0.09712734447408623	-0.11688579195481692	0.13530729545029122	-0.1520312115484978	0.1667065134594373	0.179009515499724	-0.18865712375031257	-0.19541640690710588	-0.19911145784423656	-0.1996282402823495	-0.19691774561114558	0.19099748972603123	-0.18195120203307122	0.16992649213040814	0.15513031509910563	-0.13782219912343954	-0.11830546050003737	0.09691700062979874	0.07401668990022901	0.04997764744226149	0.025178721186923388
0.036989618921306894	0.0726928949905067	0.10585883680978979	0.13530941347666914	-0.15998018883936918	-0.1789625730439086	-0.19154447356161772	-0.19724535823679593	-0.1958420750735681	0.1873828368234442	0.1721880950322203	-0.15083823885065112	-0.12414898130359181	-0.09313590311201535	-0.058969949170122035	-0.022925787041961954	-0.013675049787033438	-0.04952421369712826	-0.08338729876310949	-0.11416162790046862	0.1409253694209318	0.16296997637004654	-0.17980719108983823	0.19114553634635692	-0.1968411513089038	0.19684115130955349	0.19114553634722828	-0.1798071910898081	-0.1629699763693493	-0.1409253694207158	-0.11416162790083761	0.08338729876337844	-0.049524213697040895	0.013675049786979393	-0.022925787042027725	0.05896994917035937	0.09313590311210836	0.12414898130317019	0.15083823885025668	0.1721880950327094	-0.18738283682414625	0.19584207507317283	-0.19724535823591047	-0.19154447356151286	0.1789625730448982	0.15998018884001936	-0.13530941347587894	-0.10585883680892133	-0.07269289499088784	-0.0369896189223878
0.04884134095745208	0.09467470217756108	0.13466412216087537	0.16631308567009556	-0.18762030938416868	-0.19721359021893364	-0.19444956820686693	-0.1794681123189766	-0.15319355858008582	0.11728019621028325	0.07400493940364393	-0.02611504240922346	0.023357541158540236	0.07130116753400484	0.11473380430587699	0.15100155801487503	-0.17795218896241044	-0.19407072005254064	-0.19856595111952902	-0.19139901633277503	0.17324904858020154	0.14541813754567257	-0.10968913426328739	0.0681634416058178	-0.023114445605113124	-0.023114445605181753	-0.06816344160606809	0.10968913426321165	0.14541813754509106	0.17324904857997714	0.19139901633336098	-0.19856595112002468	0.19407072005197099	-0.177952188961786	-0.15100155801505394	0.11473380430642274	0.07130116753415085	0.023357541158399407	-0.026115042409291828	-0.07400493940392629	0.11728019621069079	-0.153193558579696	0.17946811231813883	0.19444956820675838	-0.1972135902199847	-0.18762030938484706	0.16631308566906874	0.13466412215977164	0.09467470217809089	0.04884134095890259
0.060511598920421426	0.11523171744642575	0.1589059266747369	0.18731213205434805	-0.19767127335344226	-0.1889316432197689	-0.16189182810386443	-0.11914143189099505	-0.06481867643821847	0.004205954547771752	-0.056795696992399274	0.11225765693013083	0.1568172956815284	0.186211149862109	0.1976918692323391	0.19028593515310324	-0.16486607641292175	-0.1240316784612423	-0.07181094001009933	-0.01321911686025817	-0.046273201471897965	-0.10129192116627542	0.14705529936143297	-0.17974990165222787	0.1967581935576954	-0.19675819355822996	-0.17974990165284419	0.14705529936133088	0.10129192116588899	0.046273201471922994	-0.013219116860250946	0.0718109400103134	-0.12403167846096494	0.1648660764124436	0.19028593515333084	-0.19769186923310658	-0.18621114986232112	-0.15681729568096517	-0.11225765692973742	-0.05679569699249161	-0.004205954547778958	0.06481867643803785	-0.1191414318904899	-0.16189182810380928	0.18893164322070902	0.19767127335402557	-0.18731213205314354	-0.15890592667349862	-0.11523171744717878	-0.06051159892228102
0.07196839622221306	0.13407976651939146	0.1778058440549315	0.1971084013343166	-0.18927975285813248	-0.15534129526012935	-0.09993161888703708	-0.03068555532605848	0.042818212517737986	-0.11039519287502782	-0.16268643438161923	0.1924746194813906	0.195692974584219	0.1719811656481847	0.12470997270503907	0.06047499263224391	0.011862696234149475	0.0824448791569282	0.1418039009370916	0.18216153474956118	-0.1984442928458204	-0.18886881845651554	0.1550323305962567	-0.10154342301897246	0.03531605652681379	0.035316056526828156	0.10154342301933472	-0.15503233059625576	-0.18886881845588022	-0.1984442928455757	-0.18216153475001176	0.1418039009373573	-0.08244487915671836	0.011862696234160771	-0.06047499263227312	0.12470997270549086	0.17198116564843213	0.1956929745836471	0.19247461948084246	0.16268643438193855	-0.11039519287536674	0.04281821251772416	0.030685555325877818	0.09993161888697674	-0.15534129526086307	-0.18927975285864962	0.19710840133308052	0.17780584405360347	0.1340797665202788	0.07196839622438493
0.08314516317806284	0.1508884171662445	0.19065592814940166	0.19502681280021542	-0.16313041787215504	-0.10084496965379221	-0.019738457868986214	0.06507063364719186	0.1377410554017176	-0.18469020082500417	-0.19715654882295852	0.17284811357390534	0.11635929786031068	0.03827895626472805	-0.04683305871912276	-0.12320554156597319	0.17681689530989597	0.19798772858805547	0.18311186934513857	0.13520691934208195	-0.06320635761092498	0.01982454885956735	-0.09914746667305294	0.16096811036201716	-0.19472598772228714	0.1947259877224043	0.1609681103617661	-0.09914746667258617	-0.019824548859809436	0.06320635761011076	0.13520691934211077	-0.18311186934594664	0.19798772858824984	-0.17681689530972944	-0.12320554156583252	0.04683305871873721	-0.03827895626515859	-0.11635929785991571	-0.1728481135730953	-0.19715654882312242	0.18469020082567447	-0.13774105540186063	0.06507063364728373	-0.019738457868946242	0.10084496965447295	0.1631304178728176	-0.19502681279912784	-0.19065592814794635	-0.1508884171670628	-0.08314516318037396
0.09401137159521573	0.16542709347029674	0.19705432547092852	0.1812352648741057	-0.12172110342986868	-0.032815786940976636	0.06403719670506909	0.14542526523426205	0.19164695095235118	-0.19150984308837551	-0.14505989607236136	0.06356412050782424	-0.033249354109155395	-0.12200875999496268	-0.18138112240185927	-0.19721967190488116	0.16591861046284775	0.095171804888944	0.0019836319601029048	-0.09153379533702861	0.16349708025345897	0.19738259478222028	-0.18571784834451	0.13153784396450524	-0.04743088692010213	-0.04743088691999961	-0.13153784396470283	0.1857178483443446	0.19738259478178558	0.16349708025376436	0.09153379533749714	0.0019836319604707732	-0.09517180488931602	0.16591861046262565	0.19721967190463216	-0.18138112240168436	-0.12200875999459405	-0.033249354109227205	0.06356412050701978	0.14505989607217268	-0.19150984308908942	0.19164695095265313	-0.14542526523432286	-0.06403719670510483	-0.03281578694155271	-0.12172110343064321	0.1812352648732054	0.19705432546930907	0.165427093470912	0.09401137159755452
0.10452223145620988	0.17746924192632055	0.19677422743551123	0.15655090397083135	-0.06891642151462532	0.03961988211339719	0.13615400952200443	0.19137210406045824	0.18848339690035187	-0.12835557264425357	-0.02926063407410065	-0.0787006600780046	-0.1627827255833155	-0.19756199189153803	-0.17262867400998255	-0.0956614524196312	-0.010020778017919434	-0.1126299408499314	-0.18155806942659966	-0.1965267532650495	0.15346470856310976	0.06541863632057299	0.04160944737182594	-0.13645519461028136	0.19179373051026982	-0.19179373051056822	-0.13645519461037237	0.0416094473716285	-0.06541863632034517	-0.1534647085628657	-0.1965267532656035	0.18155806942699812	-0.11262994084952742	0.010020778017804856	-0.09566145241944848	0.1726286740099342	0.1975619918913218	0.16278272558305082	0.07870066007851803	-0.029260634073551253	0.1283555726447434	-0.18848339690076737	0.1913721040605252	0.13615400952203563	-0.03961988211297969	0.068916421515436	-0.15655090397014546	-0.196774227433774	-0.17746924192674218	-0.10452223145857566
0.11463867128705701	0.1868342488392953	0.1898263283897487	0.12245811725319232	-0.009659803859587476	0.10673468292775169	0.18348878708734967	0.1920476060942633	0.1292008131460029	-0.018310404613072866	0.09938409282001716	-0.1801386863421271	-0.19399686058889165	-0.1359013476780306	-0.027488628933430015	0.09105815472448746	-0.1759939493914037	-0.1961952179238495	-0.14451025719048013	-0.04012709014143576	-0.07876661077339012	-0.16912040503677428	0.19860623780271106	-0.1569822484961941	0.0593706074416096	0.059370607441465745	0.15698224849637027	-0.1986062378025159	-0.16912040503646678	-0.07876661077378633	0.04012709014136548	-0.14451025719106717	0.1961952179237071	-0.17599394939098664	-0.09105815472447722	-0.027488628933382612	-0.13590134767794057	-0.19399686058842422	-0.18013868634220348	-0.09938409282082093	-0.01831040461309805	0.12920081314643392	-0.19204760609440683	-0.1834887870874114	0.1067346829274816	-0.00965980386046044	0.1224581172528041	0.18982632838790692	0.1868342488394057	0.11463867128933024
0.12432206447199573	0.19338005812325706	0.1764451630957342	0.08100506781982553	0.05050164672652541	0.15951408042935436	0.1974245492005072	0.14729031839710646	0.03144860124860222	0.09842389848617436	0.1843895838005536	-0.18813197863416065	-0.10803933236571399	0.02014834949528235	0.13937030570704603	0.19671589195576433	-0.16690813354147654	-0.06334274033809141	0.06811836017450362	0.16964550692899885	-0.19694949819256233	-0.13846338968341187	0.01993537358123833	0.10718074812652996	-0.18810000637105148	0.18810000637130445	0.1071807481264895	0.01993537358148004	0.13846338968318753	0.19694949819259738	0.1696455069295439	-0.06811836017435349	-0.06334274033843165	0.16690813354124742	0.1967158919556096	-0.1393703057070251	-0.02014834949512019	0.10803933236543807	0.18813197863389783	0.18438958380133225	-0.09842389848661537	-0.031448601248968686	0.14729031839737844	0.19742454920068067	-0.1595140804293122	-0.05050164672566727	-0.08100506781980264	-0.17644516309394906	-0.1933800581231677	-0.12432206447422181
0.13353611493606685	0.19700840197210356	0.1570848283342514	0.034683775883711375	0.10593503277767705	0.1908686047802575	0.17542423700329535	0.06768817407466805	-0.07566771696001529	0.17920020682057886	0.18843185648403696	-0.09853565502936039	0.04317132450505643	0.16220381113407165	0.19611778395887394	0.1272507138255488	0.00819986548669697	0.1393817886365681	0.19798339667670964	0.1537749011562789	-0.02996471951516734	0.10931510129689713	-0.19242753440595126	0.17697052024908985	-0.07108158081020301	-0.07108158080997654	-0.17697052024916599	0.19242753440569124	0.10931510129676535	-0.02996471951469674	-0.15377490115646367	0.1979833966771091	-0.13938178863617992	0.008199865486636053	-0.1272507138252799	0.19611778395871032	0.1622038111337555	0.043171324505027184	-0.09853565502884315	-0.1884318564843921	0.17920020682127147	-0.0756677169598294	-0.06768817407493678	-0.17542423700346088	0.1908686047803585	0.10593503277686807	0.03468377588402454	0.15708482833252105	0.19700840197175196	0.13353611493817807
0.14224596442720688	0.19766442115909746	0.132401269252701	-0.01372195704913919	0.151450796604362	0.19658695029893192	0.12149239561719875	-0.027927230949715113	-0.1602539073015284	0.19450742351572695	0.10973566163009184	0.04217419742946767	0.16830717564389916	0.19160347288017693	0.09792014694013135	-0.05549718520868121	0.17515174904138361	0.18835811925620918	0.08729794696286486	-0.0666302018501795	0.18040674083995673	0.18567804049863265	-0.07956683238744017	-0.07417657663982391	0.18367483505621665	-0.18367483505644133	-0.07417657663971634	-0.07956683238763784	-0.18567804049840617	-0.1804067408402356	-0.06663020185052924	-0.08729794696336525	0.1883581192562206	-0.17515174904112124	-0.05549718520879906	-0.09792014693998952	-0.19160347287995647	-0.16830717564361744	-0.04217419742995411	0.10973566162992152	-0.19450742351644426	0.16025390730158415	-0.02792723094951357	0.12149239561735187	-0.19658695029918433	-0.15145079660367516	0.013721957048493768	-0.1324012692511378	-0.1976644211585665	-0.142245964429232
0.15041872179312848	0.19533820093990095	0.10323091350417607	-0.06130302520056714	0.18278792798552412	0.17590124637717938	0.04544610858752855	-0.11693578077614564	-0.19712399640393657	0.13875300734813759	-0.017144452081215438	0.16100700956315356	0.1917887620237907	0.08792865303767268	-0.07764018801769201	-0.18883965716292297	0.16788182190442544	0.02956150580222871	-0.12945493664570137	-0.1984112151364452	0.129562503171432	-0.029117930760123645	0.1677702983924983	-0.19080414280454513	0.08251723464110486	0.08251723464091026	0.1908041428045828	-0.16777029839219254	-0.029117930760078924	0.12956250317114568	0.1984112151368552	-0.1294549366457094	-0.029561505802577586	0.16788182190421164	0.18883965716278397	-0.07764018801768961	0.08792865303769126	0.19178876202343628	0.1610070095633601	0.017144452081811222	0.13875300734861323	-0.19712399640418263	0.1169357807760427	-0.04544610858765378	0.17590124637753948	0.18278792798498852	-0.06130302519961179	0.10323091350285847	0.1953382009392393	0.15041872179507057
0.15802352505148545	0.1900648344929275	0.07056228137466336	-0.10519978998092955	0.19701265066015444	0.13158980806478407	-0.03887243006120756	-0.17828060427080972	-0.17529984237041363	0.03230636741592262	-0.1364966423094231	0.19632029814176452	0.09943357486645274	-0.07681533343071384	-0.19186004572927026	-0.1540712289443927	-0.006378524037749727	-0.16184366780373532	-0.1889196263513351	-0.06628738306595204	-0.10887877865451771	-0.19825445998985952	0.13155739811801462	0.03859220089238887	-0.17853734363019452	0.17853734363042753	0.038592200892330515	0.13155739811802272	0.1982544599895386	0.10887877865483939	-0.06628738306596942	0.18891962635185663	-0.1618436678034406	0.006378524037672461	-0.1540712289442094	0.19186004572919652	0.07681533343054053	-0.09943357486620708	-0.19632029814160534	-0.13649664231019737	-0.03230636741594858	0.17529984237070217	-0.17828060427077203	-0.03887243006109202	-0.13158980806521503	-0.19701265065978527	0.10519978997968883	-0.07056228137368281	-0.19006483449221317	-0.15802352505336642
0.16503166659151083	0.18192389469449724	0.035502454712642774	-0.14277403565935645	0.19279324159405356	0.0696041967297139	-0.11611526997257607	-0.19744928821365937	-0.10127969280476067	-0.08594310398571364	-0.19591448263270012	0.12979586332842719	-0.05297764052019972	-0.18820868933370324	-0.1544989012220623	0.017856105771526305	-0.17429418742079272	-0.17472336102984548	-0.01884623405544252	0.15400469327023208	-0.18967153819668453	-0.056511055595186446	-0.12700173641398843	0.1980014633525454	-0.09363305670014747	-0.09363305669998447	-0.19800146335256127	0.12700173641371024	-0.05651105559510939	-0.18967153819660562	-0.15400469327062444	-0.018846234055826236	0.1747233610299306	-0.1742941874205836	-0.017856105771665045	-0.1544989012219013	-0.1882086893334669	-0.052977640520222795	0.1297958633279329	0.19591448263319705	-0.08594310398598873	-0.10127969280512293	0.1974492882137811	0.11611526997252238	0.06960419673019892	0.19279324159398126	-0.14277403565809008	0.03550245471181591	0.18192389469357872	0.16503166659322185
0.17141668422918663	0.1710382054300005	-0.0007604685727842261	-0.17176754786530987	0.1705247181292559	-0.001730138624544504	-0.1722223739817482	-0.16990705821693153	0.002896757472089492	-0.17279401398124158	-0.1693081917122627	-0.004057904115021369	-0.1733913653303838	-0.1688852308062087	0.004925701171820973	0.17388737853899966	-0.16884115497624533	0.0051296577369628355	0.1741254146064964	0.16945659553010062	0.004166273878618437	0.17384650952444117	-0.17091416322387395	-0.001665495224526943	0.1727077164861375	-0.1727077164862942	-0.00166549522429544	-0.17091416322404843	-0.17384650952448613	-0.004166273879321635	0.1694565955299753	-0.17412541460628253	0.005129657736242314	0.1688411549764034	0.1738873785391143	-0.004925701171894399	0.1688852308062901	0.17339136533055471	0.004057904116031531	-0.1693081917118093	0.1727940139812644	-0.0028967574714312237	-0.1699070582173364	-0.1722223739817112	0.0017301386237909343	-0.17052471812991693	0.1717675478646243	0.0007604685739327149	-0.17103820542854817	-0.17141668423053635
0.17715446880402805	0.15757200140125247	-0.03699762184669308	-0.19043781823373165	0.132291842133545	-0.0728320933642646	-0.1969809087027046	-0.10216962059200037	0.10621069219556924	-0.19651615751718657	-0.06836034071520025	-0.13580670175729825	-0.1890799617759059	-0.0322656922000881	0.16045870652238178	0.17511877772706813	0.004556480898957368	0.1793242814164689	0.15553402331064714	-0.04048412093796528	0.1919716295904125	0.13159787574983942	0.0740368608934419	-0.1983120705010511	0.10438592833626853	0.10438592833589487	0.19831207050083685	-0.07403686089304598	0.1315978757498371	0.191971629590736	0.04048412093841785	0.15553402331087207	-0.17932428141599788	0.00455648089872155	-0.17511877772697027	0.1604587065222489	-0.032265692200433745	-0.18907996177615047	-0.1358067017583584	0.068360340713931	-0.19651615751684845	0.10621069219474404	0.10216962059259253	0.19698090870265783	-0.07283209336327641	0.1322918421349458	-0.1904378182337904	-0.036997621848296545	0.1575720013991506	0.17715446880492
0.1822233556263276	0.14172845203920112	-0.07198100892386636	-0.19766276180910733	0.08167393685752052	-0.13415178051030122	-0.18588423230332202	-0.010261738274917413	0.17790010331406894	-0.14844285759169734	0.06260386261258183	-0.19710815641265086	-0.09056781444769445	0.12676338083199007	0.18921964136399824	0.02045407076626424	0.1734218287597824	0.15571104856258586	-0.05203179433914989	-0.19657729392706436	0.10181604136949488	-0.1170074858872318	0.19385756497410578	-0.035319148826191187	-0.1662085975141905	0.16620859751430736	-0.035319148826481885	0.19385756497431497	0.11700748588746909	-0.10181604136877997	-0.19657729392696027	0.052031794338458254	0.1557110485631477	-0.17342182875992962	0.020454070765975243	-0.18921964136380295	-0.12676338083175986	0.09056781444765774	0.19710815641293725	0.06260386261371938	0.14844285759149745	-0.1779001033135726	-0.010261738275463476	-0.18588423230336637	0.13415178050941765	-0.08167393685922954	0.19766276180957043	0.0719810089255319	-0.14172845203682186	-0.18222335562696274
0.18660420585804152	0.12374659500182705	-0.1045251205633126	-0.1930081582614779	0.023409799120195727	-0.177453195465291	-0.14095220510546522	0.08407378087046948	0.19661927046811178	-0.04613726858078306	0.16607932562219863	-0.15616321723264615	0.06264558939657204	0.19775131952283645	0.06848562690967995	-0.15241947837442493	0.16978621815196532	-0.03966290717857635	-0.19637878481182872	-0.09120486812852875	-0.13576176483611258	-0.18213509782053786	-0.013962020288339682	0.1917251473124047	-0.11473416234443104	-0.1147341623440201	-0.1917251473120816	0.013962020287886113	-0.18213509782066314	-0.1357617648368121	0.09120486812802488	-0.19637878481150578	0.03966290717766742	0.16978621815231323	0.15241947837462622	0.06848562690958207	0.19775131952288033	0.06264558939688902	-0.15616321723201546	-0.16607932562267036	-0.04613726858084237	0.1966192704681053	-0.08407378087012427	0.14095220510559556	-0.17745319546465788	0.02340979912197256	-0.19300815826221882	-0.10452512056491046	0.12374659499929694	0.186604205858468
0.19028047833275832	0.10389772897724028	-0.13352710963158781	-0.17675374961487111	-0.037045940749518835	-0.19692041321614262	-0.07036352458433655	0.158519820311947	0.15679451039184938	0.07302416483958761	0.19663098930244344	-0.034211352066581734	0.17802223468803324	0.13139478006255406	-0.1063561707889166	-0.1896045325160338	-0.002734046006704002	-0.19128576248889007	-0.10212481184249805	0.13547828988666602	-0.17676641791227596	0.03834070901287094	-0.19818427775588177	0.07107535263209065	0.15906518932361455	-0.15906518932373973	0.0710753526323011	-0.1981842777559793	-0.0383407090131088	0.17676641791189165	0.1354782898868221	0.10212481184294256	-0.19128576248867535	0.0027340460065829815	-0.18960453251593284	0.10635617078885136	-0.13139478006274982	-0.1780222346883598	0.03421135206545765	0.19663098930212264	-0.07302416483935456	-0.15679451039223086	0.15851982031184078	-0.07036352458450255	0.19692041321576342	0.03704594074777688	0.17675374961588164	0.13352710963312966	-0.10389772897455588	-0.19028047833293987
0.19323829219582903	0.08248132082411619	-0.15800416371087872	-0.14987642720597436	-0.0940334766617078	-0.18993874122330934	0.01303299087070082	0.1954645522649822	0.07028375493299079	0.16550686366935902	0.14084391800885074	0.1054870512415125	0.18587679730382953	-0.026219544518613812	-0.19717016785159344	-0.05799781516907563	-0.1725347821188098	-0.13190637146454232	0.11621119181186275	0.18196305685753314	0.03817383594817445	0.19869500334174528	-0.04745363180760344	-0.1784697924351004	0.12463764419118452	0.12463764419080532	0.17846979243472852	0.047453631808068435	0.19869500334198667	0.03817383594903185	-0.18196305685716124	0.11621119181120235	0.13190637146521775	-0.17253478211903164	0.05799781516880969	-0.19717016785142724	-0.026219544518404532	0.18587679730398302	0.105487051242516	-0.14084391800794802	0.16550686366904752	0.07028375493362979	-0.19546455226512893	-0.01303299087051889	-0.1899387412232227	-0.09403347666013755	-0.1498764272072063	-0.158004163712346	0.0824813208213249	0.1932382921957728
0.1954664793696334	0.059820487533865034	-0.17712681020237803	-0.11399152015526479	-0.1422176924845598	-0.15744590589667673	0.09405719207088208	0.18616789770779996	-0.03715418124541841	0.19752308964860255	0.023213666486503963	0.190465899411517	0.08146526905135412	-0.16562357511507383	-0.13220782009462761	0.12524033651802546	-0.17071689524493375	0.0729754361125366	0.19335015975988604	-0.013579515590639094	0.19784115406058964	0.04747852947433294	0.1834787935692821	-0.10435947034029537	-0.1513051845677893	0.1513051845679308	-0.10435947034039784	0.18347879356926033	-0.04747852947418623	-0.19784115406067476	-0.013579515591029333	-0.19335015975979786	0.07297543611178223	0.17071689524524553	0.12524033651821326	0.132207820094477	0.16562357511499246	-0.0814652690512476	-0.19046589941190914	0.02321366648541606	-0.19752308964829626	0.03715418124472221	0.18616789770812994	0.09405719207071288	0.15744590589686075	0.1422176924832884	0.11399152015659221	0.1771268102036948	-0.05982048753101668	-0.19546647936931866
0.1969566267002396	0.03625712119930632	-0.1902470253800216	-0.07125571407745361	-0.17708763014618198	-0.10380610397886149	0.1579607473947575	0.1328291822043919	-0.13352935808084668	0.15737599708235422	-0.10460947782796588	0.17664390732138746	-0.07214975011647942	-0.18999685151656823	0.03720669291260629	0.1969856986236719	0.000911380836287244	0.19735997742855485	0.03556795564703328	-0.1910601028658119	0.07104888144050742	-0.17818834156334806	0.10431217708538969	0.15900704264941387	-0.13405798411398845	-0.1340579841136637	-0.15900704264902163	-0.10431217708583682	-0.17818834156365176	0.07104888143977	0.19106010286571473	0.03556795564761125	-0.1973599774285522	0.0009113808361909676	-0.19698569862365164	0.03720669291261177	-0.18999685151668277	-0.07214975011677184	0.17664390732103644	0.10460947782876025	0.1573759970821829	-0.13352935808029717	-0.1328291822048327	-0.1579607473946397	-0.10380610397929911	-0.17708763014531975	-0.07125571407879443	-0.19024702538117189	0.03625712119646315	0.19695662669969807
0.19770310770856508	0.01214673073901745	-0.1969201945042774	-0.024237434164100014	-0.19537880095042454	-0.03622383591800177	0.1931116899881872	0.04806683775794626	-0.19014580238107084	0.0597329721222965	-0.18649962853020172	0.07119099062176094	-0.18218767670179878	-0.08241137077016913	0.17722567064059042	0.09336834889072809	0.17163311552914928	0.10404196697402593	-0.16542944847421343	-0.11441345603674818	-0.15861700005183044	-0.1244406448011329	-0.15115332134014003	0.13401383969169445	0.14295866439174243	-0.1429586643918714	0.1340138396917215	-0.15115332134000228	0.12444064480115391	0.15861700005231016	-0.1144134560363383	0.16542944847369156	0.10404196697474061	-0.1716331155293783	0.09336834889056372	-0.17722567064046013	0.08241137077040905	0.1821876767021264	-0.07119099062090657	-0.18649962853038865	-0.05973297212233997	0.19014580238082643	0.04806683775839896	0.1931116899881588	0.03622383591864012	0.19537880095003887	0.024237434165381877	0.1969201945052651	-0.01214673073623437	-0.1977031077078371
0.1977031038397182	-0.012146921783041813	-0.1969201788078364	0.02423751738466723	-0.19537880376875422	0.0362237491782713	0.19311171233352362	-0.04806676147377189	-0.19014581258293356	-0.05973296733014972	-0.18649962529035302	-0.07119100216333886	-0.18218767182730117	0.08241138510127255	0.17722566139056903	-0.09336836927238183	0.17163310588168906	-0.10404197525207512	-0.1654294498423036	0.11441344552702078	-0.1586170108126283	0.12444063187120008	-0.1511533285632497	-0.13401383581932647	0.14295866532633036	0.14295866532602672	0.1340138358189553	0.15115332856360722	0.12444063187149168	-0.1586170108121804	-0.11441344552719152	-0.16542944984242974	0.10404197525146557	0.17163310588199734	0.09336836927253941	0.17722566139039606	0.0824113851010837	-0.1821876718274759	-0.07119100216424125	0.1864996252898866	-0.059732967329913234	-0.19014581258303753	0.0480667614734256	-0.19311171233358798	0.036223749177528825	-0.19537880376884287	0.024237517383528744	-0.19692017880864157	-0.012146921785724855	0.19770310383881118
0.1969566151082867	-0.036257309361109546	-0.19024697882256886	0.07125579229620117	-0.177087638337349	0.10380602888974198	0.15796081036327708	-0.13282912396641752	-0.1335293856489003	-0.15737599404155583	-0.10460946953080745	-0.17664391287529702	-0.07214973843725454	0.18999685589504714	0.037206672470373243	-0.19698570086004516	0.0009113614903219167	-0.19735997657636759	0.0355679532052025	0.1910601063337357	0.07104886473900773	0.17818834890993063	0.10431216762357666	-0.15900704579844252	-0.13405798312202685	0.1340579831221145	-0.15900704579841696	0.1043121676233225	-0.17818834891011892	-0.07104886473965104	0.19106010633348272	-0.03556795320456071	-0.19735997657653032	-0.0009113614904511411	-0.1969857008600952	-0.03720667247035439	-0.18999685589505413	0.07214973843725128	0.17664391287581574	-0.10460946953000128	0.15737599404122973	0.1335293856493621	-0.13282912396626848	0.15796081036349016	-0.10380602888900237	0.1770876383379337	-0.07125579229528045	0.19024697882324282	0.03625730936365825	-0.19695661510727647
0.19546646009824736	-0.05982066997429279	-0.17712673436208937	0.11399158867183394	-0.14221770528111197	0.15744585254279955	0.09405728420164972	-0.18616787129446785	-0.037154217970311876	-0.1975230894690065	0.023213676196714224	-0.19046589609804285	0.08146528048241354	0.16562356649854423	-0.13220783557710772	-0.12524031861996857	-0.17071690504783302	-0.07297542706800643	0.1933501592089255	0.013579528426418387	0.19784115560385465	-0.04747851337477844	0.183478797856663	0.1043594658766212	-0.15130518544465735	-0.1513051854443455	-0.1043594658763162	-0.1834787978568935	-0.04747851337501577	0.19784115560376622	-0.013579528426058743	0.1933501592085376	0.07297542706866567	-0.17071690504801226	0.12524031861986423	-0.13220783557696358	0.16562356649869975	0.08146528048259506	-0.19046589609792833	-0.0232136761974944	-0.19752308946868752	-0.03715421797095931	0.18616787129451795	-0.09405728420195132	0.15744585254213475	-0.1422177052820785	0.11399158867116528	-0.17712673436259385	-0.059820669976666845	0.1954664600971163
0.193238265317536	-0.0824814947901495	-0.15800406115845766	0.14987648190339856	-0.09403349286459188	0.1899387167694459	0.01303309539518361	-0.1954645639266561	0.07028371998802714	-0.1655068664144751	0.1408439248663063	-0.10548704078180327	0.1858768015849317	0.026219528888887244	-0.19717016613952432	0.05799783726516804	-0.17253477263076789	0.13190637872788444	0.11621119381807431	-0.18196305172338842	0.038173853504421186	-0.19869500373730856	-0.04745362101890731	0.17846979475025732	0.12463764314438253	-0.12463764314445228	0.17846979475017036	-0.04745362101860861	0.19869500373760543	-0.03817385350379617	-0.1819630517233719	-0.11621119381839683	0.13190637872746744	0.17253477263108746	0.057997837265296816	0.1971701661393489	-0.026219528889094405	-0.18587680158519979	0.1054870407811909	0.14084392486672806	0.16550686641430892	-0.07028371998739044	-0.19546456392690337	0.013033095395527704	-0.18993871676895122	0.09403349286583723	-0.14987648190302286	0.15800406115880636	0.08248149479232912	-0.19323826531631666
0.19028044394976823	-0.10389789184567241	-0.13352698384012418	0.17675378720308474	-0.03704595884500646	0.19692042095034815	-0.07036342669609788	-0.15851986728538908	0.15679448762710935	-0.07302416951139448	0.1966309903011684	0.03421136425206118	0.17802222922791372	-0.13139479184419878	-0.10635615324139634	0.18960453914684927	-0.0027340266570847847	0.19128575994950742	-0.10212480970584198	-0.13547829929537045	-0.17676640977698002	-0.038340725268098994	-0.19818427868368146	-0.07107534771953339	0.15906519015286233	0.15906519015257237	0.0710753477192716	0.198184278683811	-0.03834072526800441	-0.17676640977723254	0.13547829929502	-0.10212480970522773	-0.19128575994976021	-0.002734026657214478	-0.18960453914690345	-0.1063561532413311	-0.13139479184409314	0.17802222922812797	0.03421136425282753	-0.19663099030108544	-0.07302416951145184	0.15679448762666945	0.1585198672857749	0.07036342669577322	0.19692042095009069	-0.03704595884640473	0.17675378720302046	-0.1335269838403315	-0.10389789184764371	0.19028044394849195
0.18660416410140013	-0.12374674431791834	-0.10452497579174021	0.19300817647620894	0.02340978081968238	0.17745323435647434	-0.1409521316802038	-0.08407385203346507	0.1966192666515532	0.04613726367816176	0.1660793203351834	0.15616322483509726	0.06264557748016181	-0.197751319260094	0.06848564641486546	0.15241946365171957	0.16978622813123395	0.03966289762269235	-0.19637878512640014	0.09120485667793089	-0.13576177791307048	0.18213509120531335	-0.013962031357003107	-0.19172514870663765	-0.11473416124445422	0.11473416124448786	-0.1917251487065015	-0.01396203135733396	-0.18213509120563737	0.1357617779126553	0.09120485667810312	0.19637878512623597	0.03966289762331983	-0.16978622813141758	0.1524194636517119	-0.06848564641474474	0.19775131926017525	-0.06264557748024065	-0.15616322483563297	0.16607932033470874	-0.04613726367788699	-0.196619266651445	-0.08407385203391367	-0.1409521316799683	-0.17745323435650517	-0.023409780818261814	-0.19300817647646942	0.10452497579183033	0.12374674431968367	-0.18660416410010963
0.18222330665044922	-0.14172858554366266	-0.07198085008789103	0.19766275956844764	0.08167392008082416	0.13415184531704166	-0.1858841966867017	0.01026165973705461	0.1779001196030315	0.14844285427060297	0.0626038533397479	0.19710815546613406	-0.0905678255994224	-0.1267633687332296	0.18921964744549516	-0.020454093768621645	0.17342181940525467	-0.15571105455202586	-0.05203179677008398	0.1965772957175913	0.10181602607257986	0.11700749922280183	0.19385756240557367	0.03531914358464934	-0.16620859834531523	-0.16620859834503404	-0.0353191435844576	-0.193857562405598	0.11700749922284032	0.10181602607303553	-0.19657729571734553	-0.05203179677051623	0.1557110545517175	0.1734218194055388	0.020454093768667508	0.18921964744527023	-0.12676336873341548	-0.0905678255995205	0.1971081554661933	-0.06260385333911979	0.14844285427021214	0.1779001196032562	-0.010261659736660557	0.18588419668660186	0.1341518453173407	0.08167392007951582	0.19766275956899781	-0.07198085008786573	-0.1417285855452162	0.18222330664915645
0.17715441278509067	-0.1575721170627564	-0.03699745435366951	0.19043779570391559	0.13229182848880025	0.07283217533948998	-0.19698091733046624	0.10216955320751528	0.10621072379560388	0.19651615705043454	-0.06836034996522905	0.13580669268687645	-0.189079965359472	0.03226570766271581	0.16045869444464905	-0.17511878859973654	0.004556461449824391	-0.17932427717065516	0.15553402165981756	0.04048413363912306	0.19197163426619476	-0.13159786341028376	0.07403687114003978	0.19831207090181024	0.10438592717924913	-0.10438592717921183	0.19831207090164324	0.07403687114039914	0.13159786341053106	-0.19197163426608005	0.04048413363887324	-0.15553402165929345	-0.17932427717099741	-0.004556461449975643	-0.1751187885997741	-0.1604586944445451	-0.03226570766252171	0.18907996535970706	-0.13580669268652584	-0.068360349965699	-0.19651615705009828	-0.10621072379610799	0.10216955320726419	-0.19698091733055328	-0.07283217534003471	-0.13229182848772164	-0.1904377957047363	0.036997454353549716	0.1575721170641179	-0.1771544127838367
0.1714166213978517	-0.1710383015403031	-0.0007602980469418434	0.17176750633702675	0.1705247088223077	0.0017302268347244012	-0.17222242536321888	0.1699070180087293	0.002896794890753759	0.1727940164532192	-0.16930819678758446	0.004057891721996084	-0.1733913592851292	0.16888523900636904	0.004925680353264447	-0.17388736746670058	-0.16884116502421212	-0.005129648104254751	0.1741254159221805	-0.16945658900849556	0.0041662915452230775	-0.17384651730506365	-0.17091415724356213	0.0016655007850800482	0.1727077174934855	0.17270771749319813	-0.0016655007851800892	0.17091415724349995	-0.17384651730518752	0.004166291544715429	0.1694565890084079	0.17412541592213487	0.005129648104787728	-0.16884116502433344	0.1738873674666804	0.004925680353336778	0.1688852390062843	-0.1733913592853324	0.004057891721426827	0.16930819678768586	0.17279401645301948	0.002896794891350779	-0.1699070180086495	0.17222242536343474	0.0017302268354220678	0.1705247088215078	0.17176750633801088	-0.0007602980467277165	-0.17103830154144756	0.17141662139661584
0.1650315972286607	-0.18192396989031176	0.035502622621391255	0.14277397745920248	0.19279323728884332	-0.06960411388999233	-0.11611535502827983	0.19744928499277187	-0.1012796610275662	0.08594310816183032	-0.19591448096767758	-0.12979587227995168	-0.052977628824168094	0.1882086848881843	-0.15449891462574972	-0.017856082342612795	-0.1742941778307988	0.174723365209729	-0.018846231186613844	-0.15400470175845518	-0.18967153324601072	0.056511039993027146	-0.1270017447378124	-0.19800146267479296	-0.09363305546668985	0.09363305546668561	-0.19800146267461044	-0.12700174473807319	-0.05651103999325542	0.18967153324618533	-0.15400470175812433	0.018846231186212984	0.17472336520961163	0.17429417783102097	-0.01785608234251448	0.1544989146255795	-0.18820868488821188	0.05297762882416304	0.12979587228046674	-0.19591448096735548	-0.08594310816177189	0.10127966102707599	0.19744928499281916	-0.11611535502851429	0.06960411388925186	-0.19279323728831108	-0.14277397746020604	-0.03550262262170131	0.1819239698911913	-0.16503159722739338
0.1580234493664432	-0.19006488753495382	0.07056244082014787	0.10519971881244046	0.197012652012052	-0.13158974201637705	-0.038872532978542755	0.1782806384402381	-0.17529982531712177	-0.032306362669654344	-0.13649663503267984	-0.19632029940743276	0.09943358554853968	0.07681531902510334	-0.19186004071870671	0.15407124344797607	-0.006378504797295287	0.1618436624001593	-0.18891962593291906	0.0662873714170211	-0.10887879298809927	0.1982544603946074	0.13155738889064406	-0.03859220701567056	-0.17853734526101248	-0.17853734526080428	0.0385922070158462	-0.13155738889044513	0.1982544603948735	-0.10887879298785492	-0.0662873714170421	-0.18891962593256623	-0.1618436624006385	-0.006378504797490138	-0.15407124344805068	-0.1918600407186589	0.07681531902531379	0.09943358554871529	-0.19632029940772788	0.1364966350322221	-0.03230636266950106	-0.1752998253169213	-0.17828063844049283	0.03887253297881797	-0.1315897420157233	0.19701265201190643	0.10519971881346786	0.07056244082056402	-0.19006488753568443	0.1580234493652474
0.15041863979203793	-0.19533823047584617	0.10323105827333523	0.061302946386342545	0.18278793611903718	-0.17590120741087648	0.04544600808679837	0.11693584263035801	-0.19712399750323512	-0.13875300213938016	-0.017144443945594126	-0.16100700393580583	0.1917887665501718	-0.08792866854790508	-0.07764016757260289	0.18883964902180828	0.1678818310118662	-0.02956151433086049	-0.12945493955652929	0.19841121608608595	0.12956249048944474	0.02911794641842873	0.1677703037846241	0.19080414094659234	0.08251723329422421	-0.08251723329422389	0.19080414094638495	0.16777030378477528	-0.029117946418309185	-0.12956249048973933	0.198411216085763	0.12945493955659026	-0.029561514330381903	-0.1678818310118871	0.1888396490217848	0.07764016757268634	0.08792866854766873	-0.19178876655039673	0.16100700393574652	-0.017144443945215183	0.13875300213906	0.19712399750333176	0.11693584263072757	0.04544600808653079	0.17590120741036697	-0.182787936119235	-0.061302946387314435	-0.10323105827383777	0.19533823047642707	-0.15041863979091102
0.14224587673197703	-0.19766442734729867	0.1324013952959045	0.013721874271738628	0.15145080957030407	-0.1965869423953955	0.121492314574244	0.027927307049884578	-0.16025392731779603	-0.19450742070933097	0.10973566787532188	-0.04217418713531406	0.16830717069378626	-0.19160347820595403	0.09792016617803817	0.055497162174803855	0.17515173951639904	-0.18835812214868672	0.08729794501381143	0.06663021326375494	0.1804067471855245	-0.1856780330506009	-0.07956682031602685	0.0741765836478741	0.183674837864298	0.18367483786411273	-0.07417658364800912	0.07956682031580194	-0.1856780330509128	0.18040674718548347	-0.0666302132635511	0.08729794501343022	0.18835812214872988	0.17515173951660684	-0.055497162174726083	0.0979201661778919	-0.19160347820584736	0.16830717069393303	-0.04217418713496575	-0.10973566787545343	-0.1945074207089575	-0.16025392731812482	-0.027927307050268572	-0.12149231457403149	-0.1965869423950793	0.1514508095707875	0.013721874272588733	0.13240139529648037	-0.19766442734774547	0.14224587673092445
0.13353602344788318	-0.19700838777861798	0.15708493577279234	-0.034683863153735325	0.1059350430182731	-0.19086862212259165	0.1754241830744382	-0.06768809472852082	-0.07566775656283656	-0.17920021346058368	0.18843186332447723	0.09853566897146318	0.04317130970348015	-0.1622038001548327	0.19611778524417953	-0.1272507304649185	0.008199846961420192	-0.13938178239179724	0.19798339743665386	-0.15377489367672753	-0.029964702514565837	-0.10931511447926649	-0.19242753664239218	-0.17697051745707856	-0.07108157941637869	0.07108157941635956	-0.17697051745685455	-0.19242753664245255	0.10931511447929235	0.02996470251484616	-0.15377489367653524	-0.19798339743639243	-0.13938178239224328	-0.008199846961582592	-0.12725073046498003	-0.1961177852440769	0.16220380015489513	-0.043171309703454404	-0.09853566897191539	0.18843186332431766	0.179200213460277	0.07566775656325862	-0.0676880947282231	0.17542418307431512	0.19086862212248354	-0.1059350430189574	0.034683863153063356	-0.15708493577342533	0.19700838777894353	-0.13353602344690668
0.1243219705573725	-0.193380025747977	0.17644525113020848	-0.08100515788071465	0.05050164922617853	-0.15951411632641332	0.19742452775017003	-0.1472902502405032	0.03144854981623892	-0.09842391573001034	0.18438959125475565	0.18813199138790296	-0.10803934982742311	-0.020148328716615274	0.13937028748135835	-0.1967158873456102	-0.16690814300843484	0.06334274951603196	0.06811836180914645	-0.16964551227222002	-0.19694949400607561	0.1384633753529788	0.01993535961334881	-0.10718075581863327	-0.18810001029518275	-0.18810001029501217	0.10718075581871364	-0.019935359613140632	0.13846337535326728	-0.19694949400620082	0.1696455122719119	0.06811836180929233	-0.06334274951571527	-0.166908143008481	0.1967158873456181	0.1393702874813778	-0.02014832871678876	-0.1080393498275995	0.18813199138823994	-0.1843895912544024	-0.09842391572987608	0.0314485498158589	0.14729025024034512	-0.19742452775014155	-0.15951411632649845	0.05050164922697664	-0.08100515788024812	0.17644525113087023	-0.19338002574818694	0.12432197055646822
0.11463857638078472	-0.18683420088133135	0.18982639708215426	-0.12245820853651504	-0.009659813810501324	-0.10673472764089731	0.1834887968616427	-0.19204756005021625	0.1292007601396891	0.018310378310713762	0.09938410193466475	0.18013869508200178	-0.19399687336984803	0.13590136643004905	-0.027488654295428253	-0.09105813147701154	-0.17599393935641408	0.19619521926874908	-0.144510256323695	0.04012707895237618	-0.07876662545774767	0.1691204119564329	0.19860623562156143	0.15698224420164997	0.05937060577843253	-0.059370605778429966	0.15698224420144666	0.19860623562155078	-0.16912041195657046	0.07876662545754498	0.04012707895240606	0.1445102563233464	0.19619521926888037	0.17599393935657948	-0.09105813147694355	0.027488654295331837	-0.1359013664298893	0.19399687337005003	-0.1801386950820527	0.09938410193427101	-0.01831037831064412	-0.12920076013944767	-0.1920475600501874	0.18348879686166855	0.10673472764111791	0.009659813809681539	0.12245820853625257	-0.18982639708279506	0.18683420088141026	-0.11463857637993498
0.10452213635939263	-0.17746917996876208	0.19677427568451555	-0.15655099251455357	-0.06891644472286886	-0.0396199277762922	0.13615404685446775	-0.19137208920443527	0.1884833564488982	0.12835554548672587	-0.029260626213775103	0.0787006609866101	-0.16278272627612841	0.1975619954868432	-0.17262868595010447	0.09566147269388683	-0.010020759737705128	0.11262993446922391	-0.1815580722381612	0.19652675318544036	0.15346469850872457	-0.06541862136066257	0.04160945822466802	0.13645519901566205	0.19179373182416268	0.19179373182402162	-0.1364551990157337	-0.04160945822488873	-0.0654186213608265	0.15346469850892103	-0.19652675318516646	-0.18155807223804055	-0.11262993446964106	-0.010020759737847239	-0.0956614726939468	-0.1726286859500187	0.19756199548682474	-0.16278272627627957	0.07870066098641697	0.02926062621400978	0.12835554548649084	0.18848335644887562	0.1913720892045606	-0.13615404685456933	-0.039619927776620455	-0.06891644472211195	-0.1565509925145251	0.19677427568516467	-0.17746917996877226	0.10452213635862588
0.0940112776372198	-0.16542702035962537	0.19705435444100744	-0.18123534897011825	-0.12172114205661638	0.032815751402513686	0.0640372493829684	-0.145425279327273	0.19164692914876977	0.1915098189767299	-0.14505988694691768	-0.06356412209330282	-0.03324934783580445	0.1220087511159927	-0.18138111623406122	0.19721967542780827	0.16591862257892354	-0.09517181523103826	0.0019836316682330483	0.09153380416961719	0.1634970875449574	-0.1973825938383571	-0.18571784181665435	-0.13153783826576693	-0.04743088498220389	0.04743088498220017	-0.13153783826558602	-0.18571784181659498	0.1973825938385687	-0.16349708754488218	0.09153380416939622	-0.0019836316680448664	-0.09517181523085409	-0.16591862257895562	0.19721967542780855	0.18138111623402517	-0.1220087511160761	0.03324934783579293	0.0635641220936373	-0.14505988694689267	-0.1915098189763936	-0.1916469291489109	-0.14542527932747532	0.06403724938310484	-0.03281575140213016	0.12172114205596876	0.18123534897028526	-0.19705435444162947	0.16542702035957046	-0.09401127763652983
0.08314507179428471	-0.15088833615496003	0.19065594005010178	-0.19502689158046813	-0.163130473411568	0.10084495495274409	-0.019738406087811695	-0.06507066611606396	0.13774105104283255	0.18469018053686928	-0.1971565341764901	-0.172848108428617	0.11635929885684757	-0.03827896303779088	-0.04683304759486626	0.12320553326161132	0.17681689699669012	-0.19798773897733055	0.1831118791399028	-0.13520692030149306	-0.06320635025538317	-0.019824556900038415	-0.09914746918138732	-0.16096810753350455	-0.1947259828294336	-0.19472598282930234	0.1609681075335334	0.09914746918155616	-0.01982455689999502	-0.06320635025557136	0.13520692030134726	0.18311187913962632	0.1979877389775492	0.17681689699685324	-0.1232055332615787	-0.046833047594910256	-0.03827896303767098	0.11635929885701171	-0.17284810842893744	0.19715653417625048	0.18469018053656042	0.13774105104306866	0.06507066611628176	0.019738406087672366	0.10084495495236388	-0.16313047341107734	-0.19502689158080805	0.19065594005069406	-0.15088833615486763	0.08314507179367775
0.0719683079934987	-0.13407967925192227	0.17780583902776226	-0.19710847069613718	-0.18927982084045122	0.15534130423493386	-0.09993157844752976	0.03068551331524859	0.04281822567811851	0.1103951825997198	-0.16268641946937612	-0.19247460915596842	0.19569296863026142	-0.17198116457718182	0.12470997900753625	-0.06047500444707691	0.011862686649205227	-0.08244487886418371	0.14180390953892177	-0.18216154473732274	-0.1984442964824342	0.18886881434084918	0.15503232349200502	0.10154341795947357	0.03531605492889582	-0.03531605492889962	0.10154341795933412	0.15503232349193316	-0.1888688143410834	0.1984442964824708	-0.18216154473700072	-0.14180390953883312	-0.08244487886447499	-0.011862686649298869	-0.060475004447118584	-0.12470997900745878	0.17198116457710616	-0.1956929686304785	0.19247460915613615	-0.16268641946904885	-0.1103951825995329	-0.04281822567834131	0.03068551331508463	-0.0999315784474199	-0.1553413042346001	0.18927982084012726	0.1971084706965974	-0.17780583902830496	0.1340796792518048	-0.07196830799297324
0.06051151460029096	-0.11523162584435422	0.15890590534561097	-0.18731218789713894	-0.19767134708777023	0.18893167416505027	-0.16189180600569816	0.11914139027171117	-0.06481865002808747	-0.00420595155532683	-0.05679568800065975	-0.11225764675215218	0.1568172866792677	-0.18621114215810686	0.19769186613357623	-0.1902859401490484	-0.1648660877250317	0.1240316890413453	-0.07181094308430398	0.013219111356775726	-0.04627321043526743	0.10129192697263259	0.14705529928610458	0.17974989763977028	0.19675818843280113	0.19675818843268145	-0.17974989763977425	-0.14705529928623753	0.10129192697273026	-0.046273210435168015	-0.013219111356807603	-0.07181094308411003	-0.12403168904131916	-0.164866087725096	0.19028594014906605	0.1976918661335218	-0.18621114215810938	0.1568172866794167	-0.11225764675212696	0.05679568800042457	-0.004205951555314797	-0.06481865002793838	-0.1191413902716231	0.16189180600562408	0.1889316741647855	-0.19767134708760423	-0.18731218789767207	0.1589059053461041	-0.11523162584424033	0.06051151459985583
0.04884126223332512	-0.09467460963463402	0.1346640868524976	-0.1663131250167395	-0.18762038099100628	0.19721363723430432	-0.1944495669213375	0.17946808037004247	-0.15319352740237527	-0.11728018239484828	0.07400493981168772	0.02611504770893297	0.023357534914958802	-0.07130115948861467	0.11473379515330778	-0.15100155210870042	-0.17795219047201627	0.19407072861079838	-0.1985659615685215	0.1913990224303387	0.17324904742457492	-0.14541813122233976	-0.10968912741166385	-0.06816343738849767	-0.02311444434282949	0.023114444342857872	-0.06816343738842517	-0.10968912741161962	0.14541813122254568	-0.1732490474246629	0.19139902243003068	0.1985659615682447	0.19407072861099595	0.17795219047212466	-0.1510015521086597	-0.11473379515327617	0.07130115948864175	-0.02335753491493343	-0.02611504770912608	0.07400493981171909	0.11728018239463243	0.1531935274023144	0.1794680803700138	-0.19444956692127896	-0.19721363723409446	0.18762038099094464	0.16631312501726528	-0.13466408685291403	0.09467460963452799	-0.04884126223297664
0.036989550357916574	-0.07269280930450574	0.10585879407201489	-0.13530943565478104	-0.15998024892154705	0.17896262422452797	-0.191544487697237	0.19724534053701487	-0.19584204916898124	-0.18738282073007043	0.17218809050586611	0.15083823829950874	-0.12414897975086647	0.09313590249691922	-0.05896995371188373	0.022925797110492998	-0.013675038954436291	0.04952420837411076	-0.08338730211259328	0.11416163786118365	0.14092538025476808	-0.1629699825902958	-0.17980719073967383	-0.19114553106151685	-0.1968411438470895	-0.19684114384697857	0.19114553106150606	0.1798071907397774	-0.16296998259050458	0.14092538025476442	-0.11416163786097153	-0.08338730211253216	-0.04952420837424737	-0.013675038954457732	-0.022925797110550625	-0.058969953711882524	0.09313590249690337	-0.12414897975105432	0.15083823829977416	-0.1721880905056863	-0.18738282072971488	-0.1958420491689827	-0.19724534053701384	0.19154448769717775	0.1789626242243583	-0.15998024892153512	-0.13530943565522668	0.10585879407233134	-0.07269280930441009	0.03698955035765077
0.025178667404797534	-0.04997757688985232	0.07401664803768045	-0.09691700843320276	-0.11830550346559404	0.13782224393758596	-0.15513033661771444	0.16992648798807874	-0.18195118657285062	-0.1909974774003891	0.19691774005417773	0.19962823629254792	-0.19911145059876162	0.19541639804809538	-0.18865711957009512	0.1790095206865156	0.16670652678957845	-0.1520312266456726	0.13530730504863855	-0.1168857921601939	-0.09712733645838523	0.07638034792098251	0.05495779184952927	0.03311861014748153	0.011061702700553485	-0.011061702700559868	0.03311861014743986	0.054957791849499255	-0.07638034792109182	0.09712733645844909	-0.11688579216001782	-0.13530730504842595	-0.15203122664576763	-0.16670652678967035	0.17900952068654466	0.18865711957006331	-0.19541639804809516	0.19911145059900975	-0.1996282362927859	0.19691774005389442	0.1909974774000179	0.18195118657288203	0.16992648798808907	-0.15513033661766334	-0.13782224393746362	0.1183055034656039	0.0969170084335297	-0.07401664803789532	0.0499775768897788	-0.02517866740461531
0.013100533517104903	-0.02615424244333218	0.03911114667636571	-0.05191575686144495	-0.06450603506699651	0.07681375813707599	-0.08876600952922996	0.10028734493970783	-0.11130218157510503	-0.12173707953441504	0.13152273730277347	0.14059566383795408	-0.14889960342570038	0.15638688105058865	-0.16301991127683363	0.16877316759957137	0.1736359159081359	-0.17761591592443887	0.18074398905309924	-0.1830787252971572	-0.18470962263007096	0.18575586273958708	0.18635745912118756	0.18665681185687902	0.18677251769951103	0.18677251769941094	-0.18665681185686486	-0.18635745912127644	0.18575586273985153	-0.18470962263014126	0.18307872529687444	0.18074398905287684	0.17761591592462553	0.17363591590825478	-0.1687731675995892	-0.1630199112768153	0.1563868810506054	-0.14889960342588426	0.1405956638381029	-0.1315227373025715	-0.12173707953418227	-0.11130218157513802	-0.1002873449397215	0.08876600952920338	0.0768137581370131	-0.06450603506700964	-0.05191575686162401	0.039111146676478484	-0.02615424244329209	0.013100533517010056
