0.0293416162169968
0.02933505171148673
0.0293267282504443
0.029319234180516435
0.029314740900782982
0.029314806701698594
0.0293203668800683
0.029331650681272806
0.029348022566548622
0.02936805120354857
0.029389665341791302
0.029409722351334464
0.02942401277389601
0.02942947768690843
0.029426527487977153
0.029418111749158083
0.029407238866071033
0.029395826709383406
0.029384844963390562
0.029374755759607678
0.029365824766600445
0.029358279079888194
0.029352366127811422
0.02934832500607187
0.029346293960488875
0.029346293960458056
0.02934832500607035
0.029352366127809074
0.029358279079887882
0.029365824766595362
0.029374755759608247
0.029384844963389476
0.02939582670938202
0.029407238866071057
0.02941811174915701
0.02942652748797546
0.02942947768690833
0.029424012773895843
0.02940972235133591
0.029389665341789967
0.029368051203550634
0.029348022566545163
0.02933165068127773
0.02932036688006853
0.029314806701692415
0.029314740900793806
0.029319234180504743
0.02932672825046123
0.029335051711478335
0.029341616217158816
