0.013100563898391052	0.026154283450688882	0.03911117338449983	0.05191575649152222	-0.06450601368791137	-0.07681373300715426	-0.08876599500690577	-0.10028734368911768	-0.11130218659668334	0.12173708293951715	0.13152273720909205	-0.1405956641822332	-0.14889960854280898	-0.15638689086422777	-0.16301992112991218	-0.1687731719737306	0.17363591234875056	0.17761590632785162	0.18074397816136356	0.18307871793992958	0.18470962126640111	-0.18575586636734284	0.18635746424679353	-0.18665681522486324	0.18677251882229093	-0.18677251882160062	-0.18665681522395547	-0.18635746424682725	0.18575586636814903	-0.18470962126667326	-0.18307871793933078	-0.18074397816086826	0.17761590632837224	0.17363591234936113	0.16877317197352715	0.16301992112919236	0.15638689086398772	-0.14889960854335363	-0.14059566418271074	0.13152273720880092	-0.12173708293907641	-0.11130218659685309	-0.10028734368955068	0.088765995006997	0.07681373300669773	0.06450601368760722	-0.0519157564917657	-0.039111173384769514	-0.02615428345050247	-0.0131005638979657
0.02517872118696594	0.04997764744230021	0.07401668990030284	0.09691700062980234	-0.11830546050000139	-0.13782219912342372	-0.15513031509904376	-0.1699264921304316	-0.1819512020331151	0.19099748972606126	0.1969177456111509	-0.19962824028234497	-0.19911145784425027	-0.1954164069070926	-0.18865712375030003	-0.17900951549974217	0.1667065134594405	0.15203121154847155	0.13530729545028233	0.11688579195481236	0.09712734447408813	-0.07638035939991662	0.05495780181144332	-0.03311861607612148	0.011061704546439453	0.011061704546387439	0.033118616075992265	0.054957801811496405	-0.07638035940023659	0.09712734447420476	0.11688579195443168	0.13530729544996004	-0.15203121154897012	-0.16670651346003784	-0.17900951549950622	-0.18865712374948287	-0.1954164069068228	0.19911145784498246	0.199628240282993	-0.19691774561068945	0.1909974897253756	0.18195120203342038	0.16992649213118902	-0.15513031509921427	-0.1378221991226161	-0.1183054604994558	0.09691700063026261	0.0740166899008165	0.04997764744195107	0.02517872118615741
0.0369896189224426	0.07269289499093663	0.10585883680902221	0.13530941347587702	-0.15998018883996423	-0.17896257304487284	-0.191544473561437	-0.19724535823593142	-0.19584207507320764	0.18738283682415724	0.17218809503269705	-0.15083823885023978	-0.12414898130316757	-0.09313590311209913	-0.05896994917035139	-0.022925787042026777	-0.013675049786986901	-0.049524213697036835	-0.0833872987633837	-0.11416162790084601	-0.14092536942073522	0.16296997636935842	-0.17980719108981943	0.19114553634722772	-0.19684115130956795	0.19684115130886362	0.1911455363463288	0.1798071910898464	-0.16296997637006244	0.14092536942095096	0.11416162790047545	0.08338729876311392	-0.049524213697124404	-0.013675049787026368	0.0229257870419642	0.05896994917013978	0.0931359031120274	-0.1241489813036146	-0.15083823885065026	0.1721880950322407	-0.1873828368235151	-0.19584207507361312	-0.1972453582368664	0.1915444735616661	0.1789625730438469	0.15998018883926216	-0.13530941347654274	-0.10585883680976946	-0.07269289499044201	-0.03698961892127179
0.04884134095896901	0.09467470217815223	0.13466412215990076	0.16631308566906855	-0.18762030938479052	-0.1972135902199695	-0.19444956820669923	-0.17946811231816678	-0.15319355857972627	0.11728019621068855	0.07400493940391034	-0.026115042409279476	0.023357541158409156	0.07130116753414215	0.11473380430641544	0.15100155801507026	-0.17795218896179563	-0.19407072005194284	-0.1985659511200213	-0.19139901633336465	-0.17324904857999313	0.14541813754509578	-0.10968913426321408	0.06816344160606654	-0.023114445605184917	-0.023114445605105984	-0.06816344160580523	-0.10968913426329162	0.1454181375456839	-0.17324904858021875	-0.19139901633277798	-0.1985659511195352	0.1940707200525086	0.17795218896238477	0.1510015580148904	0.1147338043058822	0.07130116753399439	-0.02335754115852342	0.02611504240924234	-0.0740049394036711	0.11728019621035268	0.15319355858014275	0.1794681123190672	-0.19444956820694423	-0.197213590218898	-0.18762030938406962	0.16631308566995623	0.13466412216086274	0.09467470217748825	0.048841340957414235
0.06051159892235839	0.11523171744724595	0.1589059266736413	0.1873121320531335	-0.19767127335396834	-0.1889316432207005	-0.161891828103771	-0.11914143189050722	-0.0648186764380458	0.004205954547755461	-0.056795696992511545	0.11225765692974293	0.15681729568097771	0.1862111498623022	0.19769186923309023	0.19028593515334782	-0.16486607641244266	-0.12403167846094103	-0.07181094001030082	-0.013219116860239797	0.04627320147193907	-0.10129192116590001	0.14705529936134532	-0.17974990165284574	0.19675819355824425	-0.19675819355765345	-0.1797499016521981	-0.14705529936143372	0.10129192116627941	-0.04627320147190166	0.01321911686025814	0.07181094001010513	-0.1240316784612194	-0.16486607641290776	-0.1902859351531218	-0.19769186923236345	-0.18621114986210419	0.1568172956815229	0.11225765693009417	-0.05679569699236775	-0.00420595454782658	-0.0648186764382855	-0.11914143189110742	0.16189182810398217	0.18893164321978909	0.1976712733533801	-0.1873121320542204	-0.15890592667474732	-0.1152317174463537	-0.06051159892038296
0.07196839622446964	0.134079766520339	0.17780584405373429	0.19710840133304028	-0.18927975285858228	-0.15534129526085141	-0.0999316188869559	-0.030685555325870754	0.04281821251774338	-0.11039519287539856	-0.16268643438194325	0.1924746194808239	0.1956929745836381	0.1719811656484016	0.12470997270546282	0.06047499263226269	0.011862696234181883	0.08244487915671551	0.14180390093736234	0.18216153475001468	0.19844429284558643	-0.18886881845587164	0.15503233059624166	-0.10154342301931354	0.03531605652681614	0.03531605652681513	0.10154342301895973	0.15503233059626154	-0.18886881845652342	0.1984442928458311	0.18216153474955535	0.1418039009370855	-0.0824448791569124	-0.011862696234131302	0.06047499263225	0.12470997270506581	0.17198116564818866	-0.1956929745842258	-0.19247461948135222	0.1626864343815953	-0.1103951928750054	-0.04281821251767558	0.03068555532617688	-0.09993161888718807	-0.1553412952602184	-0.18927975285812457	0.1971084013342178	0.17780584405497557	0.13407976651932732	0.07196839622217396
0.08314516318046894	0.1508884171671131	0.19065592814805452	0.19502681279905137	-0.16313041787274193	-0.100844969654455	-0.01973845786893983	0.06507063364732221	0.1377410554019056	-0.1846902008256995	-0.19715654882309894	0.17284811357305013	0.11635929785987914	0.038278956265129956	-0.046833058718763476	-0.12320554156586827	0.17681689530975453	0.19798772858822658	0.18311186934593923	0.13520691934210136	0.06320635761009874	0.019824548859826666	-0.0991474666726115	0.16096811036178046	-0.19472598772243052	0.1947259877222577	0.16096811036200126	0.09914746667305999	-0.019824548859571328	-0.06320635761092669	-0.135206919342081	-0.1831118693451463	0.19798772858802485	0.17681689530987052	0.1232055415659909	0.04683305871911811	-0.03827895626473365	0.11635929786032234	0.172848113573882	-0.19715654882294942	0.18469020082502097	0.13774105540167547	0.06507063364709269	0.01973845786914585	0.1008449696539407	0.16313041787219779	-0.19502681280014364	-0.1906559281494741	-0.150888417166184	-0.08314516317801669
0.09401137159765316	0.16542709347093904	0.19705432546937174	0.18123526487307848	-0.1217211034305562	-0.03281578694152993	0.06403719670509213	0.1454252652343744	0.19164695095269751	-0.1915098430890829	-0.14505989607211917	0.06356412050696425	-0.03324935410926928	-0.12200875999459271	-0.18138112240167645	-0.19721967190464973	0.16591861046262044	0.09517180488929633	0.0019836319604611503	-0.09153379533750075	-0.16349708025377466	0.19738259478177783	-0.185717848344333	0.13153784396468077	-0.04743088691998707	-0.047430886920103804	-0.1315378439644919	-0.18571784834451863	0.1973825947822286	-0.16349708025346482	-0.09153379533701887	0.0019836319601211016	-0.0951718048889348	-0.16591861046284467	-0.1972196719049036	-0.18138112240187515	-0.12200875999495112	0.03324935410913749	-0.0635641205078316	0.1450598960723682	-0.19150984308842098	-0.19164695095233616	-0.1454252652342004	0.06403719670492322	-0.032815786941172834	-0.12172110342996316	0.18123526487406635	0.19705432547102578	0.16542709347023915	0.09401137159516272
0.10452223145868265	0.17746924192675625	0.19677422743379924	0.15655090396998048	-0.06891642151535102	0.039619882113001076	0.1361540095220111	0.19137210406058244	0.18848339690080249	-0.12835557264471006	-0.029260634073491623	-0.07870066007855765	-0.1627827255830793	-0.19756199189130158	-0.17262867400990678	-0.09566145241943949	-0.010020778017833182	-0.11262994084952363	-0.18155806942700597	-0.1965267532656079	-0.15346470856287142	0.06541863632033566	0.04160944737165376	-0.1364551946103945	0.19179373051060702	-0.1917937305102588	-0.13645519461028877	-0.04160944737184771	-0.0654186363205624	0.1534647085631129	0.19652675326505098	0.18155806942661115	-0.11262994084993194	-0.010020778017915156	0.09566145241962229	0.17262867401000098	0.1975619918915269	-0.16278272558330698	-0.07870066007798145	-0.02926063407410414	0.12835557264429875	0.1884833969003615	0.19137210406044816	-0.13615400952189968	-0.03961988211318096	0.06891642151475805	-0.15655090397081717	-0.19677422743561748	-0.1774692419262578	-0.10452223145614849
0.11463867128944952	0.18683424883941038	0.18982632838789337	0.12245811725260893	-0.009659803860382295	0.10673468292750435	0.18348878708738714	0.19204760609445887	0.12920081314645	-0.018310404613046085	0.09938409282086368	-0.18013868634220745	-0.1939968605884213	-0.1359013476779185	-0.0274886289333601	0.09105815472450064	-0.17599394939100516	-0.19619521792368186	-0.14451025719106264	-0.040127090141368296	0.0787666107737874	-0.1691204050364565	0.1986062378025084	-0.15698224849635217	0.0593706074414583	0.05937060744160848	0.1569822484961825	0.1986062378027285	-0.16912040503678788	0.07876661077339225	-0.040127090141450626	-0.14451025719051538	0.19619521792384667	0.17599394939139876	0.09105815472451619	-0.027488628933448063	-0.13590134767804013	0.1939968605889061	0.18013868634210176	-0.09938409282001395	-0.01831040461311203	-0.1292008131460475	-0.19204760609432353	0.18348878708731559	0.10673468292754325	-0.009659803859755612	0.12245811725321545	0.1898263283898727	0.18683424883923969	0.11463867128699419
0.12432206447436048	0.19338005812317138	0.17644516309390157	0.08100506781959178	0.050501646725732145	0.15951408042934062	0.19742454920067393	0.1472903183974187	0.03144860124896322	0.0984238984866692	0.18438958380134218	-0.18813197863386774	-0.10803933236540876	0.02014834949512458	0.13937030570702538	0.19671589195563116	-0.16690813354124456	-0.06334274033842335	0.06811836017435552	0.16964550692953953	0.19694949819260207	-0.13846338968318025	0.01993537358146363	0.10718074812650091	-0.18810000637133265	0.18810000637103702	0.10718074812654393	-0.019935373581212914	0.13846338968339672	-0.19694949819255658	-0.1696455069289851	-0.06811836017448593	-0.06334274033808389	-0.1669081335414733	-0.19671589195577974	-0.13937030570703468	-0.020148349495250514	-0.10803933236574932	-0.1881319786341478	0.18438958380055043	-0.09842389848615545	0.031448601248668995	0.14729031839722695	-0.19742454920055308	-0.15951408042918355	-0.05050164672634241	-0.08100506781987582	-0.17644516309586308	-0.19338005812320105	-0.12432206447192494
0.1335361149383291	0.19700840197174443	0.15708482833242826	0.03468377588380858	0.10593503277690422	0.19086860478037956	0.1754242370034692	0.06768817407495184	-0.0756677169598525	0.17920020682129761	0.1884318564843523	-0.0985356550287842	0.04317132450507049	0.16220381113373986	0.19611778395868673	0.12725071382527978	0.00819986548665797	0.1393817886361618	0.19798339667710727	0.1537749011564662	0.02996471951470009	0.10931510129675814	-0.1924275344056924	0.17697052024915386	-0.07108158080997193	-0.07108158081020464	-0.1769705202490871	-0.19242753440598032	0.10931510129691545	0.029964719515168395	0.1537749011562913	0.19798339667673714	-0.13938178863657413	-0.008199865486689044	0.1272507138255427	0.19611778395888596	0.16220381113404211	-0.04317132450501966	0.09853565502937124	-0.18843185648404165	0.17920020682059484	0.07566771695994934	-0.0676881740748259	0.17542423700342555	0.19086860478016385	0.10593503277750634	0.03468377588378723	0.1570848283343926	0.19700840197206138	0.13353611493599632
0.14224596442939913	0.19766442115855595	0.13240126925100576	-0.013721957048697327	0.15145079660367394	0.19658695029919873	0.12149239561738967	-0.027927230949514024	-0.16025390730161096	0.19450742351643294	0.10973566162985395	0.04217419743000629	0.16830717564364975	0.19160347287994298	0.09792014693997252	-0.05549718520881351	0.1751517490411413	0.1883581192562036	0.08729794696337019	-0.06663020185051771	-0.1804067408402382	0.18567804049840106	-0.07956683238762838	-0.07417657663972285	0.18367483505646492	-0.18367483505620202	-0.07417657663984208	0.07956683238741838	-0.18567804049862038	0.18040674083994734	0.06663020185015892	-0.08729794696290183	0.18835811925620335	0.17515174904137232	0.05549718520870719	-0.09792014694015425	-0.191603472880165	0.16830717564388145	0.0421741974294416	0.10973566163009542	-0.1945074235157694	-0.1602539073014839	-0.027927230949561375	-0.12149239561738634	-0.19658695029893117	-0.15145079660422262	0.013721957049042605	-0.13240126925284768	-0.19766442115906402	-0.14224596442713242
0.15041872179524343	0.19533820093921328	0.10323091350267788	-0.061303025199793186	0.18278792798494128	0.17590124637753063	0.04544610858770153	-0.116935780776059	-0.19712399640418915	0.13875300734854248	-0.01714445208189542	0.16100700956337835	0.19178876202341844	0.0879286530376662	-0.07764018801770205	-0.18883965716279716	0.16788182190419174	0.029561505802562917	-0.12945493664571375	-0.19841121513684698	-0.12956250317113968	-0.029117930760082497	0.16777029839220034	-0.1908041428045686	0.08251723464090087	0.08251723464111085	0.19080414280454533	0.16777029839252505	-0.029117930760134025	-0.12956250317143617	-0.19841121513643922	-0.12945493664568417	-0.029561505802233875	-0.16788182190443376	-0.18883965716293838	-0.07764018801765558	0.08792865303770735	-0.1917887620238099	-0.16100700956311728	0.017144452081200676	0.13875300734820475	0.19712399640393397	0.11693578077602995	0.04544610858775503	0.17590124637729218	0.18278792798543886	-0.06130302520045457	0.10323091350433179	0.19533820093988644	0.1504187217930551
0.1580235250535408	0.19006483449217024	0.07056228137345702	-0.10519978997983559	0.19701265065969606	0.13158980806518583	-0.03887243006104118	-0.178280604270798	-0.17529984237068374	0.032306367415840656	-0.13649664231026465	0.1963202981415841	0.09943357486614995	-0.07681533343056478	-0.19186004572920523	-0.15407122894421788	-0.006378524037714882	-0.16184366780344656	-0.18891962635187642	-0.06628738306598068	0.10887877865484939	-0.19825445998954486	0.1315573981180238	0.03859220089233653	-0.17853734363045465	0.1785373436301858	0.038592200892411395	-0.13155739811800132	0.19825445998985475	-0.10887877865450933	0.06628738306596711	0.18891962635136153	-0.16184366780372883	-0.006378524037728671	0.15407122894438466	0.19186004572925333	0.07681533343065804	0.09943357486649795	0.19632029814173793	-0.13649664230940803	-0.03230636741598537	-0.17529984237045507	-0.1782806042707661	0.038872430060986445	-0.13158980806499945	-0.1970126506601346	0.10519978998080995	-0.07056228137481814	-0.19006483449292585	-0.15802352505140854
0.1650316665933926	0.18192389469351825	0.035502454711551	-0.14277403565819247	0.19279324159386094	0.06960419673015644	-0.11611526997247974	-0.1974492882138122	-0.10127969280508406	-0.08594310398609593	-0.1959144826332152	0.12979586332787935	-0.05297764052028474	-0.1882086893334705	-0.15449890122189572	0.01785610577167013	-0.17429418742060318	-0.17472336102991462	-0.0188462340558289	0.15400469327060973	0.1896715381965964	-0.05651105559509775	-0.12700173641372478	0.1980014633525436	-0.09363305669996433	-0.09363305670016457	-0.19800146335255162	-0.1270017364140077	-0.056511055595190186	0.18967153819669358	0.1540046932702119	-0.01884623405549475	0.17472336102985656	0.17429418742078284	0.01785610577154232	-0.1544989012220952	-0.18820868933367446	0.05297764052015262	-0.1297958633284349	0.1959144826327	-0.08594310398567864	0.10127969280484284	0.19744928821371271	-0.11611526997240498	0.06960419673001296	0.1927932415941121	-0.14277403565924301	0.03550245471279263	0.1819238946945186	0.1650316665914404
0.1714166842306904	0.1710382054284633	-0.0007604685742225568	-0.17176754786466228	0.1705247181297763	-0.0017301386238290117	-0.17222237398167714	-0.16990705821736712	0.002896757471470318	-0.1727940139813244	-0.16930819171177164	-0.004057904116080195	-0.17339136533057786	-0.16888523080627968	0.004925701171897148	0.17388737853912237	-0.16884115497638363	0.005129657736253565	0.17412541460629505	0.16945659552997708	-0.004166273879333129	0.17384650952449196	-0.17091416322405042	-0.0016654952243029613	0.17270771648631478	-0.1727077164861204	-0.0016654952245480728	0.17091416322385902	-0.17384650952442623	0.004166273878606276	-0.16945659553009426	-0.17412541460647846	0.0051296577369535825	-0.16884115497625177	-0.17388737853900976	-0.00492570117177219	0.168885230806216	-0.17339136533036148	-0.004057904114990744	-0.16930819171226708	0.1727940139812462	0.0028967574719952404	-0.16990705821706878	0.17222237398166215	0.0017301386242010769	-0.17052471812939307	0.17176754786521656	0.0007604685726462881	-0.1710382054300542	-0.17141668422913442
0.1771544688050607	0.1575720013990508	-0.0369976218486	-0.19043781823376715	0.13229184213480846	-0.07283209336330636	-0.19698090870265178	-0.10216962059262333	0.10621069219477498	-0.19651615751684606	-0.06836034071385985	-0.13580670175838108	-0.1890799617761305	-0.03226569220042352	0.160458706522254	0.1751187777269849	0.004556480898761814	0.1793242814160017	0.1555340233108932	-0.040484120938402826	-0.19197162959074165	0.13159787574983692	0.07403686089305943	-0.1983120705008249	0.10438592833588316	0.10438592833627941	0.19831207050106178	0.07403686089347104	0.13159787574982976	-0.19197162959041406	-0.040484120937957085	0.15553402331067712	-0.17932428141647003	-0.004556480898944058	0.17511877772705678	0.16045870652235916	-0.03226569220011647	0.18907996177591613	0.13580670175726783	0.06836034071519158	-0.19651615751722412	-0.10621069219549985	0.10216962059217871	-0.19698090870271823	-0.07283209336393148	0.13229184213373418	-0.1904378182336566	-0.03699762184657921	0.1575720014013248	0.17715446880398547
0.1822233556270872	0.14172845203670684	-0.07198100892583818	-0.19766276180948453	0.0816739368591067	-0.1341517805094406	-0.1858842323033934	-0.010261738275482983	0.17790010331359107	-0.14844285759143092	0.06260386261379572	-0.197108156412924	-0.09056781444760646	0.1267633808317642	0.18921964136381084	0.020454070765988024	0.1734218287599507	0.1557110485631479	-0.05203179433844454	-0.19657729392695186	-0.10181604136878372	-0.11700748588746203	0.1938575649743235	-0.03531914882648567	-0.16620859751432074	0.16620859751417894	-0.03531914882616282	-0.19385756497409962	0.11700748588722622	0.1018160413695028	0.19657729392705356	0.05203179433911182	0.15571104856259235	0.1734218287597757	-0.02045407076623937	-0.1892196413640196	-0.12676338083195973	-0.0905678144477301	-0.19710815641263285	0.06260386261259827	0.148442857591757	0.17790010331404532	-0.010261738275101606	0.18588423230344442	0.13415178051002635	-0.08167393685775319	0.19766276180906606	0.07198100892378383	-0.1417284520393027	-0.18222335562630895
0.186604205858564	0.12374659499916474	-0.10452512056519948	-0.19300815826206585	0.023409799121881486	-0.17745319546466548	-0.14095220510565606	0.08407378087010918	0.1966192704681014	-0.046137268580743136	0.1660793256227025	-0.15616321723197218	0.0626455893969283	0.19775131952286937	0.06848562690959413	-0.15241947837461498	0.1697862181522905	-0.039662907177660696	-0.19637878481150656	-0.09120486812803516	0.13576176483680746	-0.18213509782065695	-0.013962020287892486	0.19172514731206133	-0.11473416234400972	-0.11473416234443379	-0.19172514731241638	-0.013962020288373924	-0.1821350978205181	0.1357617648361087	-0.09120486812852212	-0.19637878481182375	0.03966290717857512	-0.1697862181519693	-0.15241947837443942	0.06848562690972664	0.19775131952282227	-0.0626455893965359	0.15616321723264404	-0.16607932562221484	-0.0461372685808387	-0.19661927046813768	-0.08407378087032355	-0.14095220510567505	-0.17745319546511323	0.023409799120448046	-0.19300815826146966	-0.1045251205632649	0.12374659500195552	0.18660420585804569
0.1902804783329997	0.10389772897440167	-0.13352710963338957	-0.17675374961566287	-0.03704594074783566	-0.19692041321576326	-0.07036352458458205	0.158519820311844	0.15679451039220904	0.07302416483946018	0.19663098930210252	-0.03421135206540324	0.17802223468837336	0.13139478006274194	-0.10635617078884646	-0.18960453251593953	-0.002734046006627503	-0.19128576248867288	-0.10212481184295716	0.13547828988680982	0.17676641791189504	0.03834070901310454	-0.1981842777559912	0.07107535263230148	0.1590651893237538	-0.15906518932360542	0.07107535263206144	0.19818427775588868	-0.03834070901288181	-0.1767664179122754	-0.13547828988666785	0.10212481184251822	-0.19128576248889398	-0.002734046006706633	0.1896045325160101	0.10635617078888798	-0.13139478006254277	0.17802223468800574	-0.034211352066584606	0.19663098930242803	-0.07302416483954983	0.15679451039190148	0.15851982031186002	0.07036352458459506	0.1969204132160751	0.037045940749264795	0.17675374961488668	0.1335271096315687	-0.10389772897739122	-0.19028047833277795
0.1932382921957886	0.0824813208211431	-0.15800416371256526	-0.14987642720692188	-0.09403347666017003	-0.18993874122321405	0.013032990870451667	0.19546455226515286	0.07028375493358045	0.16550686366913037	0.14084391800786988	0.10548705124256719	0.18587679730395817	-0.026219544518412442	-0.1971701678514318	-0.05799781516881839	-0.1725347821190563	-0.13190637146521556	0.11621119181119444	0.1819630568571607	-0.03817383594902817	0.19869500334198134	-0.04745363180806563	-0.17846979243471364	0.12463764419080267	0.12463764419119014	0.17846979243512628	-0.04745363180757501	0.19869500334174078	-0.038173835948171655	0.18196305685753517	0.11621119181184408	0.13190637146455172	0.17253478211881568	-0.05799781516904251	-0.19717016785160707	-0.02621954451860587	-0.18587679730382747	-0.10548705124149411	-0.14084391800881033	0.16550686366933995	-0.07028375493306392	-0.19546455226497156	0.013032990870425433	-0.18993874122336804	-0.0940334766614661	-0.1498764272060156	-0.15800416371088435	0.08248132082429094	0.1932382921958636
0.19546647936930703	0.059820487530817215	-0.1771268102038757	-0.11399152015626872	-0.1422176924833012	-0.15744590589686364	0.09405719207067413	0.1861678977081817	-0.03715418124478191	0.1975230896483339	0.023213666485318325	0.19046589941193495	0.08146526905120642	-0.16562357511498915	-0.13220782009449145	0.12524033651820576	-0.17071689524522948	0.07297543611177128	0.19335015975980455	-0.013579515591006343	-0.19784115406067204	0.04747852947420007	0.18347879356926614	-0.10435947034040581	-0.15130518456793415	0.1513051845677868	-0.1043594703402593	-0.18347879356929983	-0.047478529474310444	0.19784115406058592	0.01357951559064774	-0.19335015975988754	0.07297543611253782	-0.170716895244934	-0.12524033651803654	0.13220782009467272	0.16562357511505424	0.08146526905137079	0.1904658994114832	0.023213666486447036	-0.19752308964859444	-0.03715418124534793	0.18616789770785627	-0.09405719207063663	0.15744590589684057	0.14221769248434135	0.11399152015531049	0.17712681020238755	-0.05982048753404952	-0.19546647936965575
0.1969566266996635	0.0362571211962511	-0.19024702538130664	-0.0712557140784524	-0.1770876301453142	-0.1038061039793191	0.15796074739463908	0.13282918220490034	-0.13352935808034944	0.1573759970821565	-0.10460947782883585	0.17664390732101742	-0.07214975011680705	-0.18999685151666476	0.03720669291260387	0.19698569862364987	0.0009113808362343289	0.19735997742853387	0.035567955647619824	-0.19106010286569514	-0.07104888143976926	-0.1781883415636381	0.10431217708583297	0.15900704264900803	-0.13405798411366288	-0.13405798411399994	-0.15900704264945312	0.10431217708537566	-0.17818834156336533	-0.07104888144051327	-0.1910601028658347	0.035567955647055186	-0.19735997742858105	-0.0009113808362930432	0.19698569862366178	0.037206692912565405	-0.18999685151656248	0.0721497501164586	-0.17664390732135696	0.10460947782801826	0.15737599708235683	0.13352935808079938	-0.13282918220450377	0.15796074739458593	-0.1038061039791134	-0.17708763014600376	-0.0712557140775013	-0.1902470253800314	0.03625712119949903	0.19695662670024697
0.19770310770777594	0.012146730736010154	-0.19692019450534282	-0.024237434165036896	-0.19537880095001867	-0.036223835918674244	0.1931116899882032	0.04806683775846353	-0.19014580238085746	0.05973297212225369	-0.1864996285304037	0.07119099062084643	-0.18218767670212668	-0.08241137077038103	0.17722567064045944	0.09336834889056507	0.1716331155293962	0.1040419669747255	-0.16542944847368482	-0.11441345603633972	0.1586170000523024	-0.1244406448011537	-0.1511533213400091	0.13401383969172154	0.14295866439187768	-0.14295866439173616	0.13401383969167385	0.15115332134015938	0.12444064480113086	-0.15861700005182508	0.11441345603676709	0.16542944847419874	0.10404196697406452	0.17163311552915939	-0.09336834889072045	-0.17722567064058764	0.08241137077020332	-0.18218767670179456	0.07119099062176021	-0.18649962853023083	-0.059732972122314994	-0.19014580238106324	0.048066837758095934	-0.1931116899881264	0.03622383591831631	0.19537880095030585	0.024237434164151715	0.1969201945042903	-0.01214673073921901	-0.19770310770856123
0.19770310383872386	-0.012146921785956095	-0.19692017880865462	0.024237517383852533	-0.19537880376881167	0.03622374917747902	0.19311171233367352	-0.04806676147337494	-0.19014581258303614	-0.059732967330027364	-0.18649962528982617	-0.07119100216431473	-0.18218767182743478	0.0824113851011075	0.177225661390403	-0.09336836927253969	0.17163310588197042	-0.10404197525147064	-0.1654294498424355	0.11441344552717816	0.15861701081217963	0.12444063187148194	-0.15115332856360994	-0.13401383581894263	0.14295866532602855	0.14295866532634022	0.13401383581936901	-0.1511533285632397	0.12444063187121374	0.15861701081262838	0.11441344552702569	-0.1654294498423143	0.10404197525206048	-0.17163310588170191	-0.09336836927237627	0.17722566139061446	0.08241138510121472	0.1821876718273282	0.07119100216330757	0.18649962529035577	-0.05973296733012489	0.1901458125829798	0.048066761473624924	0.1931117123335998	0.03622374917794275	-0.1953788037687139	0.024237517384620835	-0.19692017880785637	-0.012146921782837997	0.1977031038397049
0.19695661510717627	-0.036257309363891065	-0.19024697882319763	0.07125579229556085	-0.17708763833790697	0.10380602888894215	0.15796081036361323	-0.13282912396624227	-0.13352938564933223	-0.15737599404132777	-0.10460946952988795	-0.17664391287586323	-0.07214973843719084	0.1899968558950598	0.0372066724703663	-0.19698570086009637	0.000911361490407846	-0.19735997657652377	0.03556795320454502	0.1910601063334797	-0.07104886473963563	0.1781883489101223	0.10431216762331938	-0.1590070457984224	-0.13405798312211248	0.13405798312202824	-0.15900704579842542	-0.10431216762360272	-0.17818834890993465	0.07104886473900444	-0.19106010633376064	-0.03556795320517758	-0.1973599765763985	0.0009113614903345057	0.1969857008600415	-0.037206672470437595	-0.18999685589501214	-0.07214973843730581	-0.17664391287525627	-0.1046094695307864	0.15737599404153893	-0.13352938564899094	-0.13282912396631244	-0.15796081036348358	-0.10380602888944668	0.1770876383373917	-0.07125579229616402	0.1902469788225949	0.036257309360907375	-0.1969566151082638
0.19546646009699883	-0.05982066997689729	-0.17712673436248366	0.1139915886713831	-0.14221770528205657	0.1574458525420734	0.0940572842020872	-0.18616787129451717	-0.03715421797090248	-0.19752308946872035	0.02321367619761925	-0.19046589609791	0.08146528048264112	0.16562356649867108	-0.13220783557695343	-0.1252403186198527	-0.17071690504802545	-0.07297542706864965	0.19335015920852575	0.013579528426066778	-0.19784115560375282	-0.047478513375002904	0.18347879785689455	0.10435946587629964	-0.15130518544434907	-0.1513051854446642	-0.10435946587666484	0.18347879785666202	-0.04747851337478123	-0.1978411556038547	0.013579528426443022	0.19335015920891885	0.0729754270680671	0.17071690504783055	-0.12524031861999435	-0.13220783557706997	0.16562356649858045	-0.08146528048235836	0.19046589609803344	-0.023213676196738368	-0.1975230894690196	0.03715421797043343	0.18616787129444226	0.0940572842019648	0.15744585254258564	-0.14221770528124403	0.11399158867181022	-0.17712673436213094	-0.059820669974096304	0.195466460098226
0.19323826531620364	-0.08248149479256167	-0.15800406115864812	0.14987648190317862	-0.09403349286583569	0.1899387167689188	0.0130330953956581	-0.19546456392694317	0.07028371998745896	-0.16550686641427048	0.14084392486681385	-0.10548704078111831	0.18587680158520847	0.026219528889053784	-0.19717016613935495	0.05799783726531257	-0.17253477263106567	0.13190637872747552	0.11621119381841431	-0.18196305172336644	-0.03817385350381662	-0.19869500373761184	-0.04745362101858989	0.1784697947501844	0.12463764314443652	-0.124637643144398	0.17846979475024083	0.047453621018946755	0.19869500373730933	0.03817385350441431	0.18196305172339597	-0.1162111938180868	0.13190637872785968	-0.1725347726307741	-0.05799783726513183	0.19717016613954116	-0.026219528888971947	0.18587680158490164	-0.1054870407818282	0.14084392486631997	0.16550686641450948	0.07028371998791076	-0.19546456392671435	-0.013033095395549196	-0.18993871676933902	0.09403349286479454	-0.14987648190338157	0.15800406115850357	0.08248149478995709	-0.19323826531750501
0.19028044394838503	-0.10389789184787927	-0.13352698384012684	0.1767537872031095	-0.03704595884642075	0.19692042095010226	-0.07036342669567817	-0.15851986728584677	0.15679448762673417	-0.07302416951135228	0.19663099030109488	0.03421136425291771	0.17802222922809396	-0.13139479184411665	-0.1063561532413503	0.18960453914690928	-0.002734026657180443	0.19128575994974936	-0.10212480970520055	-0.13547829929502506	0.17676640977720495	-0.038340725268023595	-0.19818427868380267	-0.07107534771924753	0.15906519015257534	0.15906519015286422	0.07107534771958082	-0.19818427868369118	-0.03834072526809574	0.17676640977698357	-0.13547829929540037	-0.10212480970582638	-0.19128575994955027	0.0027340266570960166	0.18960453914684136	-0.10635615324145982	-0.131394791844132	-0.17802222922793307	-0.03421136425201943	-0.1966309903011701	-0.07302416951144047	-0.15679448762703885	0.15851986728553075	-0.07036342669574838	0.1969204209503788	-0.03704595884526632	0.1767537872030823	-0.1335269838401832	-0.10389789184549121	0.19028044394974136
0.1866041641000182	-0.12374674431992526	-0.10452497579158729	0.1930081764764925	0.023409780818230044	0.1774532343565707	-0.14095213167993012	-0.08407385203400235	0.19661926665148677	0.046137263678011874	0.1660793203346298	0.15616322483569015	0.06264557748017824	-0.1977513192601589	0.0684856464147276	0.15241946365169556	0.1697862281314249	0.03966289762329629	-0.19637878512622542	0.09120485667809454	0.1357617779126589	0.18213509120563076	-0.013962031357349377	-0.19172514870651047	-0.11473416124446906	0.1147341612444695	-0.19172514870662666	0.013962031356971445	-0.1821350912053118	-0.13576177791306782	-0.09120485667791034	0.19637878512640328	0.03966289762276608	0.16978622813122993	-0.15241946365175862	-0.06848564641479979	0.197751319260105	0.0626455774802278	0.15616322483507028	0.16607932033518213	-0.04613726367812599	0.1966192666515648	-0.08407385203366291	0.14095213167994777	-0.17745323435665245	-0.023409780819394065	-0.19300817647622986	0.10452497579181314	0.12374674431775766	-0.18660416410138528
0.18222330664907488	-0.14172858554545414	-0.07198085008759048	0.19766275956894272	0.08167392007946209	0.13415184531745336	-0.1858841966866179	0.010261659736570556	0.17790011960325375	0.1484428542703062	0.06260385333898022	0.1971081554661769	-0.0905678255995743	-0.12676336873336413	0.18921964744526681	-0.020454093768698157	0.17342181940550658	-0.15571105455173279	-0.05203179677052843	0.1965772957173441	-0.10181602607300927	0.11700749922285367	0.19385756240558183	0.035319143584430605	-0.16620859834502774	-0.1662085983453107	-0.03531914358469522	0.19385756240557875	0.11700749922279297	-0.10181602607257458	0.1965772957175933	-0.052031796770105984	0.15571105455198744	-0.17342181940526039	-0.0204540937685605	0.18921964744547068	-0.1267633687333173	0.09056782559934026	-0.19710815546613564	-0.06260385333974856	0.14844285427058973	-0.17790011960312932	-0.010261659736842748	-0.1858841966865968	0.13415184531735505	0.0816739200805378	0.19766275956849633	-0.07198085008797728	-0.14172858554352782	0.18222330665044978
0.17715441278376948	-0.15757211706435098	-0.036997454353252676	0.190437795704607	0.13229182848765092	0.07283217534018634	-0.1969809173306246	0.10216955320719211	0.1062107237960609	0.19651615705012215	-0.06836034996584223	0.13580669268643697	-0.18907996535972033	0.03226570766258015	0.160458694444555	-0.17511878859980098	0.004556461449924269	-0.17932427717099217	0.15553402165928676	0.04048413363887612	-0.19197163426607705	-0.13159786341052856	0.07403687114041255	0.19831207090165254	0.10438592717919266	-0.10438592717926885	0.19831207090180752	-0.07403687114000466	0.13159786341028612	0.19197163426618183	-0.04048413363913606	-0.1555340216598007	-0.17932427717068292	0.004556461449832898	0.17511878859970278	-0.16045869444467828	-0.03226570766261514	-0.18907996535941782	0.13580669268689444	-0.06836034996523002	-0.1965161570504398	0.10621072379575022	0.10216955320733824	0.19698091733052642	-0.07283217533989483	-0.1322918284885372	-0.19043779570397862	0.036997454353764336	0.15757211706264126	-0.17715441278509686
0.17141662139655856	-0.17103830154166852	-0.0007602980464186725	0.1717675063378109	0.17052470882142462	0.0017302268355947816	-0.1722224253635495	0.16990701800860927	0.0028967948912687405	0.17279401645295145	-0.16930819678776626	0.004057891721300142	-0.17339135928528274	0.16888523900631106	0.004925680353337534	-0.17388736746666994	-0.16884116502435914	-0.005129648104754263	0.17412541592213712	-0.1694565890084138	-0.004166291544730808	-0.17384651730520245	-0.17091415724348807	0.0016655007852019754	0.17270771749319522	0.17270771749349084	-0.0016655007850402382	-0.17091415724358114	-0.17384651730506498	-0.004166291545228068	-0.16945658900848953	0.17412541592219757	0.005129648104325277	0.1688411650242097	-0.17388736746673228	0.004925680353332755	0.16888523900632713	0.17339135928514307	-0.0040578917220244716	0.16930819678758638	0.17279401645324455	-0.0028967948909083734	-0.1699070180086325	-0.17222242536344384	0.0017302268351722765	0.1705247088220965	0.17176750633710702	-0.0007602980470440182	-0.17103830154021749	0.1714166213978721
0.1650315972273555	-0.1819239698914055	0.035502622622008304	0.1427739774599583	0.19279323728823358	-0.06960411388907448	-0.11611535502867179	0.19744928499282938	-0.10127966102716342	0.08594310816164588	-0.19591448096734118	-0.1297958722805625	-0.05297762882408643	0.18820868488819711	-0.1544989146255925	-0.01785608234247802	-0.17429417783100146	0.17472336520964465	-0.01884623118620924	-0.15400470175813577	0.1896715332461841	0.056511039993252035	-0.1270017447380833	-0.19800146267462335	-0.09363305546667308	0.09363305546670726	-0.19800146267480012	0.12700174473779033	-0.05651103999302435	-0.18967153324599467	0.1540047017584668	0.018846231186578667	0.1747233652096935	-0.17429417783081255	0.017856082342684244	0.1544989146256988	-0.18820868488823705	-0.05297762882424409	-0.12979587227993203	-0.1959144809676814	-0.08594310816186461	-0.101279661027456	0.1974492849927872	0.11611535502863148	0.06960411388956726	-0.1927932372887084	-0.14277397745929313	-0.03550262262129008	0.1819239698902617	-0.1650315972286976
0.1580234493652153	-0.19006488753587145	0.0705624408208497	0.10519971881317959	0.19701265201182838	-0.13158974201555446	-0.03887253297899218	0.1782806384405372	-0.17529982531697177	-0.03230636266963381	-0.13649663503210774	-0.19632029940772636	0.09943358554876372	0.07681531902526452	-0.1918600407186605	0.15407124344806844	-0.006378504797443677	0.16184366240062345	-0.1889196259325534	0.0662873714170406	0.10887879298785474	0.19825446039487096	0.13155738889043073	-0.0385922070158551	-0.17853734526078668	-0.1785373452610223	0.03859220701565142	0.13155738889065274	0.19825446039460956	0.10887879298810996	0.06628737141699546	-0.18891962593290884	-0.16184366240020873	0.006378504797328899	0.15407124344792394	-0.19186004071872337	0.07681531902522708	-0.09943358554844191	0.1963202994074367	0.1364966350326937	-0.03230636266961375	0.17529982531709168	-0.17828063844038142	-0.038872532978973515	-0.131589742016037	0.19701265201202597	0.10519971881255369	0.07056244082005197	-0.1900648875349607	0.15802344936651583
0.15041863979088	-0.19533823047657886	0.10323105827408645	0.06130294638700409	0.18278793611916802	-0.17590120741023552	0.045446008086371094	0.11693584263079648	-0.19712399750332982	-0.1387530021391442	-0.017144443945058253	-0.16100700393565523	0.19178876655038996	-0.08792866854771458	-0.0776401675726814	0.18883964902177156	0.16788183101191223	-0.029561514330423647	-0.12945493955658702	0.19841121608577555	-0.1295624904897392	0.02911794641831288	0.1677703037847849	0.19080414094640044	0.08251723329421298	-0.08251723329424437	0.19080414094660744	-0.16777030378460814	-0.029117946418432038	0.12956249048942725	-0.19841121608608248	0.1294549395565539	-0.029561514330786926	0.1678818310118468	-0.18883964902181533	0.07764016757266712	0.08792866854780125	0.1917887665501095	-0.16100700393582235	-0.01714444394560511	0.13875300213934286	-0.1971239975032817	0.11693584263058722	-0.045446008086370074	0.1759012074106653	-0.18278793611911415	-0.0613029463864676	-0.10323105827324013	0.19533823047589466	-0.15041863979213407
0.14224587673088512	-0.1976644273478484	0.1324013952966762	0.013721874272270135	0.15145080957073068	-0.19658694239500216	0.12149231457391704	0.027927307050339894	-0.16025392731806665	-0.1945074207089601	0.10973566787558986	-0.0421741871348245	0.1683071706938719	-0.1916034782058633	0.0979201661779049	0.05549716217469413	0.17515173951659108	-0.18835812214876269	0.08729794501343134	0.06663021326355358	-0.1804067471854822	-0.1856780330509131	-0.07956682031578892	0.07417658364802061	0.18367483786409822	0.1836748378643149	-0.07417658364786821	-0.07956682031602674	-0.1856780330505903	-0.18040674718552013	0.06663021326377884	0.08729794501377522	0.18835812214866288	-0.1751517395164138	0.05549716217486867	0.09792016617796317	-0.1916034782059303	-0.16830717069379353	0.042174187135338284	-0.10973566787530917	-0.19450742070930288	0.1602539273179046	-0.02792730705015236	0.12149231457389156	-0.1965869423953412	0.151450809570474	0.013721874271868367	0.13240139529580772	-0.19766442734737955	0.14224587673208963
0.13353602344685017	-0.19700838777898577	0.15708493577355548	-0.0346838631533811	0.10593504301889772	-0.1908686221224538	0.17542418307424953	-0.06768809472815103	-0.0756677565631743	-0.17920021346020576	0.18843186332438477	0.09853566897204542	0.04317130970336593	-0.16220380015486624	0.19611778524408136	-0.12725073046499288	0.008199846961549049	-0.13938178239223492	0.19798339743638818	-0.1537748936765444	0.029964702514850217	-0.10931511447928802	-0.19242753664244694	-0.1769705174568624	-0.07108157941635292	0.07108157941638676	-0.176970517457082	0.19242753664236834	0.10931511447926368	-0.02996470251454867	0.15377489367670327	-0.1979833974366437	-0.1393817823918409	0.008199846961453853	0.12725073046484808	-0.19611778524413587	0.16220380015488006	0.04317130970352944	0.09853566897145583	0.18843186332446435	0.1792002134605669	-0.07566775656297399	-0.06768809472826473	-0.17542418307420485	0.19086862212267994	-0.10593504301849953	0.03468386315361822	-0.15708493577269536	0.1970083877787228	-0.133536023448006
0.12432197055638577	-0.19338002574815824	0.17644525113092635	-0.0810051578805605	0.050501649226892896	-0.15951411632649443	0.19742452775011374	-0.14729025024027143	0.03144854981593458	-0.09842391572975806	0.1843895912543709	0.18813199138829692	-0.10803934982767271	-0.02014832871672282	0.13937028748135588	-0.19671588734559065	-0.16690814300849927	0.0633427495157685	0.06811836180926532	-0.16964551227189945	0.19694949400618791	0.13846337535326222	0.019935359613125567	-0.10718075581873344	-0.1881000102950107	-0.1881000102952195	0.10718075581865066	0.019935359613334685	0.13846337535295647	0.19694949400605805	-0.16964551227222818	0.06811836180917488	-0.06334274951597664	0.16690814300842668	-0.19671588734560502	0.13937028748138247	-0.02014832871669102	0.10803934982737688	-0.188131991387928	-0.1843895912547506	-0.09842391573001186	-0.031448549816107195	0.1472902502403021	0.19742452775007188	-0.15951411632660176	0.05050164922641256	-0.0810051578806278	0.17644525113010848	-0.19338002574808896	0.12432197055749315
0.11463857637982691	-0.18683420088131464	0.18982639708278018	-0.12245820853655631	-0.009659813809801373	-0.10673472764112488	0.1834887968616727	-0.19204756005011947	0.12920076013948734	0.018310378310764912	0.09938410193415458	0.18013869508201086	-0.19399687337006977	0.1359013664299527	-0.02748865429536586	-0.09105813147690152	-0.17599393935656696	0.19619521926892533	-0.1445102563233696	0.0401270789524297	0.07876662545752726	0.1691204119565579	0.19860623562153376	0.1569822442014464	0.05937060577842053	-0.0593706057784393	0.15698224420164963	-0.19860623562153257	-0.16912041195641883	-0.0787666254577494	-0.04012707895235673	0.14451025632367379	0.196195219268753	-0.17599393935644805	0.09105813147707328	0.02748865429536095	-0.13590136643000506	-0.19399687336983681	0.18013869508204328	0.09938410193466397	-0.01831037831069271	0.1292007601395908	-0.19204756005009976	-0.1834887968616753	0.1067347276411383	0.009659813810301447	0.12245820853647191	-0.18982639708205315	0.1868342008814419	-0.11463857638089732
0.10452213635849715	-0.17746917996862058	0.19677427568508882	-0.15655099251481783	-0.06891644472227547	-0.039619927776622425	0.1361540468545909	-0.19137208920449522	0.18848335644884576	0.12835554548654415	-0.02926062621413332	0.07870066098632453	-0.16278272627625606	0.1975619954868596	-0.1726286859500469	0.09566147269396807	-0.010020759737816399	0.11262993446963018	-0.18155807223803222	0.1965267531851707	-0.15346469850892064	-0.0654186213608332	0.04160945822488649	0.13645519901573835	0.19179373182400383	0.19179373182418552	-0.13645519901566605	0.04160945822466345	-0.06541862136065364	-0.1534646985087082	0.19652675318542864	-0.18155807223815895	-0.11262993446926231	0.010020759737731937	0.09566147269382799	-0.1726286859500545	0.1975619954868619	0.1627827262761556	-0.078700660986644	0.02926062621376414	0.12835554548667016	-0.1884833564488276	0.19137208920439286	0.13615404685458837	-0.03961992777652108	-0.06891644472274663	-0.1565509925145695	0.19677427568442232	-0.17746917996886988	0.10452213635949571
0.09401127763638066	-0.16542702035936685	0.1970543544414957	-0.18123534897055796	-0.12172114205617426	0.03281575140214361	0.06403724938313755	-0.14542527932742952	0.19164692914882883	0.1915098189763677	-0.14505988694697708	-0.06356412209373655	-0.03324934783574073	0.12200875111606586	-0.181381116234032	0.19721967542779426	0.16591862257897344	-0.09517181523090372	0.001983631668067952	0.09153380416938342	-0.16349708754487127	-0.19738259383856566	-0.18571784181658565	-0.1315378382655911	-0.04743088498219614	0.04743088498220858	-0.13153783826577095	0.18571784181663725	0.1973825938383517	0.16349708754495804	-0.09153380416962852	-0.0019836316682190764	-0.09517181523101688	0.16591862257893575	-0.19721967542780258	0.18138111623406028	-0.12200875111604631	-0.0332493478358378	-0.06356412209330609	-0.1450598869469009	-0.19150981897665076	0.19164692914873174	-0.14542527932730073	-0.06403724938314326	-0.0328157514023358	0.12172114205658636	0.18123534897018906	-0.19705435444092073	0.16542702035972423	-0.09401127763731033
0.08314507179351667	-0.1508883361546289	0.1906559400505174	-0.19502689158105396	-0.1631304734113111	0.10084495495238704	-0.019738406087620133	-0.06507066611628395	0.13774105104297749	0.1846901805364763	-0.19715653417626558	-0.17284810842899506	0.11635929885705966	-0.03827896303771198	-0.04683304759489907	0.12320553326155086	0.1768168969968456	-0.1979877389775852	0.18311187913963375	-0.13520692030135392	0.06320635025556827	-0.019824556899997705	-0.09914746918156025	-0.16096810753354487	-0.19472598282928527	-0.19472598282945117	0.1609681075335003	-0.09914746918136785	-0.019824556900037166	0.06320635025537032	-0.13520692030147013	0.18311187913987687	0.19798773897732933	-0.1768168969967094	0.12320553326164178	-0.046833047594902345	-0.038278963037745604	-0.11635929885682642	0.1728481084286469	0.1971565341764601	0.18469018053678193	-0.1377410510428271	0.06507066611615003	-0.019738406087616223	0.10084495495263997	-0.16313047341162537	-0.1950268915805749	0.19065594005000966	-0.15088833615503502	0.0831450717943543
0.07196830799280705	-0.13407967925154543	0.1778058390280981	-0.19710847069680898	-0.18927982084037376	0.15534130423463213	-0.09993157844735213	0.03068551331502597	0.042818225678278816	0.11039518259942767	-0.16268641946899326	-0.19247460915612902	0.19569296863049992	-0.171981164577157	0.1247099790074843	-0.0604750044471371	0.011862686649273672	-0.08244487886446353	0.14180390953882466	-0.18216154473700508	0.1984442964824727	0.18886881434109307	0.15503232349193355	0.10154341795934298	0.035316054928896196	-0.035316054928904404	0.10154341795948563	-0.15503232349200152	-0.18886881434085165	-0.19844429648243242	0.18216154473731894	-0.1418039095389126	-0.08244487886419594	0.011862686649207642	0.060475004447045545	-0.12470997900749628	0.17198116457717796	0.19569296863026317	-0.1924746091560024	-0.16268641946933526	-0.11039518259964759	0.04281822567814047	0.030685513315127793	0.0999315784473521	-0.15534130423492	0.1892798208405886	0.19710847069626716	-0.17780583902766206	0.13407967925196654	-0.07196830799354365
0.06051151459969058	-0.11523162584397487	0.1589059053458845	-0.18731218789785165	-0.19767134708786	0.18893167416484222	-0.16189180600556555	0.11914139027152472	-0.06481865002794875	-0.004205951555393025	-0.05679568800033639	-0.11225764675207524	0.15681728667941294	-0.18621114215814755	0.19769186613354575	-0.19028594014905548	-0.16486608772510422	0.12403168904135257	-0.07181094308411219	0.013219111356801634	0.046273210435177396	0.10129192697273813	0.14705529928623656	0.17974989763978058	0.19675818843265602	0.19675818843281098	-0.1797498976397604	0.14705529928607863	0.10129192697262689	0.04627321043527355	0.013219111356760708	-0.07181094308428716	-0.124031689041333	0.16486608772504333	-0.19028594014903363	0.19769186613355	-0.18621114215812878	-0.15681728667927153	0.1122576467521529	0.05679568800061162	-0.004205951555359626	0.06481865002803594	-0.11914139027156727	-0.16189180600555056	0.18893167416510934	-0.19767134708795475	-0.18731218789726736	0.15890590534549684	-0.11523162584436238	0.06051151460030922
0.048841262232814965	-0.09467460963426401	0.1346640868526885	-0.16631312501740228	-0.18762038099118833	0.19721363723417332	-0.19444956692124318	0.17946808036989856	-0.15319352740227096	-0.11728018239465751	0.07400493981180503	0.026115047709198157	0.023357534914905668	-0.07130115948864502	0.11473379515328397	-0.1510015521086342	-0.17795219047210997	0.1940707286110172	-0.19856596156823944	0.19139902243003332	-0.1732490474246623	-0.145418131222554	-0.10968912741162258	-0.06816343738843311	-0.02311444434285373	0.023114444342841788	-0.06816343738851662	0.10968912741167286	0.14541813122234934	0.17324904742457312	-0.1913990224303255	0.19856596156849735	0.19407072861079447	-0.17795219047202734	0.1510015521087062	-0.11473379515330778	0.07130115948863502	0.02335753491494854	0.026115047708980415	0.07400493981173295	0.11728018239483315	-0.1531935274023052	0.17946808036990075	0.19444956692123502	-0.19721363723441715	0.1876203809912073	0.16631312501684742	-0.13466408685236866	0.09467460963460408	-0.04884126223331628
0.036989550357506444	-0.07269280930417286	0.10585879407212545	-0.13530943565532505	-0.1599802489217494	0.17896262422445003	-0.19154448769716872	0.19724534053690607	-0.1958420491689049	-0.18738282072968998	0.17218809050574888	0.1508382382998437	-0.1241489797510953	0.09313590249693174	-0.05896995371188425	0.02292579711055336	-0.01367503895444459	0.049524208374237426	-0.08338730211252347	0.11416163786097439	-0.14092538025476944	-0.16296998259051196	-0.1798071907397726	-0.19114553106150892	-0.19684114384694829	-0.19684114384709656	0.19114553106151014	-0.1798071907396533	-0.16296998259029657	-0.1409253802547716	0.11416163786118354	-0.08338730211258398	-0.04952420837411013	0.013675038954432953	0.022925797110477913	-0.05896995371186324	0.09313590249692552	0.12414897975090071	-0.15083823829959744	-0.17218809050590117	-0.18738282073001597	0.1958420491689034	-0.19724534053689036	-0.1915444876971754	0.17896262422465892	-0.1599802489217299	-0.1353094356548565	0.10585879407188173	-0.07269280930444848	0.036989550357888056
0.02517866740450762	-0.04997757688960089	0.07401664803773922	-0.09691700843359362	-0.11830550346576155	0.13782224393753473	-0.15513033661765455	0.1699264879879893	-0.18195118657278808	-0.1909974773999641	0.19691774005393306	0.19962823629284615	-0.1991114505990568	0.19541639804813682	-0.1886571195700572	0.17900952068649814	0.16670652678964817	-0.15203122664578775	0.13530730504842933	-0.11688579216002798	0.0971273364584574	0.07638034792110612	0.05495779184951097	0.03311861014745266	0.01106170270056278	-0.011061702700561199	0.033118610147496716	-0.05495779184954279	-0.07638034792099693	-0.09712733645839228	0.11688579216019143	-0.13530730504862423	-0.15203122664566124	0.16670652678957446	-0.17900952068648285	0.18865711957005551	-0.19541639804812358	-0.199111450598814	0.19962823629265405	0.196917740054204	0.19099747740031958	-0.181951186572774	0.16992648798797463	0.15513033661767447	-0.13782224393769688	0.11830550346573604	0.09691700843325507	-0.07401664803757707	0.04997757688980055	-0.02517866740476987
0.01310053351695078	-0.026154242443193705	0.03911114667639107	-0.05191575686165461	-0.06450603506709332	0.07681375813705087	-0.08876600952919624	0.1002873449396597	-0.1113021815750741	-0.12173707953414006	0.1315227373025877	0.14059566383813488	-0.1488996034259106	0.1563868810506301	-0.16301991127680504	0.16877316759954294	0.17363591590823435	-0.1776159159246537	0.18074398905288921	-0.183078725296895	0.1847096226301531	0.1857558627398641	0.18635745912127735	0.18665681185687877	0.18677251769939704	0.1867725176995327	-0.1866568118568842	0.18635745912117402	0.1857558627395915	0.18470962263007729	-0.18307872529716043	0.18074398905309064	0.17761591592443784	-0.17363591590813593	0.16877316759954464	-0.16301991127679713	0.15638688105060647	0.1488996034257325	-0.14059566383802177	-0.13152273730278505	-0.12173707953436551	0.11130218157505554	-0.10028734493964518	-0.08876600952920716	0.0768137581371375	-0.0645060350670727	-0.051915756861469625	0.039111146676305795	-0.026154242443299874	0.013100533517087287
