0.8868288594147075
0.8859666843889662
0.8845141301425137
0.8824473198925781
0.8797318715358855
0.8763219639803402
0.8721591580212219
0.8671709838661052
0.8612693202886035
0.8543486203967012
0.8462840936181656
0.8369300421180577
0.8261186844543671
0.8136599931971094
0.7993433363705031
0.7829420402763472
0.7642223434759903
0.7429584796951287
0.7189555913802165
0.6920814739828101
0.6623063154054736
0.629746251252276
0.5947019068473614
0.5576786484686131
0.5193742432644758
0.4806257567355754
0.4423213515313454
0.40529809315256493
0.37025374874774397
0.3376936845945835
0.30791852601721326
0.28104440861973645
0.25704152030480765
0.23577765652398977
0.2170579597236724
0.20065666362948992
0.18634000680287494
0.17388131554563563
0.16306995788196735
0.15371590638185237
0.1456513796032928
0.13873067971137634
0.13282901613388007
0.12784084197877213
0.12367803601964708
0.12026812846409365
0.11755268010740663
0.11548586985748341
0.11403331561103883
0.11317114058528846
