0.02934161621716047
0.029335051711472774
0.029326728250459108
0.02931923418050299
0.029314740900794282
0.029314806701692314
0.02932036688006824
0.02933165068127768
0.029348022566545038
0.029368051203550568
0.029389665341789942
0.029409722351335862
0.02942401277389576
0.029429477686908293
0.029426527487975505
0.0294181117491571
0.02940723886607107
0.029395826709382084
0.029384844963389403
0.02937475575960825
0.029365824766595598
0.029358279079887906
0.029352366127808983
0.029348325006071263
0.029346293960459756
0.02934629396048754
0.02934832500607197
0.029352366127812085
0.029358279079888347
0.02936582476660046
0.029374755759607643
0.029384844963390527
0.029395826709383267
0.029407238866071037
0.02941811174915812
0.02942652748797726
0.029429477686908283
0.029424012773895843
0.02940972235133447
0.029389665341791098
0.02936805120354867
0.02934802256654885
0.029331650681272754
0.029320366880068324
0.029314806701698268
0.029314740900783353
0.029319234180514873
0.029326728250444918
0.029335051711480008
0.029341616216999974
