0.8868288594147056
0.8859666843889552
0.8845141301425108
0.8824473198925884
0.8797318715359007
0.8763219639803455
0.872159158021221
0.8671709838661138
0.8612693202886198
0.8543486203967047
0.846284093618147
0.8369300421180313
0.8261186844543623
0.8136599931971233
0.7993433363705071
0.7829420402763274
0.7642223434760056
0.7429584796951931
0.7189555913802614
0.692081473982786
0.662306315405413
0.6297462512522495
0.5947019068474273
0.5576786484686485
0.5193742432644192
0.4806257567355189
0.4423213515313807
0.40529809315263143
0.3702537487477189
0.33769368459452065
0.3079185260171855
0.2810444086197794
0.2570415203048696
0.23577765652400676
0.21705795972365208
0.2006566636294962
0.18634000680289092
0.1738813155456302
0.16306995788193915
0.1537159063818306
0.14565137960329497
0.13873067971139416
0.13282901613389228
0.1278408419787778
0.12367803601965918
0.1202681284641123
0.11755268010741757
0.11548586985748113
0.11403331561103
0.1131711405852884
