0.9852861543731561
0.9850905705756907
0.9848222296614746
0.9844694440017265
0.9840201897068717
0.9834606705528516
0.982773987741848
0.9819387662777096
0.9809274848710977
0.9797042329829853
0.9782215365763351
0.9764157184515031
0.9741999283762418
0.9714534013781757
0.9680044227277094
0.9636024940341679
0.9578712910535486
0.9502262493337734
0.9397245038840526
0.9247814962877028
0.9026211569094715
0.8682173578174842
0.8124977558848703
0.7210652906062531
0.5823851366244457
0.4176148633749024
0.27893470939374776
0.18750224411508276
0.1317826421824403
0.09737884309046285
0.07521850371226568
0.060275496115893445
0.049773750666149086
0.04212870894638732
0.03639750596577451
0.03199557727222757
0.028546598621761343
0.025800071623703125
0.023584281548441388
0.021778463423608785
0.020295767016953348
0.019072515128841006
0.018061233722232603
0.01722601225809331
0.016539329447087147
0.015979810293066974
0.015530555998212717
0.015177770338461042
0.014909429424236563
0.014713845626751392
