0.036867120057622695
0.03241983547782383
0.0310515319358025
0.030427751321689615
0.030083105482830032
0.029866830101925375
0.02971414473170795
0.029592793215660836
0.029506035604113752
0.029458053143300293
0.029434198769214756
0.029425016643675188
0.029433100918350913
0.029451205162738428
0.029466747074132313
0.029479724406777638
0.02949120229181673
0.02950088901895167
0.02950711859104924
0.029506590803362827
0.029494011864108653
0.029462764483173025
0.029410723160311868
0.029362083723049097
0.029477912547888098
0.02947791254782194
0.0293620837230494
0.02941072316031245
0.02946276448317604
0.029494011864107925
0.02950659080336442
0.029507118591051998
0.02950088901895665
0.029491202291822793
0.029479724406781538
0.02946674707413438
0.02945120516274339
0.029433100918364347
0.029425016643677547
0.029434198769227246
0.029458053143316797
0.02950603560412632
0.02959279321567937
0.0297141447317432
0.029866830101972983
0.0300831054828916
0.03042775132179119
0.031051531936001485
0.032419835478298124
0.036867120059328816
