0.036867120057498176
0.03241983547753416
0.031051531935671804
0.030427751321572223
0.03008310548272098
0.029866830101889657
0.029714144731698703
0.029592793215663236
0.02950603560412678
0.02945805314332539
0.029434198769229127
0.029425016643667624
0.029433100918351413
0.02945120516272655
0.02946674707413093
0.02947972440677847
0.029491202291822918
0.02950088901895693
0.029507118591047772
0.029506590803357748
0.02949401186410379
0.02946276448317421
0.029410723160310858
0.02936208372304793
0.029477912547829957
0.029477912547888386
0.029362083723049163
0.029410723160312735
0.02946276448317544
0.02949401186410987
0.029506590803359184
0.029507118591049666
0.029500889018956658
0.029491202291827934
0.029479724406782017
0.029466747074130564
0.029451205162732433
0.029433100918349702
0.029425016643678407
0.029434198769232797
0.02945805314333487
0.029506035604148627
0.029592793215691006
0.02971414473173016
0.029866830101944273
0.03008310548280414
0.030427751321699427
0.031051531935929348
0.032419835478123125
0.03686712005940315
