0.003932674010586474	-0.009828533569684016	-0.017826587041201908	-0.027417313557014576	-0.03813692066964785	-0.049623636339423106	0.061604737937768474	-0.07387336869799094	-0.0862689794834479	-0.09866247224411033	-0.1109453798588456	-0.12302155215450229	0.134800682991646	-0.1461919475719881	-0.1570976049949867	-0.16740463727111263	-0.17697487116134866	0.1856308056527374	-0.19313940737332352	-0.1991915590720366	0.20339366700570438	-0.20530937443231936	0.20468766745319422	0.20205187936844352	0.19944942889742248	-0.19944942888728043	0.20205187936602736	-0.2046876674525031	0.20530937443174732	-0.2033936670049456	-0.19919155907205943	-0.19313940737326485	-0.1856308056525889	-0.17697487116169588	-0.1674046372710701	-0.15709760499472505	-0.14619194757202877	0.13480068299195855	-0.12302155215446076	0.11094537985938138	-0.09866247224457683	0.08626897948297266	0.07387336869722345	-0.06160473793735593	-0.049623636339348874	0.03813692066874125	0.027417313555802948	0.01782658704050807	0.009828533569107943	-0.003932674009989877
0.008527851617385002	-0.021131961659508505	-0.03788949796075347	-0.05741589298377768	-0.07840655492477693	-0.09977793858706377	0.12065145121357866	-0.1403118457274338	-0.15817121055273578	-0.17374265573871486	-0.18662190805276596	-0.19647522001654294	0.20303116086192924	-0.20607536687165454	-0.20544686463071285	-0.20103668405888284	-0.19278872493057506	0.18070524458998805	-0.16485933467412192	-0.14541940846052628	0.12269462803109771	-0.0972131184488805	0.06982125611278278	0.041673227532933434	0.013785232619333586	0.013785232619316802	-0.0416732275327514	0.06982125611312245	-0.09721311844929781	0.1226946280309894	0.1454194084607296	0.1648593346744457	0.1807052445904347	0.1927887249314434	0.20103668405910288	0.2054468646306422	0.2060753668721379	-0.2030311608628639	0.1964752200168581	-0.18662190805395965	0.17374265573986536	-0.15817121055234062	-0.14031184572655403	0.12065145121322012	0.09977793858710089	-0.07840655492295077	-0.057415892981263365	-0.0378894979593045	-0.021131961658307878	0.00852785161613416
0.014259292611639706	-0.03487470574966389	-0.06142365903709087	-0.09093617826657173	-0.12058762365495847	-0.14800369530604532	0.1712820494654397	-0.18895767626025597	-0.19996721532467024	-0.20362106336710753	-0.1995809257999694	-0.18784099907524687	0.1687087778634855	-0.1427853675556797	-0.11094320067840413	-0.07430415419536503	-0.034217017705658194	-0.007760908737129388	0.049880696067492555	0.09021394572929631	-0.1266783195697618	0.1571200724278488	-0.17961952319397936	-0.19324190411052372	-0.19901441795088304	0.19901441794108377	-0.19324190410845546	0.17961952319321287	-0.1571200724275111	0.12667831956972858	0.0902139457296436	0.04988069606762808	0.007760908737170876	-0.03421701770566371	-0.07430415419534486	-0.11094320067835016	-0.14278536755587018	0.16870877786390667	-0.18784099907536314	0.1995809258014497	-0.203621063368859	0.19996721532455305	0.1889576762593719	-0.17128204946518252	-0.14800369530634175	0.12058762365239128	0.09093617826269129	0.061423659034541535	0.034874705747399884	-0.014259292609387103
0.02113832510458785	-0.05081453926786421	-0.08739257256337643	-0.12536324355191525	-0.15961059493101784	-0.18603607510728656	0.2017023069611323	-0.20484144426780704	-0.1948149987035985	-0.17204054188323142	-0.13788681070046954	-0.0945373118164457	0.04482462627290587	0.007960132654666737	0.06027490351601311	0.10854370979150615	0.14937437037398213	-0.1797722690531429	0.19734626324964388	0.200509847407786	-0.18868674864369822	0.16254208734368564	-0.12422038689817057	-0.0773466065676883	-0.02615701670285379	-0.02615701670297344	0.07734660656785827	-0.12422038689894793	0.16254208734452916	-0.18868674864401092	-0.20050984740850605	-0.19734626325024293	-0.1797722690536785	-0.1493743703747047	-0.1085437097914268	-0.060274903515571424	-0.007960132654376308	-0.044824626273197235	0.09453731181716395	-0.13788681070277925	0.17204054188619897	-0.1948149987049323	-0.2048414442682079	0.20170230696208774	0.18603607510879036	-0.15961059492856036	-0.12536324354721182	-0.08739257255995825	-0.05081453926459777	0.021138325101276105
0.029079194043193906	-0.06840618414201506	-0.11413067449541835	-0.15711613780327566	-0.18935892628773437	-0.2051683856857141	0.20151285496990068	-0.17801589183468605	-0.13673670894517545	-0.08177766501621217	-0.01875351397523356	0.04583945193018875	-0.10530475001273241	0.15342668120184697	0.1850939208429259	0.19682091067726762	0.1871234139189345	-0.15672742918399182	0.10859033885437257	0.04773775142448281	0.01909796372105302	-0.08406327801520042	0.13917261342829895	0.17794291922815886	0.19732646668506962	-0.19732646667563783	0.17794291922651972	-0.13917261342759935	0.08406327801523128	-0.019097963721825817	0.04773775142393247	0.10859033885419181	0.15672742918382956	0.18712341391909146	0.19682091067691973	0.18509392084235718	0.15342668120164246	-0.10530475001265602	0.04583945192926535	0.01875351397719167	-0.08177766501913752	0.13673670894756867	0.17801589183649225	-0.20151285497207552	-0.20516838568829646	0.18935892628551104	0.15711613779794337	0.11413067449128998	0.06840618413778307	-0.029079194038758277
0.037994343110411714	-0.0870794167037622	-0.13997251093342242	-0.182908007161021	-0.20496689313805788	-0.2000620972206841	0.1673998936217791	-0.11108587319243614	-0.03912693544026782	0.03799584174714824	0.10899348382780533	0.1634663084756189	-0.1934222656805052	0.1944298337456745	0.1662646326144416	0.11297352510607343	0.04235107736205446	0.035107706606481284	-0.10765664595275436	-0.16398857696134622	0.19498624794429892	-0.19536350318790424	0.16498797568234747	0.10935760729470845	0.038136309991892485	0.03813630999212136	-0.109357607295823	0.16498797568338167	-0.1953635031887189	0.19498624794531086	0.1639885769626056	0.10765664595296823	0.03510770660612183	-0.0423510773624006	-0.11297352510638768	-0.16626463261483046	-0.19442983374653472	0.19342226568144533	-0.16346630847522112	0.10899348382664914	-0.03799584174451752	-0.03912693544389416	-0.11108587319618764	0.1673998936259654	0.20006209722554671	-0.20496689313785318	-0.1829080071566152	-0.13997251092946075	-0.08707941669877312	0.03799434310475174
0.04784732234664646	-0.10636032506633095	-0.1634765023458836	-0.2001376693635555	-0.2034444836377475	-0.1695304871261138	0.10359311231406633	-0.01809189583674348	0.07026332859636739	0.1441142606824891	0.1889914875430009	0.19616761261769577	-0.16434200195779075	0.09987849808983391	0.015581178773073365	-0.07175864414298795	-0.14458799640000053	0.18801774582990094	-0.19282280778039662	-0.15747811562989247	0.08880298854668864	-0.000992379114373894	-0.0871512815821237	-0.15680415130349534	-0.1945294753443694	0.19452947533481593	-0.15680415130217903	0.08715128158230287	0.000992379113838387	-0.08880298854586838	-0.15747811562952177	-0.1928228077798363	-0.1880177458292193	-0.14458799639992226	-0.0717586441426278	0.015581178773711377	0.09987849809072172	-0.1643420019586313	0.19616761261751556	-0.1889914875429056	0.1441142606811664	-0.07026332859271936	0.018091895841578224	-0.10359311231968801	-0.16953048713269966	0.20344448363935624	0.20013766936002414	0.16347650234219	0.10636032506088813	-0.04784732233995661
0.0585698209099755	-0.1257028362431226	-0.18323174412217397	-0.20680424959772647	-0.18379128815574552	-0.11664582999248757	0.021114181927317233	0.07887477148130677	0.1579960285552259	0.1962746897474432	0.1842062699770717	0.125101402018445	-0.03417847968564934	-0.0653052102239893	-0.14790268573270077	-0.19237313868457698	-0.18707080594770556	0.13301394744125	-0.043849936733003685	0.05736019248433694	-0.14389433862384182	0.19243086684890068	-0.18979644269341736	-0.13727742076681618	-0.049853745785651105	-0.049853745786429905	0.13727742076813526	-0.1897964426950969	0.19243086685025268	-0.14389433862464962	-0.05736019248473948	0.04384993673309503	0.133013947441513	0.1870708059485489	0.19237313868503264	0.14790268573230994	0.06530521022294597	0.0341784796869953	-0.1251014020196811	0.18420626997897785	-0.19627468974854012	0.1579960285530382	0.07887477147661293	0.02111418193386599	0.11664583000109913	-0.18379128816063794	-0.20680424959686322	-0.18323174411992954	-0.1257028362377116	0.05856982090218153
0.07005177652614747	-0.14445665044068132	-0.19780497593472604	-0.20142134468109774	-0.14670990856521293	-0.047672425494621154	-0.06528189664511347	0.15646591095444806	0.19704277392263295	0.17440893972162994	0.09611191197980315	-0.012690802738268715	0.11728257693105801	-0.1843652242605326	-0.19255236248616048	-0.13914078899215293	-0.04107811257173418	-0.07022446986454751	0.15871075881450156	0.19521804646446772	-0.16718035937889075	0.0833702067435246	0.02838600665896303	0.13075869107262925	0.19089565564509056	-0.1908956556359178	0.1307586910719123	-0.028386006659446614	-0.08337020674269255	0.16718035937758466	0.19521804646397597	0.15871075881430083	0.07022446986432761	-0.041078112572082305	-0.13914078899238544	-0.19255236248563143	-0.18436522425957133	0.11728257693003849	-0.012690802736685948	-0.09611191198233993	0.17440893972429794	-0.19704277392236808	-0.15646591095089743	0.06528189663873772	-0.047672425503998694	0.14670990857255894	0.20142134468246056	0.19780497593368956	0.1444566504352953	-0.07005177651724359
0.08216165840314622	-0.1619574341421275	-0.20599700422690878	-0.1835018162920454	-0.09512753250359762	0.028084028298365385	-0.13917436015675644	0.1952574957416112	0.1748950843423008	0.08643550053994788	-0.035452693721246334	-0.14337058660897206	0.19552465461571986	-0.17178253205521118	-0.08138299274134364	0.040589205122173296	0.14663497559270272	-0.1951448370064088	0.16666852621062886	0.0718982178202436	0.05195176420694157	-0.15545797483825885	0.19699841527650033	0.16041187145305102	0.06131738158832613	0.06131738158953102	-0.1604118714550831	0.19699841527840217	-0.15545797483936663	0.05195176420767492	-0.0718982178204388	-0.16666852621140177	-0.1951448370068992	-0.14663497559293506	-0.04058920512165079	0.0813829927420376	0.1717825320558049	-0.19552465461601296	0.1433705866077853	-0.03545269371869116	-0.086435500544076	0.1748950843452487	0.19525749574111254	-0.1391743601521379	-0.028084028289136923	-0.09512753251360283	-0.1835018162966607	-0.20599700422824588	-0.1619574341377261	0.08216165839366431
0.09475874837131187	-0.17755944469976112	-0.20690990087279482	-0.15358753887696608	-0.033831146348850503	0.09979374244814891	-0.18595819939368133	0.18499193747384918	0.09783791028732804	-0.03459729051976233	-0.15070006603131847	-0.19673930375588775	0.15156481584094952	-0.03620745345042845	0.09588607729556321	0.18346195357010084	0.1857222058159428	-0.10135160707312102	-0.030473064653157002	-0.1478789181736897	0.19509134968443625	-0.14919462094149094	0.031881335106903386	-0.10076814739350724	-0.18658351167544937	0.18658351166670184	-0.10076814739324946	-0.03188133510581731	0.14919462094015729	-0.19509134968341593	-0.14787891817336285	-0.030473064652890507	0.10135160707296345	0.18572220581573406	0.18346195356958558	0.09588607729479913	-0.0362074534513043	0.15156481584162357	-0.19673930375523233	0.15070006602956718	-0.03459729051569592	-0.09783791029208637	-0.18499193747578818	0.185958199391106	0.0997937424403296	0.03383114636000015	0.15358753888383242	0.20690990087591166	0.1775594446961996	-0.0947587483612956
0.10769128277650344	-0.19066220886329374	-0.20003978187180782	-0.11331058113439328	0.03094710199127583	0.1567309197377122	-0.19598840318437252	0.12774344029567955	-0.010210137052520996	-0.14231196271590557	-0.19661847621583448	-0.1438009643779814	0.012786477783243991	0.12512993763196795	0.19496573822566896	0.1586792891601717	0.035916567094786876	0.1063759565692891	-0.19012599415667247	-0.16885320101187692	0.05376543826945684	0.0915779990961766	-0.18630355340551508	-0.17812417670933084	-0.07250722373305228	-0.07250722373476468	0.17812417671196834	-0.18630355340761628	0.09157799909697598	0.05376543826920077	0.16885320101246543	0.19012599415727016	0.10637595656943623	-0.03591656709534085	-0.1586792891611601	-0.19496573822601015	-0.12512993763121197	-0.012786477784614433	0.14380096437906648	-0.19661847621624182	0.14231196271341856	-0.010210137046937476	0.1277434403004918	-0.19598840318516844	-0.1567309197328465	0.03094710198003788	-0.11331058114365776	-0.20003978187758262	-0.19066220886181184	0.10769128276679933
0.12078609758672232	-0.20069067417987543	-0.18522944713769005	-0.0651468024806912	0.09241919875202688	0.1902096061806264	-0.1669113956194842	0.03779099438232249	-0.11503203909926889	-0.1949115794544373	-0.15167257656298616	-0.012857807934798382	-0.1339630911907849	0.19636729217771678	0.13509233308846608	-0.011297074443510932	-0.15051002961802934	0.19447082543396071	-0.11504521562112435	0.03756903022984383	-0.1659838314785419	0.18762946326257549	-0.08839991777727652	0.06783151439363493	0.18167183818443436	-0.1816718381760971	0.06783151439394385	0.08839991777575996	-0.18762946326108476	0.16598383147792511	0.037569030229991376	-0.11504521562075158	-0.1944708254333145	-0.15051002961741075	-0.011297074442563048	0.13509233308886207	0.1963672921771148	-0.1339630911895445	-0.012857807936444978	0.15167257656437044	-0.194911579453619	0.11503203909443596	-0.03779099438817882	0.16691139562255317	0.19020960617873953	-0.09241919874184341	0.06514680249108748	0.18522944714510417	0.2006906741799197	-0.12078609757721347
0.13386103318850043	-0.20714851751361088	-0.1627582016440871	-0.01233917497160939	0.1439174733324491	0.19494850930504629	-0.10431112121597688	-0.06184349654020054	-0.18297500755795215	-0.17163886148860352	-0.03634774681380053	0.1250941908256656	-0.19632266967700782	0.12610693938105533	-0.03493826861762695	-0.17076231656741817	-0.18333311348822778	0.0634091045673422	0.10230136137851185	0.1933571754301279	-0.1430338724583248	-0.012256714489252618	0.15890944284249534	0.18992031977364565	0.08339666943690785	0.0833966694391421	-0.18992031977673823	0.15890944284452674	-0.012256714489697739	-0.14303387245860327	-0.19335717543106543	-0.10230136137879967	0.06340910456758778	0.18333311348882883	0.17076231656728827	0.034938268616885725	-0.12610693938183512	0.19632266967712708	-0.12509419082423223	-0.03634774681619532	0.17163886149057522	-0.18297500755577373	-0.06184349653461649	-0.10431112122137048	-0.19494850930709004	0.14391747332472649	-0.012339174982521996	-0.16275820165353147	-0.20714851751606703	0.13386103318001874
0.14672713379273825	-0.20963031861836684	-0.1333244660200716	0.04136862382498023	0.1796892840413698	0.16995874679151615	-0.020614114492654042	-0.1454507811446479	-0.19206064130736944	-0.08133106791947803	0.09590568176469917	0.19480228165744748	-0.13473953894901725	-0.03518734847204948	-0.17634076395841006	-0.1735273727420237	-0.02897198294179428	-0.13917398655496513	0.1930708553733319	0.08821377459915243	0.08920734737201995	-0.19260171120654634	0.1363129909395386	-0.032995074558301696	-0.1761981025781888	0.17619810257031832	-0.032995074559207686	-0.13631299093764906	0.19260171120516234	-0.08920734737205147	0.08821377459857808	0.19307085537257002	0.1391739865544215	-0.028971982942005727	-0.17352737274191715	-0.17634076395771192	-0.035187348471118776	-0.13473953894931812	0.19480228165620486	-0.09590568176242668	-0.08133106792254602	0.1920606413074583	0.1454507811403186	0.020614114498703637	0.16995874679601272	-0.1796892840361281	-0.041368623814498635	0.1333244660301587	0.20963031862220424	-0.14672713378487284
0.1591958062822441	-0.20785082232765192	-0.09804287825399802	0.09200926771367599	0.19560486095072466	0.11884637905237105	0.06727666531012105	-0.19125497402478825	-0.13919503664338242	0.040786361556367015	0.18339253687465998	0.15796631812159584	0.012083543474909532	-0.17103447388012716	-0.17340258741861292	-0.01701376129548432	0.15487728632097778	-0.18457625944948644	0.04469074783794857	-0.136070850143999	0.19078554699066363	-0.06862755362504389	-0.11741881090530948	-0.19548020069601138	-0.0939581092317416	-0.09395810923452041	0.19548020069947453	-0.11741881090708754	-0.06862755362510625	0.19078554699144762	0.13607085014487835	-0.04469074783803168	-0.18457625944987963	-0.15487728632124612	0.017013761296298485	0.17340258741930767	0.17103447387993032	-0.01208354347411509	-0.15796631812188458	0.18339253687374	-0.04078636155304379	-0.13919503664637778	-0.19125497402319522	0.06727666530450149	-0.11884637905921587	0.19560486094917354	0.09200926770464535	-0.09804287826455392	-0.20785082233364588	0.15919580627576133
0.17107581749561648	-0.2016396385441543	-0.05836278640923508	0.1357552164942759	0.18971710478338338	0.049348749827727946	0.14141134617712747	-0.18716934974346	-0.04129784680892773	0.1468736223682932	0.18515881933574357	0.034593292778627674	0.15126135502742216	-0.18302749826282472	-0.028374898288656122	0.15509119023570117	0.18029568080795688	-0.021487302793217207	-0.15906593231788901	-0.17647324790933244	0.012810115889221308	0.16374488484799712	-0.17154545345808708	-0.0026560304101960375	0.17018132543108364	-0.1701813254236941	-0.002656030408723634	0.1715454534560354	-0.1637448848469508	-0.012810115888622357	-0.17647324790859403	-0.15906593231724805	0.02148730279323423	0.18029568080776612	0.1550911902349767	-0.02837489828915478	-0.18302749826244824	0.15126135502649066	0.03459329277943243	-0.18515881933558903	0.1468736223657709	0.04129784681295631	0.1871693497439027	-0.14141134617267684	0.049348749835084825	-0.1897171047843583	-0.13575521648677902	0.058362786419310475	0.20163963855118638	-0.17107581749001363
0.18218170838286038	-0.190962593294615	-0.01601629132675175	0.16922497266802883	0.16253762600368235	-0.027811209314081226	0.18649917963957843	-0.1340979427515199	0.06999545404393304	0.19519698296646135	0.10027129719912269	-0.10772452228157668	0.19447168590273128	-0.06231575472983881	0.13992968268113118	0.1845331568383235	0.02126094862002581	0.1658016366909869	-0.1655339797284706	0.021731264713789205	-0.18392608537562602	0.13711516634211388	0.06561765212217838	0.19467073719273345	0.10416442910681104	0.10416442911017475	-0.19467073719644568	0.06561765212353436	0.1371151663425956	-0.18392608537654973	-0.021731264714180246	0.16553397972889672	0.16580163669118278	-0.02126094862040642	-0.18453315683902552	-0.13992968268102202	0.06231575473037653	-0.19447168590302272	0.10772452228078094	0.10027129720034605	-0.19519698296603763	0.06999545404011852	-0.1340979427543405	0.18649917963731416	0.027811209306935016	0.16253762600781785	0.16922497266331418	-0.016016291335974403	-0.19096259330310053	0.1821817083790397
0.1923360691078721	-0.17592227074797662	0.02707321594416244	0.18976934574775375	0.11700417138025429	-0.10062099999058363	0.1931582101066068	-0.04583836263229874	0.15853520683767047	0.16662407421318282	-0.031603923529760734	-0.19086455564075225	0.11419626940549688	0.10361905597922184	0.19336066739102506	0.04412222417702285	-0.15950418063953337	0.16558174289476596	0.03333270893120028	0.19052549767161675	-0.1109184039486901	-0.10640263410263592	0.19113675624225196	0.03801904074008044	-0.1636339473699397	0.1636339473630722	0.038019040738100786	-0.19113675624022874	0.10640263410220964	0.11091840394754936	0.19052549767104943	0.03333270893128716	-0.16558174289381355	-0.1595041806387564	0.04412222417772638	0.19336066739086447	0.10361905597868995	0.11419626940552255	-0.19086455563967686	0.031603923528243205	0.16662407421390807	-0.15853520683488775	0.045838362635763574	-0.19315821010567374	-0.10062099998456117	-0.11700417138591884	-0.18976934574483054	-0.02707321593613405	0.17592227075679312	-0.1923360691052066
0.20137558021421093	-0.1567626951666477	0.06888720174780803	0.1957078024186478	0.058189659124386686	-0.15765794744302153	0.1599175272274369	0.05446505314427299	0.1954366507645123	0.07231124907414455	-0.1486452362447281	-0.1690877739469013	-0.03862523747722584	0.1942860154636669	0.08793270234247202	-0.1369248955666527	-0.1768728172377413	-0.021904274651809788	0.19077391584205167	0.10150946296888931	0.12479964265762916	-0.18149795316595313	-0.008149956908519433	-0.18755018717828845	-0.11398940506700252	-0.11398940507092718	0.1875501871820702	-0.008149956909318976	-0.1814979531669018	0.12479964265856099	-0.10150946296906271	-0.19077391584266104	-0.02190427465197073	0.17687281723805565	0.1369248955665384	-0.08793270234305736	-0.19428601546360813	0.03862523747673133	0.16908777394709787	-0.14864523624397763	-0.07231124907615445	0.19543665076403116	0.0544650531412339	0.15991752722815206	0.15765794743879544	0.058189659131653866	0.1957078024183264	0.0688872017417162	-0.15676269517603378	0.20137558021354324
0.20915158889024915	-0.13385730950837263	0.10742885384085706	0.1864908470268385	-0.007258041476436648	-0.189909731151036	0.09356931747718801	0.14041498661191099	0.16859514843736048	-0.05056530158839356	-0.19586031765785097	-0.0542923247331181	-0.16686974005362706	0.14377186256948885	-0.08977408178557213	-0.19179717600009716	-0.012989122580748554	-0.18457333908614015	0.11139662493799475	-0.12486990504085194	0.17737754702037925	0.03068975816071172	-0.1934853087410193	-0.07200164919697094	0.15656749018905203	-0.15656749018269994	-0.07200164919451334	0.19348530873915892	-0.030689758160894313	-0.17737754701902594	-0.1248699050406455	0.11139662493727795	0.18457333908521417	-0.01298912258082768	-0.19179717599977725	-0.08977408178514361	0.14377186256889438	-0.1668697400527407	-0.054292324733336644	0.19586031765704975	-0.05056530158620551	-0.16859514843812237	-0.140414986609711	-0.09356931747824859	-0.18990973114813434	0.007258041469078401	-0.1864908470273243	-0.107428853836107	0.13385730951736746	-0.2091515888907458
0.2155351871535848	-0.10770214167194934	0.14082895662315578	0.16276372707112538	-0.0718721481257684	-0.1922318374322485	0.007812501582917231	0.18932422668729246	0.0867123712749642	-0.1534425815302157	-0.15098989998020615	0.090390638645656	-0.18894438258386143	-0.011247835264211912	-0.19364200032727102	-0.06985701297618387	0.16420903387397356	-0.13832670481651066	-0.10624691023630535	-0.1821841796452199	-0.03038033916886314	0.1942639028495585	-0.04987941450781971	0.17436617234570947	0.12340790863491968	0.12340790863938823	-0.1743661723494681	-0.04987941450764072	0.1942639028508186	-0.0303803391696201	0.18218417964578137	0.10624691023683985	-0.13832670481654583	-0.16420903387415126	0.06985701297659248	0.19364200032774073	0.011247835264305879	0.1889443825837479	-0.09039063864540393	-0.15098989998013929	0.15344258152874754	0.08671237127715262	0.1893242266866087	0.007812501584295256	0.19223183743154176	-0.07187214811946888	0.1627637270725291	0.1408289566198869	-0.10770214168081317	0.21553518715613093
0.22041935960302025	-0.07889968091953808	0.16744782566316965	0.12632429670751846	-0.12824243708625802	-0.164202063765878	-0.07956761399029041	0.18823761336382444	-0.023502409250278737	-0.19560511515747322	-0.03508801035403156	0.18528504833607565	-0.09075491420630513	-0.15807806685198897	-0.13821787035236274	0.11649845036792952	0.17302192196415234	0.06451590529128655	-0.1919297956331655	0.0071507923086773775	-0.193534408268738	0.05023368598983978	0.17848051787126007	0.10355286327216938	-0.14899500042262911	0.14899500041687838	0.10355286326941568	-0.17848051786979094	-0.050233685988972376	0.19353440826757018	0.007150792309010003	-0.1919297956324559	-0.06451590529130494	0.17302192196331984	0.11649845036739925	-0.1382178703522484	-0.1580780668514836	-0.09075491420590351	0.18528504833550158	0.03508801035363851	-0.1956051151561433	0.023502409248083285	-0.18823761336337255	0.07956761398889828	-0.16420206376596735	0.12824243708120656	-0.12632429670838793	-0.16744782566053043	0.07889968092734138	-0.2204193596064486
0.22372223939422012	-0.04814108516266398	0.18596647341359607	0.07999077413831078	-0.16987957140521703	-0.11021284447167823	-0.15039923419166662	0.13740028938908944	-0.12603186271638478	-0.16033551305907692	0.09732094114390903	0.1780794833604192	0.06522337530985027	-0.1899148054938475	0.030916348438339004	0.19539761163980227	0.004369501451963289	0.19430006005528028	-0.039257480131735446	0.18677810688239724	-0.0725577285520704	-0.1733338971181439	0.10333959118325174	-0.1555480638430671	-0.13239613632357577	-0.1323961363286484	0.1555480638466032	0.10333959118373211	-0.17333389711944652	-0.07255772855192297	-0.1867781068832904	0.039257480131530686	0.194300060055591	-0.004369501451898105	-0.19539761164011757	-0.030916348438438872	0.1899148054937128	-0.06522337530987614	-0.1780794833604209	0.09732094114422216	0.16033551305882066	-0.12603186271506447	0.13740028938942944	-0.1503992341907468	0.11021284447281901	-0.16987957140220347	0.0799907741386794	0.18596647341199685	-0.04814108516958202	0.22372223939935532
0.22538785788511612	-0.016181976349891772	0.19546266775720383	0.027380271747298283	-0.19197651669108454	-0.038784104714679454	-0.18993329695724523	0.050228634161521686	-0.18733212597706964	-0.06157420366348485	0.1839098871301175	0.07272165300905623	0.17966517163706122	-0.08357576765441103	0.17460153525704777	0.09405302663286322	-0.16876961494722859	0.10404478814210028	0.16216054566608806	0.1134817659157546	0.15494621890952595	-0.12238858689205087	-0.14750983800110984	-0.13169400299086273	0.1409319062463952	-0.14093190624127305	-0.1316940029877368	0.1475098380001062	0.12238858689076103	-0.1549462189089037	0.11348176591489864	0.16216054566564436	-0.10404478814125348	-0.1687696149465629	0.09405302663250392	0.17460153525678762	-0.08357576765357644	0.17966517163627158	0.07272165300837549	-0.18390988712943077	-0.06157420366339025	0.1873321259761596	-0.05022863416147462	0.18993329695583466	-0.03878410471571422	0.1919765166888446	-0.027380271746758205	-0.19546266775550078	0.01618197635521306	-0.2253878578906114
0.22538784999159409	0.01618176074183993	0.19546270273246324	-0.027380509371268798	-0.19197645240706104	0.03878418177728175	-0.1899333256513462	-0.05022846250177595	-0.18733216374745795	0.061574150526505236	0.18390987710146406	-0.0727217377203064	0.17966514345516466	0.08357577210985853	0.17460154484454993	-0.09405302228375899	-0.16876961318867115	-0.10404478620337194	0.16216054975284716	-0.11348176133012136	0.1549462183597667	0.12238858911927657	-0.14750983759924532	0.13169400306426599	0.140931906049857	0.14093190605546674	-0.13169400306761028	-0.1475098376002166	0.12238858912043603	0.15494621836016184	0.11348176133107091	-0.16216054975295505	-0.10404478620395582	0.16876961318867456	0.09405302228416072	-0.17460154484464596	-0.08357577211041586	-0.17966514345475543	0.07272173772130643	0.1839098771003862	-0.061574150526168527	-0.18733216374746392	-0.05022846250201061	-0.1899333256501798	-0.03878418177668557	-0.19197645240577274	-0.027380509372523495	0.195462702730971	0.01618176073823151	0.22538784999811973
0.22372221717195923	0.04814088666197729	0.1859665730418174	-0.07999099305103514	-0.16987938772739716	0.11021290383907263	-0.1503993140351926	-0.1374001525932685	-0.12603196837390104	0.16033549811033584	0.09732090620908261	-0.17807951070165842	0.06522331871244676	0.18991481006533054	0.030916361217825386	-0.19539761243497542	0.004369499745610277	-0.19430006030865526	-0.0392574753500761	-0.1867781064230779	-0.0725577282373657	0.17333389720347708	0.1033395923105389	0.1555480634484407	-0.13239613638227077	0.13239613637778	0.15554806344510883	-0.10333959231006237	-0.17333389720205467	0.07255772823748108	-0.1867781064221029	-0.03925747535035094	0.19430006030789204	0.004369499746057994	-0.19539761243442255	0.030916361217287296	0.18991481006475455	0.06522331871149951	-0.17807951070189265	-0.09732090620694776	0.16033549810936912	0.12603196837334477	0.13740015259317928	0.15039931403303258	0.11021290383852828	0.16987938772582156	0.07999099305292744	-0.1859665730388441	-0.04814088665994169	-0.2237222171783478
0.2204193226153407	0.07889951328566153	0.16744798286037024	-0.12632448359856896	-0.1282421579915423	0.16420208551714371	-0.07956773162812518	-0.18823754879173352	-0.023502548623571765	0.19560514277247146	-0.03508806524770474	-0.185285009245257	-0.09075494879401359	0.15807806271242078	-0.13821787460791257	-0.11649846031959077	0.17302191443834156	-0.06451590477176822	-0.19192979727223525	-0.0071507969609749525	-0.19353440657182686	-0.05023368805313925	0.17848051853591043	-0.10355286358395957	-0.1489949999485913	-0.14899499995474333	0.10355286358701092	0.1784805185373213	-0.05023368805387278	-0.19353440657268006	0.007150796960249219	0.19192979727276083	-0.06451590477148086	-0.1730219144388145	0.11649846031921834	0.13821787460845567	-0.1580780627119367	0.09075494879484292	0.18528500924493085	-0.035088065249475386	-0.19560514277155913	-0.023502548622753135	-0.18823754879165966	-0.07956773162541458	-0.16420208551661372	-0.1282421579902588	-0.1263244836010775	0.16744798285610318	0.07889951328534903	0.22041932262237393
0.21553513654421713	0.10770201988312998	0.1408291597382609	-0.16276386613284033	-0.07187180426573105	0.19223180787168434	0.007812357340384977	-0.18932426335316757	0.08671225466934009	0.15344262522335134	-0.15098994586672457	-0.0903905667635249	-0.18894437720546767	0.011247823030154695	-0.19364201311144807	0.06985700469124925	0.16420903149708468	0.138326703655845	-0.10624691396869805	0.18218417741218781	-0.030380339751595747	-0.1942639035787902	-0.04987941585238556	-0.17436617208011065	0.12340790850370491	-0.12340790849981126	-0.17436617207673755	0.04987941585237843	0.1942639035774147	0.03038033975083696	0.1821841774116158	-0.10624691396793111	-0.1383267036557474	0.16420903149607005	0.06985700469159117	-0.19364201311082418	0.011247823029057016	-0.18894437720501833	-0.0903905667617982	0.15098994586718464	0.15344262522143481	-0.08671225467026221	0.1893242633517327	-0.007812357343639856	0.19223180787008645	0.07187180426367681	0.16276386613461713	-0.14082915973188176	-0.10770201988408214	-0.21553513655069023
0.20915152638696047	0.13385724652060194	0.107429085672861	-0.18649092097061926	-0.007257676675441992	0.18990965680741712	0.09356916887833307	-0.14041511635073417	0.16859510100053407	0.0505653365388611	-0.1958603260426545	0.05429238726163298	-0.16686971004933415	-0.14377186763280736	-0.08977408250326145	0.19179718391162587	-0.012989113317277189	0.18457333331112424	0.11139662536320674	0.12486991028980228	0.17737754428039343	-0.030689755846126737	-0.19348530998667413	0.07200164929030273	0.15656748982232896	0.15656748982895316	-0.07200164929294706	-0.19348530998830538	-0.030689755845852252	0.17737754428151306	-0.12486991028947672	-0.11139662536387206	0.18457333331145573	0.012989113318092084	-0.19179718391172262	0.08977408250262284	0.14377186763390445	0.1668697100483405	-0.054292387263380405	-0.19586032604212436	-0.050565336536916236	0.16859510100126113	-0.14041511634837023	0.09356916888142588	-0.1899096568053232	-0.007257676672576743	-0.18649092097160505	0.1074290856651409	0.13385724652289377	0.2091515263933909
0.20137550820632563	0.1567626967607762	0.06888744329743925	-0.19570780096868373	0.05818999440009923	0.1576578482759864	0.1599174113665629	-0.05446522917954509	0.19543667938353207	-0.07231122631062459	-0.1486452087145356	0.16908779907002144	-0.03862520564633408	-0.1942860094928847	0.08793271885648543	0.13692490643928434	-0.1768728053861702	0.021904276137487532	0.1907739196782728	-0.1015094596589906	0.12479964164403085	0.18149795342375277	-0.008149955726695902	0.18755018793076111	-0.11398940439864425	0.11398940439532433	0.18755018792741404	0.008149955726082474	-0.18149795342268624	-0.1247996416429353	-0.10150945965923022	0.19077391967748653	-0.021904276136788428	-0.17687280538585506	0.13692490643817015	0.0879327188571351	-0.1942860094922287	-0.038625205644499	0.1690877990705238	0.14864520871187156	-0.07231122631230054	-0.1954366793827219	0.05446522917595251	-0.1599174113682754	0.15765784827223112	-0.058189994403360853	0.19570780096740825	-0.06888744328784176	-0.15676269676340904	-0.20137550821160854
0.1923359893909361	0.17592233794946438	0.027073452831437524	-0.1897692681024942	0.11700443512107372	0.1006208937294936	0.19315815620168109	0.045838192831280815	0.1585352916568249	-0.1666240653258953	-0.031603883290242496	0.1908645353337181	0.11419628843669369	-0.10361904572147262	0.19336068167936477	-0.04412222871241873	-0.15950418367737776	-0.165581730176279	0.033332708843775524	-0.19052550297334972	-0.11091840080923968	0.1064026307879419	0.1911367580050833	-0.03801904015852854	-0.1636339471657646	-0.16363394717280785	0.03801904016069659	0.19113675800683289	0.10640263078811656	-0.11091840081046928	0.19052550297367832	-0.03333270884347908	-0.16558173017708055	0.15950418367685043	0.044122228713287096	-0.1933606816799437	0.10361904572008576	-0.11419628843802346	-0.19086453533317346	-0.031603883286969746	0.1666240653266471	0.15853529165494437	0.04583819283516761	0.19315815620207152	-0.10062089372471987	0.11700443512435599	-0.1897692680995805	0.027073452820537896	0.1759223379524542	0.19233598939562124
0.182181620134516	0.19096271933158399	-0.016016059248712824	-0.16922483320901016	0.16253779935539944	0.027811103650820696	0.18649919620543626	0.1340978244016205	0.06999555807943172	-0.19519698293690443	0.1002713184651592	0.1077244768858877	0.19447168844925755	0.062315762752119114	0.13992968129270528	-0.18453317532601043	0.021260937724661828	-0.1658016260072495	-0.16553397962051614	-0.02173127136664605	-0.18392608457246018	-0.13711516756109374	0.06561765061936478	-0.1946707382839862	0.10416442798729225	-0.10416442798456631	-0.19467073828086784	-0.06561765061828376	0.1371151675604848	0.18392608457153514	-0.021731271365757057	-0.16553397962013994	0.16580162600640036	0.021260937725559575	-0.18453317532566924	0.13992968129157332	0.06231576275374242	0.19447168844874083	0.10772447688333472	-0.10027131846771158	-0.19519698293548018	-0.06999555807613658	-0.1340978244045464	-0.18649919620307026	0.02781110364520254	-0.16253779935747575	0.1692248332032788	0.016016059260548447	-0.19096271933385492	-0.18218162013772404
0.17107572176255617	0.20163981306862697	-0.058362555501290186	-0.13575503708542383	0.18971718280573155	-0.04934885427572731	0.14141141724881726	0.18716930895952455	-0.04129775444965295	-0.1468736297065586	0.18515880847420665	-0.03459333190177989	0.15126134127903376	0.1830275012678633	-0.028374911484741284	-0.1550912037855202	0.18029568162496346	0.021487296993124225	-0.1590659249737024	0.17647324952275195	0.012810110119967612	-0.16374488224612294	-0.17154545678375271	0.0026560298662573344	0.1701813247395089	0.17018132474697292	-0.0026560298679493997	-0.17154545678545655	-0.16374488224674402	0.012810110120785045	-0.17647324952350824	0.15906592497377103	0.021487296994134885	-0.1802956816253935	0.1550912037850065	0.028374911486171744	-0.1830275012686746	-0.1512613412776532	0.034593331904833734	0.18515880847508479	0.146873629703851	-0.041297754453277526	0.187169308961	0.1414114172444658	0.0493488542811024	0.18971718280668412	-0.1357550370774744	-0.05836255551338526	0.20163981307057413	0.1710757217648335
0.15919570423422671	0.20785102954741172	-0.09804264011986198	-0.0920090833500926	0.19560485649373677	-0.11884649382981728	0.06727674946467996	0.19125500469546386	-0.1391949700861695	-0.04078638402149282	0.18339250628787288	-0.15796633039490954	0.01208351907285425	0.17103446871066116	-0.17340259990622933	0.017013763934004496	0.1548773018169798	0.18457624591512858	0.04469075471584713	0.13607085382119907	0.1907855433025541	0.0686275539656689	-0.11741881072247876	0.19548020197622637	-0.09395810837875503	0.0939581083765842	0.19548020197340688	0.11741881072098843	-0.06862755396563194	-0.19078554330203176	0.1360708538199894	0.04469075471622529	-0.18457624591508914	0.15487730181567536	0.017013763935069703	-0.1734025999065544	0.17103446870925135	0.012083519070558362	-0.15796633039663394	-0.1833925062857661	-0.040786384017705964	0.13919497008876539	-0.19125500469393986	-0.06727674945842198	-0.11884649383385691	-0.19560485649213338	0.09200908333961862	0.09804264013131465	-0.20785102954789753	-0.15919570423492838
0.14672702983139252	0.20963054738331002	-0.13332421820552795	-0.04136845991410997	0.17968920678771083	-0.16995887095156822	-0.020614051757805493	0.1454508647629181	-0.19206061448026468	0.08133102907820716	0.09590565072613598	-0.19480226262714326	-0.13473956014655186	0.03518733524870567	-0.17634076615796798	0.17352738497225598	-0.028971968670624283	0.1391739865042782	0.19307085171852292	-0.08821377994562239	0.08920735178297473	0.19260170555583828	0.13631299411048015	0.03299507673333702	-0.17619810238508804	-0.17619810239291217	-0.03299507673212586	0.13631299411207212	0.192601705556838	0.0892073517827232	0.08821377994659818	-0.1930708517191114	0.13917398650397653	0.02897196867176934	-0.17352738497306308	0.17634076615740765	-0.03518733524664894	0.1347395601483852	0.19480226262709147	0.09590565072259641	-0.08133102908158552	-0.19206061448130166	0.14545086475913416	-0.020614051764546285	0.1699588709539064	0.17968920678392	-0.041368459902102396	-0.13332421821614857	0.209630547382838	0.1467270298311897
0.13386093087603898	0.20714876061342297	-0.16275794426590984	0.012339299337302474	0.1439173373614349	-0.19494863319369748	-0.10431110402689264	0.06184360358573958	-0.18297502682946923	0.1716388155919112	-0.03634776182596271	-0.12509415031729726	-0.19632267242666024	-0.12610695122893	-0.03493826153275939	0.17076232870879313	-0.1833331158351071	-0.06340909076713	0.10230135112078347	-0.19335718251615405	-0.14303386793014994	0.012256712223455162	0.15890944290140147	-0.18992032076256327	0.08339666824728385	-0.08339666824565112	-0.18992032076011658	-0.15890944289974543	-0.012256712223023627	0.14303386793016706	-0.193357182515188	0.10230135111999893	0.0634090907679594	-0.18333311583484654	0.17076232870782837	-0.03493826153100509	-0.12610695123041593	-0.19632267242617388	-0.1250941503146815	0.036347761829763806	0.1716388155932121	0.1829750268276125	-0.061843603579956594	0.10431110403269343	-0.19494863319295824	-0.143917337354833	-0.01233929935023173	0.1627579442746396	-0.20714876061112886	-0.13386093087453949
0.12078600311838163	0.20069092781988135	-0.18522918355813056	0.06514687452325198	0.09241901764083527	-0.19020971203935783	-0.1669114347801735	-0.03779089608970405	-0.11503209871639296	0.1949115428948645	-0.1516725635688154	0.012857847696826028	-0.13396307306104902	-0.19636729564423352	0.1350923463896135	0.011297077769532324	-0.1505100436425997	-0.1944708135152201	-0.11504521657723239	-0.037569026870647344	-0.1659838371997447	-0.18762945711064566	-0.08839992213897037	-0.06783151697002503	0.18167183776466522	0.18167183777282783	0.06783151696928898	-0.08839992214031178	-0.18762945711179776	-0.16598383720010704	0.037569026869828485	0.11504521657805432	-0.19447081351588405	0.15051004364183518	-0.011297077768207786	-0.13509234639099207	0.19636729564452668	0.13396307305909902	-0.012857847700175595	-0.15167256357126557	-0.19491154289399268	-0.115032098712677	-0.037790896095814194	-0.16691143478412301	0.19020971203598339	0.09241901763241701	0.06514687453631145	-0.18522918356499457	0.2006909278165191	0.12078600311619123
0.10769120200049233	0.19066247029387	-0.2000395204161596	0.11331059313243293	0.030946891404734292	-0.15673098720278217	-0.19598849106567334	-0.12774337578381537	-0.010210220881071307	0.14231195441486869	-0.19661844107950077	0.14380098415605885	0.01278650932435786	-0.12512992899826855	0.19496574842132258	-0.15867929522012564	0.035916554620418935	-0.1063759585018708	-0.19012598340149042	0.1688532110742108	0.053765430071254214	-0.09157799548839207	-0.186303554206441	0.17812417767986163	-0.07250722252788436	0.07250722252674942	0.178124177677883	0.18630355420476302	0.09157799548759767	-0.05376543007175265	0.16885321107392787	-0.19012598340088008	0.10637595850083956	0.03591655462155054	-0.15867929522062588	0.19496574842075692	-0.12512992899628886	0.012786509327111905	0.14380098415833345	0.19661844107883603	0.14231195441133715	0.010210220876262081	0.1277433757885444	0.19598849106623134	-0.15673098719640458	-0.03094689139484794	-0.11331059314449048	0.200039520420122	-0.19066247028880515	-0.10769120199735703
0.09475868939646723	0.17755971289776026	-0.20690964796973577	0.15358748636992517	-0.03383136910411809	-0.09979375497110139	-0.18595831783855343	-0.1849919244402472	0.09783782460031513	0.03459731954867947	-0.1507000261488269	0.19673929267820153	0.15156484631662398	0.03620747114841412	0.09588607753015559	-0.1834619641974971	0.18572220285007224	0.10135159533260303	-0.03047305547067596	0.14787892040043304	0.19509135296049993	0.14919461382430108	0.03188134128000858	0.10076815139089687	-0.1865835106460915	-0.18658351065450002	-0.10076815139066943	0.031881341281001875	0.14919461382549293	0.19509135296133495	-0.1478789204000679	0.030473055470091395	0.10135159533378058	-0.18572220285062813	0.18346196419724684	-0.09588607752877902	-0.03620747115093972	-0.15156484631855466	-0.19673929267864645	-0.15070002614590242	-0.03459731954425618	0.09783782460460684	-0.18499192444273715	-0.18595831783615843	0.09979375496311754	-0.03383136911449061	0.15358748638055977	-0.20690964797133155	0.17755971289165087	0.09475868939285254
0.0821616268085481	0.1619577090294017	-0.20599676635536668	0.18350170101314858	-0.09512774782750966	-0.028083978241941435	-0.1391744835386186	-0.19525753759923808	0.17489501978460345	-0.08643544017435585	-0.0354526709738808	0.14337055070104895	0.19552466803312604	0.17178255053157707	-0.0813830033581245	-0.04058921239963996	0.14663498265463798	0.1951448276820952	0.16666852410713134	-0.07189822657906507	0.05195177484542102	0.15545796642460202	0.19699841831913084	-0.16041187231893614	0.061317378947785744	-0.06131737894702652	-0.16041187231738546	-0.19699841831759135	-0.15545796642374174	-0.05195177484470675	-0.07189822657952434	0.16666852410712404	-0.19514482768172717	0.1466349826534294	-0.040589212398256726	-0.08138300335958253	0.17178255053276095	0.19552466803262378	0.14337055069875088	0.03545267096952672	-0.0864354401781126	-0.17489501978670094	0.19525753759824382	0.13917448353318115	-0.02808397823314565	0.09512774783725274	-0.18350170102125452	0.20599676635401884	-0.16195770902193457	-0.08216162680439831
0.07005177417209214	0.14445692999961587	-0.1978047599896099	0.2014211749671195	-0.14671009872808413	0.04767253519191334	-0.06528200067854076	-0.15646599779620068	0.19704274634796848	-0.17440886297327604	0.09611190344918653	0.01269075912055519	0.11728256482039484	0.18436523777282832	-0.1925523798280733	0.13914078882514708	-0.041078100249466315	0.07022446827399913	0.15871074832526655	-0.19521805549611204	-0.16718035853146188	-0.08337020184150155	0.028386000261218736	-0.13075869522567873	0.19089565398738537	0.19089565399616196	0.13075869522585643	0.02838600026049064	-0.08337020184235983	-0.16718035853248156	0.19521805549647198	-0.15871074832529714	0.07022446827307655	0.041078100250766934	-0.13914078882625389	0.19255237982879683	-0.18436523777255628	-0.11728256481850809	-0.012690759117097085	0.0961119034530374	0.1744088629752829	0.19704274634770796	-0.15646599779260664	-0.06528200067166684	-0.04767253520016222	-0.1467100987366007	0.20142117497302386	-0.19780475998626956	0.14445692999159798	0.07005177416775951
0.05856984717746939	0.12570311618372945	-0.18323155639358404	0.2068040375963675	-0.1837914392311346	0.11664598770555987	0.02111411633936175	-0.07887488455195919	0.15799604503491252	-0.19627461703694798	0.1842062279142583	-0.12510143152850808	-0.03417851448628357	0.06530521182831205	-0.14790270394827978	0.19237314867762775	-0.18707079592799472	-0.1330139383918913	-0.04384994623429714	-0.05736018787574068	-0.1438943509843383	-0.19243085769825474	-0.18979644563544645	0.1372774206288449	-0.04985374577202466	0.04985374577166186	0.13727742062765666	0.18979644563431688	0.19243085769746812	0.14389435098353132	-0.05736018787491415	-0.04384994623473036	0.13301393839255224	-0.1870707959280606	0.1923731486771846	-0.14790270394710436	0.06530521182624163	-0.03417851448878026	-0.12510143153129052	-0.18420622791568614	-0.19627461703611448	-0.15799604503196113	0.07887488454630973	-0.021114116346657223	0.11664598771210094	0.1837914392372656	-0.20680403759927546	0.18323155638811633	-0.12570311617524904	-0.05856984717302416
0.047847367513472024	0.10636059313679902	-0.16347634711994055	0.2001374359574111	-0.20344459067982656	0.16953067182804535	0.10359309018018918	0.018091778004020332	0.07026338060701848	-0.1441142088488939	0.18899142499067226	-0.1961676176154918	-0.1643420458737975	-0.0998785080621544	0.015581164083807877	0.07175865821326656	-0.14458799159029354	-0.18801773270294503	-0.19282281216134592	0.1574781272892979	0.08880297685770161	0.0009923789564204942	-0.08715127359620446	0.15680415824620442	-0.19452947297675574	-0.19452947298555304	-0.15680415824676708	-0.08715127359600354	0.0009923789571340174	0.08880297685873473	-0.15747812728986568	0.19282281216189218	-0.18801773270325464	0.1445879915897173	-0.07175865821220871	-0.015581164085487953	0.09987850806423203	0.1643420458755177	0.1961676176167517	0.18899142498994387	0.144114208846261	0.07026338060274838	0.018091778010094175	0.10359309018657743	-0.1695306718323881	-0.20344459068388854	0.20013743595829062	-0.1634763471135545	0.10636059312853353	0.0478473675091757
0.03799439891956097	0.08707966226856786	-0.1399723874685934	0.1829077709433511	-0.20496695647292673	0.20006228825253838	0.16739991310877908	0.11108576949303393	-0.039126862042719895	-0.03799582193608966	0.10899341877016484	-0.163466287281169	-0.19342230195493396	-0.1944298541019972	0.166264626233137	-0.11297351048091862	0.04235107409643425	-0.03510769519504963	-0.10765664117296339	0.16398858660561588	0.19498625184454405	0.19536348969545617	0.164987985236538	-0.10935760602565574	0.03813630661509273	-0.038136306614975045	-0.10935760602494644	-0.16498798523573674	-0.19536348969496328	-0.1949862518441417	0.16398858660482468	-0.10765664117239232	0.03510769519417762	0.04235107409741747	-0.11297351048182837	0.16626462623399504	-0.19442985410258048	-0.1934223019546114	-0.1634662872799877	-0.1089934187673654	-0.03799582193244929	0.039126862047106345	-0.11108576949816751	-0.1673999131131138	0.20006228825407496	0.20496695647446364	-0.1829077709421239	0.13997238746154442	-0.08707966226071814	-0.03799439891559598
0.029079248455666507	0.0684063923536145	-0.11413057820009699	0.15711591933707222	-0.1893589559518309	0.20516856429726968	0.20151290300807023	0.17801581233580188	-0.13673663169796557	0.0817776547552699	-0.018753565240779632	-0.04583941323867792	-0.10530476661743617	-0.1534267079707077	0.18509392654634196	-0.19682089783581913	0.1871234018597615	0.156727433735656	0.10859035222901646	-0.0477377496310962	0.019097978294050723	0.08406326811318501	0.1391726104167054	-0.1779429265446128	0.1973264635119939	0.19732646352099392	0.17794292654547914	0.13917261041687332	0.0840632681129834	0.01909797829346947	0.047737749631670136	-0.10859035222967121	0.1567274337366429	-0.18712340186041854	0.19682089783630158	-0.18509392654636025	0.15342670797017469	0.10530476661606389	0.045839413236461346	-0.018753565243900212	-0.08177765475851863	-0.13673663170150885	0.17801581233947358	0.2015129030104849	-0.20516856429692	-0.18935895595187557	0.15711591933493477	-0.1141305781934554	0.06840639234680533	0.029079248452290173
0.02113837296329911	0.050814704092079784	-0.08739250062086523	0.12536305665682226	-0.15961059882644824	0.18603622496854758	0.20170236984248666	0.2048413960221641	-0.19481493343998557	0.1720405091149733	-0.13788683511682498	0.09453735390719899	0.044824635492193565	-0.0079601564212324	0.06027492102516047	-0.1085437043832576	0.1493743542692189	0.179772263086856	0.19734627661278537	-0.20050985614660152	-0.18868673941687567	-0.16254207825881747	-0.12422040013746849	0.0773466029860246	-0.02615701298598215	0.026157012986010093	0.07734660298570285	0.1242204001369788	0.16254207825862296	0.18868673941689862	-0.20050985614615216	0.1973462766124942	-0.1797722630866154	0.1493743542686519	-0.10854370438263738	0.06027492102413018	-0.00796015641977048	0.044824635493891846	0.09453735390935139	0.13788683511896305	0.17204050911679117	0.19481493344184547	-0.20484139602375967	-0.20170236984281883	0.1860362249666023	0.15961059882522965	-0.1253630566541155	0.08739250061499206	-0.050814704086496715	-0.021138372960559575
0.014259330410016695	0.03487482459260996	-0.061423608044229284	0.09093603326063096	-0.1205876138248263	0.14800380876959832	0.1712821117472926	0.18895765277637344	-0.19996716716308724	0.2036210233505618	-0.19958093030368407	0.18784103615406797	0.16870880231968707	0.14278534585863523	-0.11094317603037346	0.07430415691642002	-0.034217038297807555	0.007760897678500774	0.04988070875041176	-0.09021396196464879	-0.12667831574538196	-0.15712005221488334	-0.17961953440145995	0.19324191082437128	-0.1990144121605672	-0.19901441216977633	-0.19324191082543637	-0.1796195344017715	-0.15712005221517877	-0.12667831574545907	0.09021396196432492	-0.04988070875007117	0.007760897677892118	0.03421703829858951	-0.07430415691733207	0.11094317603144868	-0.14278534585997749	-0.1687088023209398	-0.18784103615568418	-0.1995809303047797	-0.20362102335121	-0.19996716716374216	0.18895765277676357	0.17128211174678698	-0.1480038087674214	-0.12058761382334594	0.0909360332581535	-0.06142360803972918	0.03487482458859345	0.014259330408091228
0.008527878506992832	0.02113203808694851	-0.03788946602643943	0.05741579446518585	-0.07840654003084954	0.09977801247759502	0.12065150181529968	0.14031184018371767	-0.15817118076774878	0.17374261922515744	-0.18662189980274654	0.1964752456235218	0.203031190239863	0.20607535416452485	-0.20544684232046456	0.20103668132935357	-0.19278873925107878	-0.18070525491331313	-0.16485933170430575	0.14541939605349394	0.12269462476717727	0.09721312749465102	0.06982126249514192	-0.041673218020507066	0.013785231146782824	-0.013785231146875764	-0.041673218020426506	-0.06982126249497159	-0.09721312749468444	-0.12269462476738258	0.14541939605338763	-0.1648593317043823	0.1807052549137298	-0.19278873925136042	0.2010366813297659	-0.20544684232078858	0.20607535416492	0.20303119024008104	0.19647524562405239	0.186621899802677	0.17374261922473527	0.15817118076739695	-0.14031184018327036	-0.12065150181436997	0.09977801247563964	0.07840654002945963	-0.057415794463261505	0.03788946602342523	-0.02113203808440014	-0.008527878505808842
0.00393268818671824	0.00982857132014894	-0.017826572463088677	0.02741726425574377	-0.03813690995712764	0.049623671464347645	0.061604765735425664	0.07387336995366646	-0.08626896646700766	0.09866245114993	-0.11094537152716852	0.12302156435402052	0.13480070177619397	0.14619194155863513	-0.15709759162591794	0.16740463515430412	-0.1769748809253718	-0.18563081291897618	-0.19313940525386017	0.19919154733848743	0.20339366504986267	0.20530938381301372	0.20468767768377663	-0.20205185587179414	0.19944944026215944	0.19944944027143147	0.20205185587296487	0.20468767768422538	0.2053093838136802	0.2033936650504529	-0.19919154733847313	0.1931394052540776	-0.18563081291943764	0.17697488092557406	-0.16740463515454831	0.15709759162605602	-0.14619194155877677	-0.13480070177620762	-0.12302156435418062	-0.11094537152693526	-0.09866245114952055	-0.08626896646667082	0.07387336995330321	0.06160476573482429	-0.04962367146325942	-0.038136909956368294	0.02741726425476883	-0.017826572461619714	0.009828571318909183	0.003932688186140785
