0.9852861543731543
0.9850905705756886
0.9848222296614687
0.9844694440017189
0.9840201897068689
0.9834606705528584
0.9827739877418588
0.9819387662777245
0.9809274848711161
0.9797042329829916
0.9782215365763232
0.976415718451486
0.974199928376224
0.9714534013781627
0.9680044227277139
0.9636024940341827
0.9578712910535734
0.9502262493338001
0.9397245038840452
0.9247814962876564
0.9026211569094658
0.8682173578175117
0.8124977558848949
0.7210652906061026
0.5823851366250428
0.4176148633755288
0.27893470939369336
0.18750224411506422
0.13178264218245606
0.0973788430904412
0.07521850371226402
0.06027549611591121
0.04977375066614165
0.04212870894636789
0.036397505965761856
0.03199557727222613
0.02854659862177278
0.025800071623716225
0.023584281548451047
0.02177846342361278
0.020295767016951127
0.01907251512882746
0.018061233722215624
0.017226012258082523
0.01653932944708392
0.015979810293074145
0.015530555998220542
0.015177770338464068
0.014909429424235234
0.014713845626751975
