0.9442693347381083
0.943769007852089
0.9429274488638103
0.9417292043725115
0.9401488371268817
0.9381498392630205
0.935683135530687
0.9326848076533627
0.9290728540154385
0.9247427615828518
0.9195615728241896
0.9133600303896078
0.9059222827525465
0.8969725859740267
0.8861585272915966
0.8730307386856835
0.8570202936939771
0.837417780657751
0.8133637512961428
0.7838704691532205
0.7479098818980843
0.7046161022949029
0.6536393214560734
0.595608592172623
0.5324924448527364
0.46750755514752274
0.4043914078271281
0.34636067854366603
0.295383897704974
0.2520901181021482
0.21612953084709574
0.18663624870397744
0.16258221934211947
0.14297970630585555
0.12696926131429465
0.11384147270851408
0.10302741402606252
0.09407771724742708
0.08663996961030351
0.0804384271757872
0.07525723841723686
0.07092714598467442
0.06731519234664562
0.06431686446917773
0.06185016073678573
0.05985116287299985
0.058270795627510696
0.05707255113630364
0.05623099214801382
0.055730665261929345
