0.030052612762770985
0.02989995092421155
0.029768608573865894
0.029668654962167994
0.029592128920241254
0.029531281764963193
0.029481725535126777
0.029443209984952208
0.029417931931031982
0.0294054666386256
0.02940272326889925
0.029406983867958356
0.029414889251865188
0.029421948531719373
0.029425734455778618
0.029426493105918824
0.029425030938254812
0.029421797344394283
0.029417015443144335
0.02941104064956597
0.029404756710926475
0.029400003229555147
0.029399859291700962
0.02940754467312408
0.029419552394995482
0.029419552394982083
0.029407544673123676
0.02939985929170808
0.029400003229531405
0.029404756710923265
0.0294110406495597
0.029417015443124146
0.029421797344401673
0.029425030938263
0.02942649310592451
0.0294257344557831
0.029421948531711966
0.029414889251849007
0.029406983867953398
0.029402723268895203
0.02940546663862355
0.029417931931006783
0.029443209984971713
0.02948172553505032
0.02953128176507039
0.029592128920129177
0.029668654962186243
0.029768608574083207
0.029899950924434825
0.030052612764802797
