0.030052612727232943
0.029899950915179045
0.02976860857050362
0.029668654960133427
0.029592128920090475
0.029531281765398175
0.029481725537024182
0.02944320998343701
0.02941793193282998
0.029405466636509732
0.02940272326950019
0.02940698386617037
0.029414889252572702
0.029421948533766857
0.029425734455837897
0.02942649310677532
0.029425030938096074
0.029421797344099908
0.029417015444605614
0.02941104064898988
0.02940475670887493
0.02940000322914403
0.029399859290961835
0.029407544675257066
0.02941955239392653
0.029419552393876447
0.02940754467525749
0.029399859290987755
0.029400003229146605
0.029404756708934103
0.029411040649084622
0.029417015444588572
0.02942179734403946
0.02942503093806469
0.02942649310681643
0.02942573445588098
0.029421948533789752
0.029414889252542153
0.029406983866119396
0.029402723269482865
0.029405466636428394
0.02941793193291834
0.029443209983337805
0.029481725537175894
0.029531281765174146
0.029592128920626314
0.029668654959664878
0.029768608568982363
0.029899950912987087
0.030052612720306703
