-0.010009460315930337	-0.02021177903778035	-0.030715778761442616	-0.04153368398603007	0.052615777092950795	0.06388353605153996	0.07524804968308055	0.08661833316443444	0.09790452326722736	-0.10901856799984294	-0.11987368381742428	-0.1303831709726809	0.1404589298053801	-0.15000995621295854	0.15894115150518803	0.1671530099509028	0.1745430532898855	-0.18101023247455733	-0.1864638362167129	-0.19083853561884895	-0.19411627303234938	-0.19635206986777365	0.19769261041731254	-0.19836573093722296	-0.19861933844598212	0.19861933844374652	-0.19836573093095303	-0.1976926104112987	0.19635206987003706	0.19411627304398021	0.19083853562944406	-0.18646383621185258	0.18101023245394085	-0.17454305327319225	-0.16715300995899787	-0.15894115153510463	0.15000995623630314	-0.14045892979663027	-0.13038317093727858	0.11987368378863172	0.10901856800636277	-0.09790452330467185	-0.08661833319886651	0.07524804968260593	-0.06388353601504597	-0.05261577705007652	0.04153368397146856	0.030715778786963674	0.02021177908504965	0.01000946035180007
-0.020525622421008874	-0.04120265076070829	-0.06200290114398576	-0.08269209117184603	0.10290661505202918	0.12222982389539405	0.14023827523600976	0.1565266879303694	0.17072174360401132	-0.18249023399029496	-0.19154434606340917	-0.19764549919763472	0.20060760301033312	-0.20030037011870025	0.19665319737080245	0.1896600870456457	0.17938585125048656	-0.16597329409502126	-0.1496501122645288	-0.1307328152586127	-0.1096229117279982	-0.08678842579758106	0.0627241655542721	-0.037892837021303305	-0.012669585814221545	-0.012669585813371428	0.03789283701928419	0.06272416555236762	-0.08678842580006639	-0.10962291173685908	-0.13073281526690228	0.14965011225904162	-0.165973294072814	0.17938585123081485	0.18966008705503076	0.19665319741061374	-0.20030037015340066	0.20060760299994454	0.1976454991434239	-0.19154434601441753	-0.1824902339973393	0.17072174366684148	0.15652668799338287	-0.1402382752393064	0.12222982383106401	0.10290661497167929	-0.08269209114185411	-0.062002901190035924	-0.04120265084990869	-0.020525622489608798
-0.031856659453021366	-0.06333815155604051	-0.09379180081389088	-0.12226397961614845	0.14765268748674376	0.16886412403862042	0.18491977082266478	0.19502437982364737	0.19860936125396988	-0.19535957826358433	-0.1852276340830311	-0.16843778548594127	0.14548080148266754	-0.11710063915276042	0.08427338438960473	0.04817838681616742	0.010160690817130924	0.028317154219317065	0.06573659649035977	0.10060047280470433	0.1315265627855164	0.15735051796983915	-0.17721676386608654	0.1906176409153908	0.19734151817354378	-0.19734151817864595	0.19061764092418151	0.17721676386831986	-0.15735051796413554	-0.13152656277702673	-0.10060047280002075	0.0657365964944054	-0.02831715423395681	-0.010160690800416658	-0.04817838681733797	-0.08427338441999195	0.11710063919105859	-0.14548080148597262	-0.16843778543711124	0.18522763402169298	0.19535957825431122	-0.19860936131736698	-0.19502437990570892	0.1849197708426057	-0.16886412396899636	-0.14765268738315257	0.12226397956838939	0.09379180086589012	0.06333815167039664	0.03185665954387041
-0.04365181872008006	-0.08565178373150203	-0.12402394009056214	-0.1565203248988008	0.18093619864400115	0.19542586426365746	0.1987256337401997	0.19028816565276277	0.17034371582300364	-0.13989850064416265	-0.10067768532406189	-0.05502019044057834	0.005733299826598517	0.044084008919702	-0.09123940528517761	-0.13265719115867217	-0.1655895455103804	0.18781774997845982	0.19782999460379802	0.19495876708310383	0.17945598363142268	0.15247990368307815	-0.1159717025865053	0.07242589592294287	0.024615676892544906	0.024615676899193594	-0.0724258959234424	-0.11597170257915197	0.15247990367484515	0.17945598363186172	0.19495876709218993	-0.19782999461069775	0.18781774997752348	-0.1655895455085442	-0.13265719115939426	-0.09123940527723473	0.04408400889726182	0.005733299840381901	0.055020190414371374	-0.1006776852680724	-0.13989850061703937	0.1703437158695354	0.19028816574071072	-0.19872563378082553	0.19542586420365635	0.18093619852783233	-0.15652032483185718	-0.12402394013872145	-0.08565178386077782	-0.04365181882743482
-0.05552688818318669	-0.10710354201777669	-0.15057180255837366	-0.18186684550044238	0.19765593075910032	0.19591854765018027	0.1763034718124062	0.14024842507949972	0.09088220290848886	-0.03273805168382595	0.028683627371447997	0.08745595366127755	-0.13781552741081354	0.17474460655784585	-0.19448972495594524	-0.19496619490463096	-0.17600623884170966	0.13941903173395673	0.08884367821002202	0.029392378383446344	-0.03289679622810949	-0.09174598020413754	0.14136589351163598	-0.17708356951495027	-0.1957262857395243	0.19572628573775483	-0.17708356951116677	-0.14136589351078024	0.09174598020956438	0.032896796232874254	-0.029392378387341895	0.0888436782179231	-0.13941903173386844	0.17600623883533878	0.1949661949055382	0.19448972496229622	-0.1747446065489827	0.13781552738581707	0.08745595365664782	-0.02868362741325975	0.03273805163248848	-0.0908822029166376	-0.14024842515729175	0.1763034718808285	-0.19591854762433725	-0.19765593065044823	0.18186684541445794	0.15057180258518407	0.10710354214006876	0.05552688829308033
-0.06731894319115302	-0.12712304790405404	-0.17215209427637648	-0.19626904131526768	0.19564499095657875	0.16965065359297396	0.12117539297095907	0.05634912452750922	-0.016254510855022847	0.08679674602379864	0.14555527952954112	0.18430852282041074	-0.19752516762092376	0.1831894518096876	-0.14314146174044765	-0.0828758102696376	-0.010813405837635971	-0.0628676705934577	-0.1276911161528406	-0.1744269813172599	-0.19648294754393397	-0.1908968391140445	0.15872533950935377	-0.104741077650015	-0.03655213196534345	-0.03655213196757536	0.10474107764974225	0.15872533950617781	-0.1908968391128245	-0.1964829475475069	-0.1744269813196087	0.12769111614825782	-0.06286767059003733	-0.010813405831387632	-0.08287581026486003	-0.14314146175010578	0.18318945181706942	-0.1975251676013093	-0.18430852279299087	0.14555527954458505	0.08679674608279199	-0.016254510886057342	0.056349124579694355	-0.12117539305681278	0.16965065360549084	0.19564499086514134	-0.19626904121346406	-0.1721520942773241	-0.1271230480132537	-0.06731894330024449
-0.07893072904530678	-0.14529279067248924	-0.1878515468874245	-0.19863396838250125	0.1748741689534659	0.12002825204212185	0.043448414134170145	-0.04120776694012171	-0.11848399428085085	0.17403954521790624	0.1973985862131342	0.18399984369508737	-0.13614611672860283	0.06265939302458089	0.022711116140037017	0.10384645718122676	0.16531303674125122	-0.19534091179553745	-0.18814366588053683	-0.14509772270554466	-0.07449973777480831	0.010095031368595044	-0.09261779912660228	0.1576732195032724	0.19339491920140178	-0.19339491920005814	0.15767321950049693	0.09261779912661278	-0.010095031373244356	0.07449973777309823	0.14509772271056556	-0.1881436658834199	0.19534091179145743	-0.1653130367412919	-0.1038464571883845	-0.022711116136407423	-0.0626593930411372	0.13614611672576948	0.18399984366130712	-0.1973985861981507	-0.17403954526472176	0.11848399434136558	0.04120776692539889	0.0434484142206151	-0.12002825208923244	-0.17487416888669519	0.19863396827123117	0.18785154686288724	0.14529279076669724	0.07893072915266733
-0.0902946090591392	-0.16128400864346085	-0.19705766920054718	-0.1887489202461288	0.13729623321171883	0.05388735023354437	-0.04232930241263753	-0.12870317876160883	-0.18455835079437477	0.19629602130480164	0.16083330484493738	0.08650151970490737	0.008849393347189587	-0.10210883430884041	0.17051090166719338	0.19722859755265937	0.17557756646262904	-0.11076171214297675	-0.018673313945765005	0.07801460286595936	0.15551915118379228	0.19492613062951372	-0.1868724091781548	0.1336678872880172	0.04840751398980971	0.04840751399186983	-0.13366788728683635	-0.1868724091746148	0.1949261306302402	0.15551915118880053	0.07801460286601286	0.018673313951680925	-0.11076171214305709	0.17557756645783484	0.1972285975567513	0.17051090167219962	-0.10210883429411313	0.008849393331158698	-0.08650151968360587	0.16083330480881083	0.19629602132364216	-0.18455835086565575	-0.12870317878720416	0.04232930234319431	0.05388735030540307	0.13729623317377695	-0.18874892013298158	-0.1970576691539616	-0.16128400872352638	-0.09029460916544571
-0.10133405591157503	-0.17478209595680907	-0.19935637142860832	-0.16712415236961087	0.0864403262774328	-0.019709900407080094	-0.12017702609908028	-0.18495093671750992	-0.1943617804804801	0.14526509287854825	0.05223201109218605	-0.05669319047140364	0.1484273197975462	-0.19492763852440972	0.18183447482476753	0.1129970856556498	0.009429923730305156	0.09705888919385153	0.17366420145926995	0.19678243402693082	0.1593813291659164	0.07314140126413207	0.03534321367752533	-0.13298740089705524	-0.19036882203431094	0.19036882203301825	-0.132987400894816	-0.03534321367839094	-0.07314140126065188	-0.15938132916780937	-0.1967824340322856	0.17366420145748968	-0.09705888918933081	-0.009429923726357156	-0.11299708565355954	-0.18183447483354762	0.19492763852030554	-0.14842731977181345	-0.056693190468712226	-0.052232011052779685	-0.14526509286495842	0.19436178054179287	0.1849509367764247	-0.1201770260596808	0.01970990032238472	-0.08644032627036334	0.16712415226255392	0.19935637136430567	0.1747820960237329	0.10133405601734895
-0.111990729622987	-0.18554575780936716	-0.1946286108190486	-0.1350696375698128	0.027200972239783818	-0.09058533434851226	-0.17552390431303178	-0.19629628713939676	-0.14490970261542482	0.04001442863349796	-0.0797353550739975	-0.16990686080142114	0.19683714765629043	-0.1503096413806572	0.04755172603800226	-0.07304556992322105	-0.16623499194921626	0.19693390418793788	0.15353106463935257	0.05235823122019159	-0.06848212372701618	-0.16362035871000066	0.1976157204534518	-0.15812512211058966	-0.060103252192020916	-0.060103252193657815	0.15812512210874363	0.1976157204500799	-0.1636203587119794	-0.0684821237307815	0.05235823122328652	-0.1535310646431213	0.19693390418367332	-0.16623499194828104	-0.07304556992941541	0.04755172604297296	-0.15030964138836367	0.19683714763539703	0.1699068607759938	-0.07973535509789585	0.040014428595569605	-0.14490970265031355	-0.19629628721680883	0.1755239043099298	-0.09058533426356723	0.0272009722625013	-0.1350696374753132	-0.1946286107405746	-0.18554575786303987	-0.11199072972790097
-0.12221447512843713	-0.19339040000682922	-0.18302455270793602	-0.09457524734766083	-0.034679105352028165	-0.14889796151323983	-0.1979729785716709	-0.15994966334455	-0.051250981006288804	-0.08017922990401917	-0.17597364368762555	-0.19334841841329256	0.12436625316851373	0.0002792680859590352	-0.12480895267484729	-0.1932948197228211	-0.17484720208714516	0.07766766763290256	-0.054509083561626634	-0.16212046477499237	-0.19674187692795708	-0.14297213829728855	0.02518006514201632	0.10382594038351191	0.18664834729707014	-0.18664834729565616	0.10382594038147068	-0.025180065140784115	0.14297213829561173	0.19674187693266082	0.1621204647789552	-0.05450908355787274	-0.07766766763300645	0.17484720208242435	0.19329481972773843	0.12480895267800991	-0.00027926807362636607	-0.12436625316278024	-0.19334841837706593	0.17597364368367283	0.0801792299480262	0.051250981009098494	0.1599496634241858	-0.19797297860625931	0.14889796144215325	0.034679105305553834	0.09457524726905851	0.1830245526174452	0.1933904000460724	0.12221447523146563
-0.13196106552859507	-0.19818567231916984	-0.16494883959125228	-0.04817086856008672	-0.09319057117772961	-0.1865455174477753	-0.18330006018821005	-0.08472737672043407	0.05805122296833831	-0.1704260264411467	-0.1933679909145185	-0.1146387599276547	-0.024470598227251755	0.1506586638405013	-0.1972212820599336	-0.13940844185188728	-0.007729378475991224	-0.12804179686601982	-0.1958502068066085	-0.1597072273742891	-0.038856551176692136	0.10258436020619822	-0.18987861653827928	0.17723898926571952	0.07158031974363288	0.0715803197448982	-0.17723898926330392	-0.18987861653504015	0.10258436020813945	-0.03885655117655141	-0.15970722738089116	0.19585020680862908	-0.1280417968631984	-0.007729378471378061	-0.13940844185099782	-0.1972212820688076	0.15065866383382062	-0.02447059821814277	0.11463875989575173	-0.1933679908809284	-0.17042602646889288	0.058051222989883224	-0.08472737679040357	0.1833000602591915	-0.18654551740644978	-0.09319057111985174	-0.04817086849561291	-0.16494883948804748	-0.1981856723408888	-0.131961065627611
-0.1411879843589832	-0.19984902299301097	-0.1410343407484294	0.001245913785972151	-0.14265515479874535	-0.19830127415637336	-0.13425379192037773	0.011089138376502985	0.14963970084715209	-0.19700193888490056	-0.12411218167551094	0.024645168878316717	-0.1582769321046274	0.19481407796242	-0.11171032222176219	0.04006417301229326	0.1671576906085552	-0.1912629759484666	-0.09747968753819279	0.05639274958427758	0.1755483705839641	0.18674572437748402	-0.08331907965665963	-0.07115659177024304	-0.18223473968694848	0.18223473968599616	-0.07115659177019815	0.08331907965222718	-0.18674572437344544	-0.17554837058442874	-0.05639274957937673	-0.09747968754740008	0.19126297594945604	-0.167157690610371	-0.04006417301751744	0.11171032223191835	-0.1948140779710329	0.15827693209520874	0.024645168900788814	0.12411218161523	0.19700193887178274	-0.14963970086810469	-0.011089138314210935	-0.13425379203056997	0.19830127416571747	0.14265515475095217	-0.001245913845956689	0.1410343406271075	0.19984902299121265	0.14118798445033293
-0.14985639585879496	-0.1983504678735394	-0.11212453716490839	0.050585438005545304	-0.17827079324041004	-0.1825328206061414	-0.060031961729612275	0.10420832804283306	0.19555953720313723	-0.149971523220742	0.0007646949490354528	0.15090880545908217	-0.1948767423609249	0.10161651278763367	0.06324776757808367	0.18343987045233587	0.17404400220561664	-0.041632973267551575	0.12020806896130574	0.1970448730483323	0.13461209472091792	-0.022893883546131432	0.16435999857019518	-0.19034414443248793	-0.0827897161736329	-0.08278971617423254	0.1903441444298779	0.16435999856852176	-0.022893883550086768	0.13461209472036179	0.19704487305069357	-0.12020806895588482	-0.0416329732709203	0.17404400220220365	0.18343987045516139	0.06324776757133842	0.10161651280947326	-0.19487674236331343	-0.1509088054695465	0.000764695018104028	-0.14997152316299034	0.19555953720568064	0.10420832799079388	0.06003196186763879	-0.18253282067204943	-0.1782707932156934	0.05058543806516713	-0.11212453702502795	-0.19835046784560617	-0.14985639594034014
-0.1579306770916154	-0.19371200624687904	-0.07924252485748878	0.09675990058612592	-0.19657729888050063	-0.14142623754413078	0.02544806557561303	0.1719965561285001	0.1817968267118891	-0.04690663298482539	0.12529942026302324	0.19742830556783886	-0.11178687880097755	-0.06322775938754942	0.18755919234741025	0.16156088382124695	0.006011802648550663	0.15432877185520502	0.1907641423440256	0.07404900908752969	-0.10212833397269773	-0.1965140459165003	0.13364021476880272	0.036078137959029304	0.17713727289272932	-0.17713727289130204	0.03607813795811203	-0.13364021476628837	0.19651404591688879	0.10212833397605743	-0.0740490090911566	0.19076414234666272	-0.15432877185245436	-0.0060118026426739975	-0.16156088381613345	-0.18755919234288848	0.06322775935888342	0.11178687882539312	0.19742830557698435	-0.12529942032804042	0.04690663288677701	-0.18179682667599384	-0.17199655607759606	0.025448065416491767	0.1414262376729812	0.19657729889653208	-0.09675990065565632	0.07924252469458115	0.1937120061877389	0.15793067715988993
-0.16537810417010151	-0.1860062878411325	-0.04355312185517553	0.13687900420329405	-0.1957955159597381	-0.0806862814952345	0.10615580532695396	0.19797638299351292	0.11255210332054338	0.0736833401419936	0.19368062727338778	0.1396187765489887	0.03996242843317954	-0.1834926270740902	0.16168207713976127	-0.005861255095901315	-0.16806048655364392	0.17854243843989404	0.027826565724554223	-0.14802748375490493	-0.19031647734075738	-0.06095675865029071	-0.12344201197882793	0.196989607523806	0.09368697931865858	0.09368697932113186	-0.1969896075233365	-0.12344201198034402	-0.06095675864423983	-0.19031647733948792	-0.14802748375230504	-0.027826565734024332	0.1785424384431862	-0.1680604865586704	-0.005861255106344762	0.16168207713879573	-0.18349262705717267	0.039962428402248514	-0.13961877655168378	0.19368062730504737	0.07368334023997518	0.11255210326243818	0.1979763829594827	-0.106155805181538	-0.08068628166081791	-0.1957955160078647	0.13687900427382482	-0.04355312167973404	-0.18600628775591313	-0.16537810422658863
-0.17216852311034445	-0.1753546229778691	-0.006320532629513808	0.1684319059147661	-0.17600094621984547	-0.008744958761095328	0.1669539162988191	0.17583156496544444	0.008957346372583056	0.1667420996579753	0.1752636371997292	0.00802914747717894	0.16716735899510773	-0.17438008817663808	0.006336093744722657	-0.16800287899260505	-0.17322677435842898	0.004062927508021413	-0.16917037950831715	-0.17204065848849937	-0.0016725414531916561	0.17050518985460228	-0.17143261902890883	0.00022269003077364234	-0.17137175698205076	0.1713717569802385	0.0002226900323697996	0.1714326190282934	-0.17050518985891347	0.0016725414478848104	0.17204065848863034	-0.16917037950221384	-0.004062927514428125	0.1732267743580062	0.16800287899780889	-0.006336093750534846	0.17438008818644332	-0.1671673589823683	0.008029147464924129	-0.1752636371776535	-0.16674209971037585	-0.008957346321909546	-0.17583156496639848	0.16695391620363437	0.008744958928418535	0.17600094628450308	-0.168431905974483	0.0063205324544871044	0.17535462287374906	0.17216852315750314
-0.17827459513586702	-0.16192531004699384	0.031136076153496017	0.18944382150661734	-0.13911562339552747	0.0644102557784321	0.19643893868351717	0.11094444939253896	-0.09737137328185588	0.1974995008800995	0.07830230716967693	-0.12780299548470175	0.19169860408683204	-0.042314209638131164	-0.15408413128803913	-0.17879602906429135	-0.004295450503191679	-0.17493729384354167	-0.15910444367517312	0.03414061816026076	0.18940499422942858	0.13370758361369414	0.0709562269076667	-0.19694749408651102	-0.10423010665498135	-0.10423010665799565	0.19694749408675005	0.07095622691035097	0.13370758360865778	0.18940499422991058	0.03414061815669476	0.15910444368052512	-0.17493729384249412	-0.004295450496577816	-0.17879602905851036	-0.15408413127880355	-0.042314209667505626	0.19169860409976558	0.12780299550583035	0.07830230710616173	0.1974995008706156	-0.09737137331062495	0.1109444494251933	-0.19643893865126555	0.06441025563067528	-0.1391156234711011	0.18944382155433542	0.03113607632345443	-0.16192530992573198	-0.17827459517325622
-0.18367184976974607	-0.14593089564225886	0.0674893422270329	0.19859949241197106	-0.08872113450802876	0.12862349379667942	0.1890807092629051	0.019088151500278407	-0.1739826861108487	0.15446292598745795	-0.05375030608983622	-0.19609870893008774	0.09848933287038647	0.11958696044947578	-0.1911190538797065	-0.02851680047837937	0.1689528071736171	-0.15925596282907686	0.045703265431386655	0.19464109847291441	0.10497575672247368	-0.1134557808912861	0.19315600038031225	-0.03651498257181312	0.16495852181748596	-0.1649585218154263	-0.03651498257373526	-0.19315600038110242	0.11345578089791487	-0.10497575671722768	-0.1946410984699862	0.045703265420886846	0.1592559628348575	-0.16895280717994096	0.028516800467642177	0.19111905387500963	-0.11958696042285488	-0.09848933289796781	-0.19609870894673304	0.05375030616191809	-0.15446292592688965	0.1739826861139189	-0.019088151551426576	0.1890807092915368	-0.12862349368356435	0.08872113459012675	-0.19859949244897912	-0.0674893423888827	0.14593089550528263	0.1836718497968373
-0.18833871753245396	-0.1276246811103146	0.1014509266147483	0.19532571752798092	-0.02971103945785388	0.1749801934099093	0.14625929042702884	-0.07740816782778263	-0.19749476448189277	0.05371236490139358	-0.16171463219259846	-0.16076786656346478	-0.055211544922167566	0.19716872176943406	-0.07511192255569651	0.14745266616320005	0.172398185832908	0.033655429834781564	0.1945704565883642	0.09470744486063663	-0.13215061984735893	-0.18211623571976937	-0.011820684155778517	0.19021837179795983	0.11437889900899743	0.11437889901184183	-0.19021837179823076	-0.011820684158527505	-0.18211623571736663	-0.1321506198502553	0.0947074448622775	-0.19457045658585595	0.03365542982952206	0.17239818583222014	0.14745266616860625	-0.07511192255936552	0.19716872176390385	-0.05521154489802095	0.16076786656695313	-0.1617146322415413	0.05371236481478565	-0.1974947644592272	-0.07740816777028284	-0.14625929050803566	0.17498019334541373	-0.02971103953701891	0.19532571755195713	0.10145092676278612	-0.1276246809612212	-0.18833871754968373
-0.1922565553806598	-0.10729660638472215	0.1318172852464203	0.17982732225409312	0.03218427523522335	0.19704463893047544	0.07600601243788647	-0.15508747729665037	-0.16073173267622007	-0.06710746903256555	-0.1972059692031028	-0.040480607407809226	-0.17500163865042667	0.13572921630065282	0.10104244652853717	0.19058591451825033	0.0025777175596805833	0.18911281067481425	0.10528579112788689	-0.13194679926544606	-0.17705178023879384	0.035751956053608584	-0.19677487050043072	0.07156703138418707	-0.15792124247366818	0.15792124247143566	0.07156703138625596	0.19677487050223028	-0.035751956060892535	0.17705178023522133	0.13194679926122402	0.10528579113620905	-0.18911281067609348	-0.0025777175530100616	-0.1905859145139544	-0.10104244651970122	-0.13572921631844126	0.17500163864362672	-0.0404806073977094	0.1972059692104198	0.06710746911321022	0.16073173263486576	0.1550874772445979	0.07600601255500028	-0.19704463892206978	-0.03218427516836691	-0.17982732226319673	-0.1318172853754394	0.10729660622763096	0.1922565553889078
-0.19540972899203374	-0.0852686785443226	0.15751227689856265	0.1530742612366651	0.09095418888483878	0.19175356880798658	-0.00850272528161195	-0.1950668983995473	-0.07491362626028601	-0.16285302996118367	-0.14431862373479643	0.10119834128815168	-0.18730635233745113	-0.021411250476301283	0.19628521094228218	0.06202516055422351	-0.16983352408177874	0.134113197664743	-0.11286727694279965	-0.18205329072532087	0.03558531510775586	0.19737066191109368	-0.04842245342799282	-0.1770303919213204	-0.12409482474133479	-0.12409482474383207	0.17703039192141018	-0.048422453425772706	0.19737066191174374	0.03558531511230655	-0.18205329072405751	0.11286727693438518	0.13411319767052546	-0.16983352408751506	0.0620251605446989	0.19628521093532209	-0.021411250448985803	-0.1873063523507908	-0.1011983413062787	-0.14431862369992704	-0.16285303000682433	-0.07491362621407212	-0.19506689836439156	0.008502725152040706	0.1917535688529287	0.09095418883628181	0.1530742612312249	0.1575122770054066	-0.08526867838235723	-0.19540972899159398
-0.1977856677834441	-0.06188986494629034	0.17762528879053183	0.1167408735567162	0.14089159952793343	0.15984151581474873	-0.09141672635286943	-0.18762787307316087	0.033768011722316894	-0.19774964168934211	-0.02675426982168758	0.18939983249809994	-0.08456811937290416	-0.16345488241356954	0.13434905031044364	-0.12241248508526222	-0.17155639170042475	-0.07013633785707454	-0.19287214293055485	0.01143144697023155	0.1964602949844774	0.04846040279217286	0.1819502138414663	-0.10418882861676827	0.15028632783018842	-0.15028632782786808	-0.10418882861883708	-0.18195021384391866	-0.0484604027856619	-0.19646029498340112	-0.011431446966881972	-0.19287214293214697	0.07013633785345921	0.17155639169982442	0.122412485091235	-0.13434905031064331	0.16345488239575084	0.08456811939726229	0.18939983251528958	0.026754269761992588	0.19774964168533068	-0.03376801175819005	0.18762787306249643	-0.09141672623556418	-0.15984151590283024	-0.14089159950121413	-0.11674087353823859	-0.17762528887338885	0.0618898647824475	0.19778566777476683
-0.19937490588600512	-0.0375305465636461	0.19144352633510625	0.07310110892383705	0.1771471179670747	0.10573879874253905	-0.15718487191086256	-0.1345787074365949	0.1321436997587301	-0.15875842763091275	0.10280011105659888	0.17751443429708658	0.07011160556843854	-0.19024844584162734	-0.035169510810602427	-0.19657183137372558	-0.0008592817736539031	-0.19633359043628854	-0.03680387165454839	0.1896206197029724	0.0715655686045063	-0.1766940495465156	0.10412688030877906	0.15783122698852164	0.13334106005756596	0.13334106005972862	-0.1578312269883647	0.10412688030742756	-0.17669404954980375	0.07156556859967672	0.18962061969950947	0.03680387166349209	-0.19633359043866402	-0.0008592817676846073	-0.19657183137113746	-0.03516951080374411	-0.1902484458445894	0.07011160554851349	-0.17751443430482067	0.10280011111401716	-0.1587584275820681	0.13214369977358884	-0.13457870745141143	0.15718487182600518	0.10573879885867982	0.17714711796377508	0.07310110889387192	0.19144352639268428	-0.037530546401031116	-0.19937490586962392
-0.2001711121841384	-0.012576639154364876	0.19847728340451218	0.02488621421264167	0.1961999819616972	0.036956446443726344	-0.1934718793781281	-0.04881502830038501	0.19018928284094852	-0.060448183295778925	0.18628417169126593	0.07182289165229322	0.18172900418412358	-0.08290009957667195	-0.17652543944270563	-0.09364463216449631	0.17070144605201806	-0.1040379530652202	0.16431188282022052	0.11409330294466183	-0.1574279078621291	-0.12385061499144702	-0.15007156787690643	0.1332727410933045	-0.14208259370820792	0.14208259370587575	0.13327274109526724	0.150071567879656	0.12385061498677524	0.15742790786353933	-0.11409330294558373	0.16431188281502035	0.10403795307065074	-0.17070144605733834	0.09364463215626626	0.1765254394346309	0.08290009959703154	-0.18172900418050053	0.0718228916469614	-0.18628417172201744	0.0604481832232303	-0.1901892828314553	0.04881502833583248	-0.1934718793384721	-0.03695644657011723	-0.1961999819810211	-0.024886214173228227	-0.19847728343655546	0.012576638995944826	0.20017111216073152
-0.20017111466076007	0.01257651756747139	0.19847729200725991	-0.02488621651370854	0.1961999692534044	-0.036956542966215346	-0.19347186709121889	0.048815014145760206	0.190189299878719	0.06044812693611385	0.1862841799483448	-0.07182290596151883	0.18172898998633139	0.08290012451932348	-0.17652543875372942	0.09364461970464222	0.17070145142093368	0.10403795135694247	0.1643118799775639	-0.11409330907768919	-0.15742790811670102	0.12385060759602154	-0.15007157057178766	-0.1332727470677335	-0.1420825892601699	-0.1420825892620246	0.13327274706733472	-0.15007157057142367	0.12385060760100979	-0.15742790811290103	-0.11409330907376045	-0.1643118799819267	0.10403795135464693	0.17070145142059753	0.0936446197108757	-0.1765254387505552	0.08290012449649105	0.18172899000009782	0.07182290597690537	0.18628417994123633	0.06044812700422678	0.1901892998491933	0.04881501409867759	0.19347186710052483	-0.03695654284780762	0.19619996929195116	-0.024886216559971502	0.1984772920145793	0.012576517719103602	-0.2001711146309197
-0.1993749132937473	0.037530426812149464	0.19144355178724082	-0.07310111094591124	0.1771470811908776	-0.1057388819877536	-0.15718483723815313	0.1345786965232113	0.13214374576269777	0.15875839240419687	0.10280013229791195	-0.17751444141354666	0.07011157134816695	0.1902484531565788	-0.035169509319574334	0.19657182970613482	-0.000859270759429535	0.19633359095521943	-0.03680387698400484	-0.18962061725224832	0.07156556807175463	0.17669405432833152	0.10412687674179048	-0.15783122165496116	0.13334106504718252	-0.1333410650449573	-0.15783122165669503	-0.10412687674455492	-0.17669405432602645	-0.07156556807503563	0.18962061725041893	-0.036803876976009633	-0.19633359095841518	0.0008592707648070998	-0.19657182970499704	0.03516950932347135	-0.1902484531467704	-0.07011157136965086	-0.17751444143104084	-0.10280013225872447	-0.1587583924434891	-0.13214374572348395	-0.13457869647547158	-0.15718483729101182	0.10573888189316392	-0.17714708124330264	0.0731011109961757	-0.19144355177151356	-0.03753042695472159	0.19937491325803988
-0.19778568013635803	0.06188974897724252	0.17762533008103165	-0.11674087510895653	0.14089154226379458	-0.15984157403584504	-0.09141667586162443	0.18762786815437082	0.03376807272133215	0.19774964084800714	-0.026754245011173697	-0.18939982883527032	-0.08456815301964894	0.16345486676801338	0.1343490512641476	0.12241249572765224	-0.17155638589520936	0.07013633974976667	-0.1928721441708452	-0.011431439768253338	0.19646029541988483	-0.04846039397650359	0.18195021487757798	0.10418883497350943	0.15028632424498303	0.15028632424662547	-0.10418883497282712	0.18195021487822216	-0.04846039398196536	0.19646029541802043	-0.01143143977084864	0.19287214416888393	0.0701363397546809	-0.17155638590021824	0.12241249572076683	0.13434905125633048	0.16345486677685667	-0.08456815300405755	0.1893998288462147	-0.02675424506339189	0.19774964084654603	0.033768072685453863	0.18762786811653082	0.09141667594518105	-0.15984157397631485	0.14089154232373632	-0.11674087516041777	0.17762533004475062	0.0618897491087928	-0.19778568009551098
-0.1954097463406599	0.08526856840339218	0.15751233248038504	-0.1530742623902274	0.09095411629525092	-0.19175359330774572	-0.008502669061045633	0.1950669010415169	-0.07491356887238962	0.16285306406570418	-0.14431860692223666	-0.10119832836552238	-0.1873063645195506	0.021411222966950708	0.19628521052683237	-0.062025146787812784	-0.16983352977957802	-0.13411319727170357	-0.11286727167927829	0.18205329208035198	0.03558531678378339	-0.19737066383043278	-0.048422450048665654	0.17703038721690637	-0.1240948299759651	0.12409482997392589	0.17703038721835432	0.04842245005116909	0.19737066383053622	-0.035585316779678036	-0.1820532920768333	-0.11286727168502014	0.13411319727069443	0.1698335297794147	0.0620251467939862	-0.19628521052104567	-0.021411222986948093	0.18730636451884572	-0.10119832836461287	0.14431860696446278	-0.1628530640272806	0.07491356889372408	-0.19506690102118213	-0.008502669157822582	0.19175359328854297	-0.09095411635578105	0.15307426244012667	-0.1575123324264799	-0.0852685685222743	0.19540974629526198
-0.1922565777262537	0.10729650399143728	0.13181735307943632	-0.17982732304332263	0.032184194156768535	-0.19704462607322415	0.07600606361706184	0.1550874867584722	-0.1607316960554308	0.06710752582258077	-0.1972059684964411	0.04048062319517698	-0.1750016216329269	-0.13572923619454633	0.1010424451958501	-0.19058591017361323	0.0025777063682855123	-0.1891128115905186	0.10528579583953022	0.13194679390026764	-0.17705178071786273	-0.03575196466588025	-0.1967748694178325	-0.07156703754428827	-0.15792124029020588	-0.15792124029166568	0.07156703754336434	-0.1967748694193273	-0.035751964661043224	-0.17705178071815525	0.1319467939004344	-0.10528579583339513	-0.1891128115944017	0.0025777063730379962	-0.19058591017370535	0.10104244519648704	-0.1357292361776426	-0.17500162164644203	-0.04048062320710929	-0.19720596851184533	0.06710752576438352	-0.1607316960563125	0.1550874867590747	-0.07600606352537462	-0.19704462609361342	0.03218419421134744	-0.1798273230892402	0.13181735301141323	0.10729650409646274	-0.19225657767705612
-0.18833874488400315	0.12762458827090417	0.10145100398968708	-0.19532571747828506	-0.02971112060397982	-0.17498014567287856	0.14625932770844485	0.07740818111365134	-0.19749475927063906	-0.05371230638943489	-0.16171464781333228	0.16076787654807476	-0.05521150958465433	-0.19716872032873564	-0.07511192364695085	-0.14745267579357316	0.17239818152121403	-0.033655429342018664	0.194570453047402	-0.09470744776847216	-0.1321506236688469	0.18211623554020315	-0.01182068609150495	-0.19021836745413578	0.11437890422512122	-0.1143789042232996	-0.1902183674552966	0.011820686089524012	-0.18211623554231002	0.13215062366506478	0.09470744776508286	0.194570453047972	0.033655429346051154	-0.17239818152577632	0.14745267578788904	0.07511192364063024	0.1971687203257883	0.05521150960288417	0.16076787656481337	0.16171464779766395	0.053712306444552035	0.19749475925193066	-0.077408181133688	0.14625932763753968	0.17498014572635295	0.02971112056091532	0.19532571751799932	-0.10145100391118297	-0.12762458836118556	0.18833874483159352
-0.18367188220377356	0.1459308141178324	0.06748942605656248	-0.19859949125314813	-0.08872120773467936	-0.12862341778209066	0.18908072557500621	-0.01908813741544439	-0.17398271419535746	-0.15446288797944646	-0.05375033052156086	0.19609870713242242	0.09848936389262772	-0.11958693978139452	-0.19111905504153362	0.028516786745335445	0.16895281290138417	0.15925596305617698	0.04570325898592777	-0.19464109617955314	0.10497575631747581	0.11345578807217889	0.19315599714461412	0.036514987866861935	0.1649585217170653	0.16495852171837186	-0.03651498786573374	0.1931559971466988	0.11345578806879168	0.10497575631952274	-0.19464109617743655	-0.04570325899202109	0.15925596305651996	0.16895281290160594	0.028516786751198016	-0.1911190550345004	-0.1195869397931714	0.0984893638812017	-0.19609870714567215	-0.05375033048419059	-0.15446288801182634	-0.17398271416435845	-0.019088137381439656	-0.18908072553546001	-0.12862341785812972	-0.08872120770709305	-0.19859949128508342	0.06748942597139843	0.1459308141929844	-0.18367188214893285
-0.1782746321748953	0.1619252405359651	0.031136164231805073	-0.18944382022490344	-0.13911568259998722	-0.06441016106391319	0.19643893012336747	-0.11094443711297355	-0.09737142703018882	-0.1974994986507322	0.07830228612684208	0.12780298123645187	0.1916986097305104	0.042314232737195256	-0.15408413386450226	0.17879602579765824	-0.004295442398297655	0.17493729208093847	-0.1591044442279405	-0.03414061419867714	0.1894049979407672	-0.13370758022286747	0.07095622808704034	0.19694749086721194	-0.10423011198561145	0.10423011198401286	0.19694749086810598	-0.07095622808577853	0.13370758022622986	-0.18940499793819976	0.03414061420032163	-0.15910444422394718	-0.17493729208492104	0.004295442402417002	-0.17879602579847304	0.15408413386194209	-0.04231423271992127	-0.19169860973223077	0.12780298123967762	-0.07830228616844219	0.19749949865081584	0.09737142699758237	0.11094443707310361	0.1964389301188986	0.06441016114955059	0.13911568258983553	0.18944382024779402	-0.03113616414361993	-0.16192524059584495	0.1782746321182134
-0.17216856442930353	0.17535456638211608	-0.006320443215320331	-0.16843190493659219	-0.17600098613304838	0.008745059393349746	0.16695388442069645	-0.17583155772977402	0.008957283887351179	-0.16674213306847135	0.17526362747555077	-0.008029164902820405	0.16716733757422195	0.17438009931050874	0.006336093827745574	0.16800288720610146	-0.17322677019034224	-0.004062927387839717	-0.16917037544855154	0.17204066072740068	-0.0016725408469100268	-0.17050519377470025	-0.17143261372254556	-0.00022269436101681373	-0.17137175877591493	-0.17137175877706573	0.00022269435976974547	-0.17143261372490468	-0.1705051937731341	-0.001672540849946682	0.17204066072423033	0.16917037545113375	-0.004062927384852195	-0.17322677019469246	0.16800288720169756	0.0063360938239924265	0.17438009929964218	0.1671673375869111	0.008029164910901459	0.17526362750388247	-0.1667421330396631	0.008957283910843576	-0.17583155769288605	-0.16695388444848566	0.008745059311153701	-0.17600098614032514	-0.1684319049498823	-0.006320443303086404	0.17535456642709474	-0.17216856437153372
-0.1653781498955549	0.18600624575202218	-0.043553035413531754	-0.13687900209879805	-0.1957955308811126	0.08068637172942487	0.10615575914361407	-0.1979763862415347	0.1125520553635261	-0.07368339203572134	0.19368062815148604	-0.13961878281959872	0.03996239779859983	0.1834926224475051	0.16168208322060593	0.005861264759446827	-0.16806048874471338	-0.178542435423623	0.02782656862963105	0.14802748183429937	-0.19031648106894097	0.060956753846059364	-0.12344201129773674	-0.19698960494857498	0.09368698452013635	-0.09368698451872233	-0.19698960494923637	0.12344201129732936	-0.060956753849751626	0.19031648106802873	-0.1480274818335968	0.027826568624210964	0.17854243542494172	0.16806048874522073	-0.005861264754195211	-0.16168208321353367	-0.18349262244941075	-0.03996239781336946	-0.13961878283473983	-0.19368062815628007	0.0736833919915766	-0.11255205537080505	0.19797638621513244	0.10615575919523643	-0.08068637166192225	0.1957955309037415	0.13687900210233425	0.04355303549782653	-0.18600624578271102	0.16537814983733728
-0.15793072750332254	0.1937119801439146	-0.0792424454337375	-0.09675989658221033	-0.19657728679039477	0.1414263047870695	0.025448013270245786	-0.17199656806534905	0.18179680644271004	0.0469065801823804	0.12529943328884863	-0.19742829926937666	-0.11178690168096293	0.0632277404995674	0.18755919799316806	-0.16156088007992328	0.00601179511829608	-0.1543287703178989	0.19076414132043942	-0.07404901320294927	-0.1021283361466545	0.19651404744487505	0.13364020940251303	-0.03607813338100375	0.17713727519985642	0.17713727520084716	0.03607813338228439	0.13364020940481539	0.1965140474450466	-0.1021283361435003	-0.07404901320036456	-0.1907641413187413	-0.154328770321821	0.0060117951217602186	-0.16156088008127661	0.18755919798820805	0.06322774051163804	-0.11178690167342448	0.19742829928402938	0.1252994332707391	0.04690658022409128	0.18179680643244223	-0.17199656805430166	-0.025448013334035884	0.14142630474219273	-0.1965772868247566	-0.0967598965763973	-0.07924244551201347	0.19371198016133484	-0.1579307274453751
-0.14985644917712804	0.19835045494188444	-0.112124462760344	-0.05058543848525971	-0.17827076248326554	0.1825328635295222	-0.06003201889392638	-0.10420833714412513	0.19555954252250748	0.14997148149114273	0.0007647213499176109	-0.15090879609645694	-0.19487674862837873	-0.10161653695242855	0.06324776469194622	-0.18343987318555152	0.17404399474647866	0.041632969933686335	0.12020806650012661	-0.19704487467944523	0.13461209782053063	0.022893888629535192	0.1643599960478085	0.1903441426034385	-0.08278972120449153	0.08278972120324692	0.19034414260390262	-0.1643599960482416	-0.022893888626346243	-0.1346120978211849	0.19704487467694642	0.12020806650363415	-0.04163296993178189	-0.17404399475044569	0.1834398731822248	-0.06324776469274856	0.10161653693915712	0.19487674863199841	-0.15090879610346553	-0.0007647213187886715	-0.14997148151562453	-0.19555954249920982	0.10420833714972508	-0.060032018830407916	-0.18253286351093778	0.17827076252454	0.05058543847087806	0.11212446283060518	-0.19835045494726944	0.14985644912009524
-0.14118804025007642	0.1998490228823814	-0.14103427288785977	-0.0012459201869521928	-0.14265511011361343	0.19830128910751643	-0.13425384626157846	-0.011089138905240542	0.1496397264509173	0.19700191998913594	-0.12411214965315219	-0.02464516552274233	-0.1582769217354826	-0.19481409383365483	-0.11171033456163214	-0.04006417682936095	0.16715768825341726	0.1912629693884125	-0.09747968661282598	-0.05639274808013028	0.17554837569580464	-0.1867457248098155	-0.08331907602446385	0.07115658598844272	-0.18223474148204075	-0.1822347414828677	-0.07115658598967228	-0.08331907602643494	-0.18674572481129056	0.17554837569324194	-0.056392748080845594	0.09747968660876857	0.19126296939057721	0.16715768825424357	-0.04006417682484956	-0.11171033455581304	-0.19481409382781045	-0.15827692174681346	0.024645165518854623	-0.12411214968333621	0.19700191998978675	0.1496397264231926	-0.011089138925283223	0.13425384620910208	0.19830128911450062	-0.14265511015644702	-0.0012459201651177708	-0.14103427294871937	0.19984902287719292	-0.14118804019457856
-0.1319611227623047	0.1981856826236762	-0.1649487768081234	0.04817085183300832	-0.09319052212469035	0.1865455079707554	-0.1833001076468364	0.08472739120189232	0.058051255158095894	0.17042603220448554	-0.19336796283062674	0.11463875110538652	-0.02447058129040623	-0.1506586630719328	-0.197221296225172	0.1394084422835666	-0.007729374776491043	0.1280417935058959	-0.19585020302581047	0.1597072294979865	-0.0388565511820416	-0.10258436558419931	-0.18987861297695058	-0.17723898857339584	0.07158032469345575	-0.0715803246923805	-0.1772389885736938	0.18987861297807346	0.10258436558205504	0.03885655118380698	-0.15970722949508462	-0.195850203025856	-0.12804179350940564	0.007729374779316518	-0.13940844228508947	0.19722129621879558	0.15065866307623482	0.02447058130149136	0.1146387511180404	0.1933679628480823	-0.170426032184406	-0.05805125513554819	-0.08472739117236568	-0.18330010761269214	-0.1865455079987503	0.09319052216384775	-0.04817085186092428	0.16494877685880985	-0.1981856826095506	0.13196112270892904
-0.12221453307246347	0.19339041941359703	-0.18302449515291358	0.09457521862218872	-0.03467905964637434	0.14889793204589158	-0.19797301375884846	0.15994969321548122	-0.051250955968740915	0.0801792545246462	-0.1759736286137643	0.1933483985198133	0.12436626287692794	-0.000279254156123821	-0.12480895993038217	0.1932948266236254	-0.17484719858566167	-0.07766766617609566	-0.05450907977539768	0.16212046285920095	-0.19674188016673197	0.1429721347879384	0.025180061186934364	-0.10382593590715392	0.18664835094557225	0.1866483509462493	0.10382593590828906	0.025180061188360102	0.14297213479010534	-0.1967418801652059	0.1621204628578162	0.05450907977886677	-0.0776676661753696	-0.17484719858932957	0.1932948266211642	-0.12480895992820416	-0.0002792541664446455	0.12436626287306499	-0.19334839853489408	-0.17597362861338922	0.08017925449422303	-0.05125095597879857	0.1599496931829654	0.19797301374595702	0.14889793208762964	-0.03467905967734341	0.09457521865464807	-0.18302449519324698	0.19339041939229254	-0.12221453302175936
-0.11199078809781018	0.185545785620888	-0.19462855934410123	0.13506959692561396	0.0272010085260262	0.09058529025959212	-0.17552392182853335	0.19629632655578272	-0.14490969381873609	-0.04001439539605147	-0.07973535922117306	0.16990684000280482	0.1968371438778585	0.1503096586235566	0.0475517318602831	0.07304557663462467	-0.16623499190935695	-0.19693389927252475	0.15353106327871144	-0.052358234062058986	-0.06848212575548018	0.16362036269501498	0.19761571585795626	0.15812512243075322	-0.060103256988061245	0.06010325698713539	0.15812512243091015	-0.19761571585953983	-0.16362036269413593	0.06848212575323419	0.052358234060229714	0.15353106327622038	0.1969338992752703	0.1662349919105478	-0.07304557663094753	-0.04755173185670742	-0.15030965861449064	-0.19683714388283077	0.1699068400129573	0.07973535920564744	0.040014395424079176	0.14490969381364005	-0.1962963265269136	-0.17552392183558493	-0.09058529030660643	-0.027201008506514097	-0.13506959696100876	0.19462855937447524	-0.185545785594268	0.11199078805030831
-0.10133411445809071	0.17478213123511652	-0.1993563269858428	0.16712410100882108	0.08644034786976453	0.01970984969214541	-0.12017702432578732	0.18495097750488795	-0.19436179205259269	-0.14526506521077945	0.05223199152841904	0.05669317815214495	0.14842730392745804	0.19492764642375526	0.18183448838697136	-0.1129970840800648	0.009429919201609979	-0.09705888671605756	0.17366419653638754	-0.1967824342174275	0.15938133211862063	-0.07314139670488723	0.03534321626731119	0.13298739649079439	-0.19036882530759044	-0.1903688253081308	-0.1329873964917977	0.03534321626654536	-0.07314139670709134	0.15938133211822084	-0.19678243421476155	-0.17366419653741544	-0.09705888671886444	0.009429919203801929	-0.11299708408146425	0.18183448838040947	0.19492764642122587	0.14842730393693496	-0.056693178152479984	0.05223199155102616	-0.14526506522661214	-0.19436179203497952	0.184950977485059	0.12017702434810575	0.019709849736267757	0.0864403478633905	0.16712410104550138	-0.19935632700707623	0.17478213120502958	-0.10133411441425955
-0.09029466753685858	0.16128405095913803	-0.19705763336820709	0.18874886107697544	0.13729623742069136	-0.05388739998087844	-0.04232928183061065	0.12870321075252342	-0.1845583789583035	-0.19629600965043342	0.16083327894530927	-0.08650151710604573	0.008849375511147898	0.10210882790094314	0.17051091263525348	-0.19722860290272307	0.17557756219733484	0.11076170965529077	-0.018673316663628533	-0.0780145997421886	0.15551915434103336	-0.19492613237610631	-0.18687240376524156	-0.13366788848451075	0.04840751860925365	-0.04840751860849551	-0.13366788848457764	0.1868724037670149	0.19492613237633827	-0.15551915433884925	0.07801459974204963	-0.018673316660857107	-0.11076170965568762	-0.1755775622007293	0.19722860290090713	-0.17051091263067142	-0.10210882790536249	-0.008849375518391501	-0.08650151711553539	-0.1608332789656151	0.1962960096506397	0.1845583789350439	-0.12870321074506638	-0.04232928186174812	0.05388739994611102	-0.13729623742742153	-0.18874886111337982	0.19705763338152818	-0.16128405092743617	0.09029466749714156
-0.07893078639253612	0.14529283873156718	-0.18785152138235406	0.198633906344833	0.1748741563307381	-0.1200282940107585	0.04344844946037825	0.04120778186433635	-0.1184840290341693	-0.1740395524019656	0.19739856470627323	-0.18399982713737117	-0.13614612479653265	-0.06265940770328303	0.022711117486947117	-0.10384646598157204	0.16531303794358274	0.19534090804024623	-0.1881436642359739	0.14509772623265202	-0.07449974019969496	-0.01009503559329046	-0.09261779907841532	-0.15767321438656362	0.19339492182014592	0.19339492182058216	0.1576732143874676	-0.09261779907839628	-0.010095035591623927	-0.07449974020023599	0.14509772623017195	0.18814366423479287	0.1953409080432309	0.16531303794512212	-0.10384646597871854	0.022711117487732413	-0.06265940769574846	-0.13614612479601698	0.1839998271519299	0.19739856471745454	-0.17403955238981367	-0.11848402901377539	0.04120778187002856	-0.043448449427046364	-0.1200282939891808	0.17487415634888648	0.19863390637950817	-0.1878515213892359	0.14529283870000256	-0.0789307863573162
-0.06731899981071118	0.12712310168139535	-0.17215208021837755	0.19626897980575342	0.19564496194815936	-0.16965068151191032	0.12117543665834041	-0.05634913103272528	-0.016254540931873156	-0.08679676926454559	0.1455552725467702	-0.18430850169966229	-0.19752516122924219	-0.1831894640734535	-0.14314147038165548	0.08287580531790592	-0.010813400206355203	0.06286766938265279	-0.12769111159859117	0.17442698042402538	-0.19648295270657112	0.1908968399190261	0.15872533412531345	0.1047410789236246	-0.03655213587407538	0.03655213587353159	0.10474107892366794	-0.15872533412700018	-0.19089683991994918	0.19648295270479768	-0.17442698042205979	-0.1276911115998385	-0.06286766938457489	0.01081340020791058	-0.08287580531896543	0.1431414703761794	0.18318946406766026	0.19752516123490008	-0.18430850171212979	-0.14555527254657893	0.08679676924750696	0.016254540921453797	0.05634913101559543	0.12117543662821373	0.1696506815043278	-0.1956449619746519	-0.19626897983739017	0.1721520802204053	-0.12712310165155674	0.06731899978029719
-0.05552694270653038	0.10710359881834308	-0.1505717989221539	0.18186678838304024	0.1976558900341689	-0.19591856000405022	0.1763035165582411	-0.14024845020500504	0.09088218486070125	0.03273802078148392	0.02868363644516583	-0.08745593750116164	-0.13781551058252764	-0.17474460904032135	-0.19448973696372115	0.19496619673608473	-0.17600623279725341	-0.13941902917807672	0.08884368131797434	-0.029392382552791023	-0.032896798129760645	0.09174598580654109	0.14136589130517865	0.17708356419058652	-0.195726289510132	-0.19572628951049315	-0.17708356419141305	0.14136589130585336	0.09174598580570771	-0.03289679812857972	-0.029392382551813194	-0.08884368131622042	-0.13941902917944737	-0.17600623280035135	0.19496619673460502	-0.1944897369576696	-0.17474460903901773	-0.13781551058963118	0.08745593750550124	0.028683636435731786	0.03273802079559352	0.09088218485785904	-0.14024845018012316	-0.17630351653462356	-0.1959185600084223	0.19765589006497708	0.18186678841052858	-0.1505717989209407	0.10710359879164967	-0.055526942681177166
-0.04365187073166084	0.08565184215348587	-0.12402394617455484	0.15652027487191564	0.18093614970382857	-0.19542585956328154	0.1987256719484317	-0.19028820425435167	0.17034371595057662	0.13989847353364887	-0.10067766328992456	0.05502019163239515	0.005733315689187499	-0.04408399970632083	-0.09123940973171865	0.13265719686116667	-0.1655895452093789	-0.18781774784744903	0.19782999359519615	-0.19495876872067255	0.179455986657805	-0.1524799014886596	-0.11597169833094617	-0.07242589906675892	0.024615680990121156	-0.02461568098975719	-0.07242589906677535	0.1159716983322598	0.15247990148972165	-0.17945598665660786	0.1949587687180087	0.19782999359480405	0.1878177478503913	0.1655895452112828	-0.13265719685900682	0.0912394097295843	0.04408399970918466	-0.005733315685817576	0.05502019163817617	0.10067766330399248	-0.13989847354018117	-0.1703437159360736	0.1902882042266071	0.19872567193237525	0.19542585957548966	-0.18093614973457134	-0.15652027489440834	0.12402394617164285	-0.08565184213114478	0.0436518707115597
-0.03185670387203382	0.06333820395427825	-0.09379181185078046	0.12226393997301359	0.14765263957455502	-0.16886410871782218	0.18491979873640302	-0.19502442149691582	0.19860937488088248	0.1953595601039953	-0.1852276072169701	0.16843777380264782	0.14548081157771525	0.11710065653118502	0.08427338949903411	-0.04817837786586412	0.010160681966121987	-0.02831715372315275	0.06573658870675145	-0.10060046724217658	0.1315265674132912	-0.1573505254614451	-0.17721676197540873	-0.19061763566135695	0.19734152049339604	0.19734152049370612	0.19061763566212722	-0.1772167619766191	-0.1573505254614213	0.13152656741175753	-0.10060046724116103	-0.065736588707587	-0.02831715372411526	0.010160681966981755	-0.04817837786641547	0.08427338949572773	0.11710065652649186	0.1454808115801027	-0.16843777381569372	-0.1852276072308826	0.19535956010296548	0.19860937486041322	-0.19502442147138596	-0.18491979872706393	-0.1688641087327006	0.14765263960105532	0.12226393998990431	-0.09379181184747691	0.06333820393718274	-0.0318567038572621
-0.020525655995668537	0.0412026918312206	-0.06200291315448813	0.08269206356563692	0.1029065752712563	-0.12222980433769066	0.14023829122098297	-0.15652672346673663	0.1707217644260529	0.18249022806898862	-0.1915443238308313	0.19764548034310575	0.20060760234365804	0.20030038494351837	0.1966532087572233	-0.18966008302510157	0.17938584220042292	0.1659732925310656	-0.14965011716102006	0.13073282035100667	-0.10962291243308259	0.08678842075147578	0.06272416136792769	0.03789283974466007	-0.012669588973565661	0.012669588973373301	0.03789283974465802	-0.06272416136865723	-0.08678842075217547	0.10962291243247241	-0.1307328203490785	-0.14965011716015467	-0.16597329253323584	-0.17938584220326537	0.1896600830236589	-0.19665320875085088	-0.200300384939385	-0.20060760234958308	0.1976454803574141	0.19154432384128955	-0.18249022806404896	-0.1707217644069441	0.1565267234475758	0.14023829121650783	0.12222980435049877	-0.10290657529039729	-0.08269206357674433	0.062002913151787666	-0.041202691819830425	0.020525655986103446
-0.010009478684987213	0.020211802006547385	-0.030715786628373962	0.041533669798369414	0.052615754077495656	-0.06388352209999724	0.07524805555273341	-0.08661835280415554	0.09790453804100929	0.10901856861223719	-0.11987367298051653	0.13038315883242632	0.14045892704201715	0.15000996442534414	0.15894115948468912	-0.1671530073262461	0.1745430455181244	0.18101022928747873	-0.18646383859757382	0.1908385417096553	-0.19411628011446364	0.1963520686339566	0.19769259879118362	0.19836572512587644	-0.19861934851272697	-0.19861934851300825	-0.19836572512661035	0.19769259879269382	0.19635206863443946	-0.19411628011275645	0.19083854170714298	0.1864638385972212	0.18101022929015295	0.17454304552053287	-0.1671530073245554	0.1589411594797527	0.15000996442305842	0.1404589270467851	-0.13038315884159132	-0.11987367298597021	0.10901856860814471	0.09790453802960129	-0.08661835279393663	-0.07524805555110205	-0.06388352210729671	0.05261575408748023	0.04153366980385024	-0.030715786626878593	0.02021180200087767	-0.010009478680307866
