0.9442693347386595
0.9437690078537987
0.9429274488661619
0.9417292043741583
0.9401488371266497
0.9381498392607975
0.9356831355274922
0.932684807650589
0.9290728540139385
0.9247427615825277
0.9195615728241927
0.9133600303889604
0.9059222827509894
0.8969725859727882
0.8861585272933133
0.873030738692598
0.8570202937047914
0.8374177806660539
0.8133637512937946
0.7838704691381335
0.7479098818793659
0.7046161022877457
0.6536393214675922
0.5956085921931914
0.5324924448628425
0.467507555137742
0.4043914078071963
0.3463606785318907
0.29538389771133766
0.252090118120061
0.2161295308621778
0.18663624870693274
0.1625822193342551
0.1429797062948761
0.1269692613070179
0.11384147270689249
0.10302741402796123
0.09407771724958702
0.08663996961079468
0.080438427174776
0.07525723841634668
0.0709271459855979
0.06731519234986261
0.0643168644734965
0.06185016074009031
0.059851162873701735
0.05827079562564896
0.057072551133411004
0.056230992145869935
0.055730665261230286
