-0.010009460260243982	-0.020211778967305066	0.030715778724911404	-0.04153368400153865	0.05261577713801916	0.06388353608881495	0.07524804969139816	0.08661833314660489	0.09790452323578927	0.10901856796647913	-0.11987368379592557	-0.1303831709798734	0.14045892984681252	-0.15000995626889677	0.15894115154001076	0.167153009942633	0.17454305324847083	0.18101023242935374	0.1864638361917542	-0.19083853562154982	-0.1941162730566982	-0.19635206989875104	-0.1976926104351386	-0.19836573093006216	0.19861933841905047	-0.19861933841862914	-0.19836573093007545	-0.1976926104365745	0.19635206990008727	0.19411627305649504	0.19083853561880287	0.1864638361883211	0.18101023242913272	-0.1745430532531217	-0.16715300994839147	-0.1589411515406451	0.15000995626278035	-0.14045892983934716	-0.13038317097876204	0.11987368380283125	0.10901856797467363	0.09790452323724361	0.08661833314012066	-0.07524804968380919	-0.0638835360877278	-0.05261577714404688	0.0415336840078683	0.030715778725013645	0.020211778961124235	0.010009460254224712
-0.020525622303246744	-0.04120265061323411	0.062002901070661434	-0.08269209120962787	0.10290661515112798	0.12222982397508987	0.1402382752506791	0.15652668788698876	0.17072174353453767	0.18249023392752056	-0.19154434603762968	-0.19764549923031244	0.20060760309191694	-0.2003003702008991	0.19665319739876866	0.18966008700561396	0.17938585118071765	0.1659732940475827	0.14965011226215807	-0.1307328152864941	-0.10962291175652515	-0.0867884258075173	-0.0627241655459828	-0.03789283700788893	0.012669585808265717	0.01266958580769296	0.03789283700759125	0.06272416554649916	-0.08678842580875679	-0.10962291175729397	-0.13073281528512518	-0.14965011225909877	-0.16597329404639408	0.17938585118442363	0.18966008701166517	0.1966531973999976	-0.20030037019387847	0.2006076030823953	0.19764549922899963	-0.19154434604796283	-0.18249023393989597	-0.17072174353600503	-0.15652668787521037	0.140238275237495	0.12222982397434451	0.10290661516380413	-0.08269209122219816	-0.06200290107004718	-0.041202650599569214	-0.02052562229018682
-0.03185665927109299	-0.06333815133411547	0.09379180071538469	-0.12226397969222223	0.14765268765010192	0.16886412415810373	0.18491977082874905	0.19502437973538894	0.19860936113666355	0.1953595781847851	-0.18522763408879328	-0.1684377855783617	0.14548080160497306	-0.11710063921887072	0.08427338435257965	0.04817838671175492	0.010160690733222075	-0.028317154218834534	-0.06573659641599595	0.10060047272780963	0.1315265627758785	0.1573505180338206	0.1772167639390149	0.1906176409244618	-0.1973415181096521	0.19734151810782066	0.19061764092169942	0.1772167639390419	-0.15735051803625813	-0.13152656277830793	-0.10060047272772775	-0.06573659641391168	-0.028317154216658674	-0.010160690734942864	-0.04817838671301183	-0.08427338435119651	0.11710063921269079	-0.1454808015972944	-0.1684377855781116	0.18522763410042534	0.1953595781992863	0.19860936113868533	0.1950243797202545	-0.1849197708105533	-0.16886412415631125	-0.14765268766788722	0.1222639797109856	0.09379180071526794	0.06333815131424002	0.03185665925164076
-0.043651818509841185	-0.0856517834905468	0.12402394001258174	-0.15652032502068852	0.18093619883415069	0.19542586436424944	0.19872563369737326	0.1902881655265073	0.17034371571262585	0.13989850062222162	-0.10067768540403517	-0.05502019056704945	0.005733299904131375	0.044084008951738	-0.09123940539362431	-0.13265719124463465	-0.1655895455028361	-0.18781774989597463	-0.19782999452863562	0.1949587670817293	0.1794559836948964	0.1524799037394634	0.11597170257720468	0.07242589586733572	-0.024615676864023064	-0.024615676861774353	-0.0724258958655698	-0.11597170257796466	0.15247990374361298	0.17945598369966484	0.1949587670820571	0.19782999452333494	0.1878177498899331	-0.16558954550135965	-0.13265719124760986	-0.09123940539782235	0.04408400895617467	0.0057332998997592	0.055020190567027595	-0.10067768541339574	-0.1398985006362551	-0.17034371571672963	-0.19028816551217756	0.1987256336766194	0.19542586436019171	0.18093619885427628	-0.1565203250443403	-0.1240239400137266	-0.08565178346593415	-0.043651818484925504
-0.055526887950642916	-0.10710354176952276	0.15057180251219282	-0.18186684566922837	0.19765593096562617	0.1959185477214329	0.17630347172297942	0.14024842493149958	0.09088220282435154	0.032738051724998184	0.0286836272360472	0.08745595353750657	-0.13781552739914804	0.17474460665875297	-0.1944897250653636	-0.19496619492065412	-0.1760062387656851	-0.13941903165520686	-0.08884367820467393	0.029392378440103926	-0.0328967961856344	-0.09174598022640981	-0.14136589356472082	-0.17708356952667437	0.19572628569206751	-0.19572628569209155	-0.17708356952778373	-0.14136589356668752	0.09174598022588866	0.03289679618198043	-0.029392378443257487	-0.0888436782025863	-0.1394190316491413	0.17600623876234256	0.19496619492336853	0.19448972507015314	-0.1747446066615323	0.13781552740056247	0.08745595353815411	-0.028683627231537768	0.032738051736027354	0.09088220283125698	0.14024842492175477	-0.17630347170243368	-0.19591854771403144	-0.19765593098493098	0.18186684569617456	0.15057180251566513	0.1071035417422924	0.055526887921658545
-0.06731894295559405	-0.127123047676768	0.17215209427920805	-0.19626904152046365	0.19564499114707107	0.16965065360819395	0.1211753928389302	0.05634912439208348	-0.016254510874747743	-0.08679674591283074	0.14555527937962176	0.1843085227596822	-0.19752516769530318	0.18318945192885866	-0.1431414617729317	-0.08287581018916841	-0.010813405743231495	0.06286767060103067	0.12769111608199102	-0.17442698126300799	-0.19648294756952342	-0.1908968391780257	-0.1587253395265631	-0.10474107760819466	0.03655213193596227	0.03655213193695502	0.10474107760753758	0.158725339525751	-0.19089683917842284	-0.1964829475700466	-0.1744269812618975	-0.12769111608123618	-0.06286767060334733	-0.010813405740309461	-0.08287581019039611	-0.1431414617769479	0.1831894519302463	-0.19752516769370704	-0.18430852275966877	0.14555527937994858	0.0867967459071567	0.016254510866688547	-0.05634912438851839	0.12117539282133714	0.16965065359779527	0.19564499116358533	-0.1962690415493843	-0.17215209428564784	-0.1271230476483254	-0.06731894292337173
-0.07893072881532545	-0.1452927904772312	0.18785154693972145	-0.1986339686058594	0.17487416910326203	0.12002825199508989	0.04344841398222922	-0.041207767029141314	-0.11848399422439268	-0.17403954506945946	0.1973985861094107	0.18399984373156977	-0.13614611685308042	0.06265939308684937	0.022711116210832064	0.10384645729387824	0.16531303676550396	0.1953409117225101	0.18814366581765138	-0.14509772273048954	-0.07449973784142333	0.010095031355559251	0.0926177991737117	0.15767321952754423	-0.19339491916157223	0.19339491916042853	0.15767321952659344	0.09261779917509723	-0.010095031356473994	0.07449973784256385	0.1450977227314918	0.18814366581635267	0.1953409117216093	-0.16531303676739795	-0.10384645729504975	-0.022711116208312444	-0.06265939308898541	0.13614611685125658	0.18399984373020037	-0.1973985861114938	-0.17403954506789937	-0.11848399421600311	-0.041207767026593796	-0.043448413968318465	-0.12002825198061011	-0.17487416911413214	0.19863396863544	0.18785154695100506	0.1452927904508403	0.0789307287820062
-0.09029460883814085	-0.16128400848252267	0.19705766929388396	-0.18874892046626757	0.13729623330322033	0.053887350130714995	-0.042329302557224	-0.12870317878480245	-0.18455835067873327	-0.19629602117125963	0.16083330483217398	0.08650151982257626	0.008849393242842151	-0.10210883434359219	0.17051090178433848	0.19722859759379854	0.17557756638460686	0.11076171206287129	0.018673313967372075	0.07801460279020365	0.15551915116962842	0.19492613068662154	0.18687240920560125	0.1336678872435591	-0.04840751395458791	-0.048407513954864055	-0.13366788724276796	-0.18687240920586487	0.1949261306882575	0.15551915117003942	0.07801460278826236	-0.018673313967982476	-0.11076171206083858	0.17557756638401767	0.1972285975956956	0.17051090178411593	-0.10210883434122997	0.008849393243484823	-0.08650151982008636	0.1608333048339143	0.1962960211730858	0.184558350672009	0.12870317877732212	-0.042329302565886275	0.0538873501135349	0.13729623330739926	-0.18874892049503111	-0.197057669310281	-0.16128400845954016	-0.09029460880460864
-0.10133405570110492	-0.17478209582903606	0.19935637155136024	-0.16712415256669133	0.08644032630181071	-0.019709900550042223	-0.12017702621181993	-0.18495093667386558	-0.1943617803424828	-0.14526509280798375	0.05223201117509145	-0.05669319033286287	0.14842731977529425	-0.1949276386313544	0.18183447489247437	0.11299708558057983	0.009429923618893539	-0.09705888919644928	-0.17366420138126076	0.1967824340080968	0.1593813292341965	0.0731414013039293	-0.035343213722533684	-0.13298740093515568	0.1903688219961239	-0.19036882199516894	-0.13298740093463773	-0.03534321372388659	-0.073141401303974	-0.15938132923580103	-0.19678243400786014	-0.17366420137925992	-0.09705888919686777	-0.009429923616782406	-0.112997085581231	-0.18183447489386886	0.19492763862961215	-0.14842731977404622	-0.05669319033537545	-0.052232011174979304	-0.14526509281143052	-0.19436178033870957	-0.1849509366634531	0.12017702621443271	0.019709900568161385	-0.08644032629872778	0.16712415259279012	0.199356371572314	0.17478209581013587	0.10133405566788534
-0.11199072942408919	-0.18554575771280313	0.1946286109605313	-0.13506963773100134	0.027200972201664193	-0.09058533450540979	-0.17552390437250717	-0.19629628704105634	-0.14490970249479987	-0.040014428646628256	-0.07973535493786121	-0.16990686071987418	0.1968371477356028	-0.15030964148921175	0.04755172600125479	-0.07304557005143153	-0.1662349919824702	-0.19693390410640785	-0.15353106460265284	0.05235823129438356	-0.06848212366646371	-0.16362035874846614	-0.19761572049323706	-0.15812512206705753	0.060103252150410263	0.06010325215079346	0.15812512206649698	0.19761572049416842	-0.1636203587502281	-0.06848212366620192	0.05235823129589373	0.15353106460154486	0.19693390410467299	-0.16623499198379416	-0.07304557005243349	0.04755172600307149	-0.15030964148914316	0.1968371477331847	0.16990686072100228	-0.07973535493956799	0.04001442865047276	0.14490970249511845	0.19629628703067697	-0.1755239043694255	-0.09058533452254774	0.027200972191441814	-0.13506963775250352	-0.19462861098472461	-0.18554575769789816	-0.11199072939127405
-0.12221447494422583	-0.19339039994308613	0.18302455286368918	-0.09457524747203032	-0.034679105432440314	-0.14889796164873803	-0.1979729785595503	-0.1599496632078499	-0.05125098092743055	0.08017922982620185	-0.17597364357162454	-0.19334841844346332	0.12436625331206404	0.0002792680448542168	-0.12480895278390214	-0.19329481978369784	-0.17484720199803386	-0.0776676675504739	0.05450908350951461	-0.16212046470309172	-0.19674187696578432	-0.14297213835513128	-0.025180065102799482	0.10382594043739843	-0.18664834726376892	0.18664834726284754	0.10382594043695086	-0.02518006510186388	0.1429721383561299	0.19674187696749837	0.16212046470232483	0.05450908350890933	-0.07766766754820921	0.1748472019970573	0.19329481978525925	0.12480895278315775	-0.0002792680435467578	-0.12436625330959485	-0.1933484184422285	0.1759736435735692	0.08017922982288007	-0.0512509809319382	-0.15994966320034804	0.19797297855206922	0.1488979616630928	0.034679105448956624	0.094575247487292	0.183024552889521	0.19339039993176185	0.12221447491173529
-0.13196106536557095	-0.19818567229602124	0.1649488397670673	-0.04817086866339009	-0.09319057126122003	-0.18654551751511148	-0.18330006008267036	-0.08472737655033996	0.05805122301485565	0.17042602636028265	-0.1933679908993563	-0.11463876007987583	-0.024470598085020938	0.15065866387953472	-0.19722128213983822	-0.13940844177222117	-0.007729378336664458	0.12804179686465378	0.19585020673201933	-0.159707227410263	-0.03885655126871942	0.10258436021792659	0.18987861659131594	0.17723898922826928	-0.07158031969656792	-0.07158031969660256	-0.17723898922736667	-0.18987861659201938	0.10258436021851806	-0.03885655127061275	-0.1597072274119226	-0.19585020673111503	-0.12804179686532785	-0.007729378334396154	-0.1394084417731144	-0.19722128214106038	0.1506586638784058	-0.02447059808681025	0.1146387600761687	-0.19336799089966042	-0.17042602635755058	-0.05805122300666577	0.08472737654825836	-0.18330006007313548	-0.1865455175253564	-0.09319057128227816	-0.04817086867185563	-0.16494883979365899	-0.19818567228843073	-0.13196106533367805
-0.14118798422482895	-0.19984902301994817	0.14103434095369477	0.0012459136812935927	-0.14265515484248312	-0.19830127411671802	-0.13425379171360013	0.01108913857242012	0.14963970088405543	0.19700193886362963	-0.12411218179461593	0.024645168662523528	-0.15827693203621293	0.1948140780461198	-0.11171032220100674	0.04006417316801551	0.1671576906555236	0.1912629758535561	0.0974796875261983	0.056392749490007686	0.17554837058086198	0.18674572445479684	0.083319079642366	-0.07115659182412537	0.1822347396432888	-0.18223473964269962	-0.0711565918245955	0.08331907964051896	-0.18674572445461834	-0.17554837058003245	-0.05639274948681776	0.09747968752738219	0.19126297585313626	-0.16715769065763503	-0.04006417316898702	0.1117103222031061	-0.19481407804636222	0.15827693203706858	0.024645168667506014	0.12411218179260794	0.19700193886230374	0.14963970087546255	0.011089138570435577	0.13425379170155982	0.19830127411883403	0.14265515486269792	-0.0012459136767754891	0.14103434098254627	0.19984902301779592	0.14118798419460896
-0.14985639575682985	-0.1983504679510488	0.11212453739730326	0.050585437890851286	-0.178270793224491	-0.18253282045784125	-0.06003196145403749	0.10420832822947658	0.19555953723173392	0.14997152327370364	0.0007646947459927626	0.15090880529282374	-0.19487674241095657	0.1016165128594526	0.06324776768472544	0.1834398705430212	0.1740440021044317	0.04163297318005986	-0.12020806889075186	0.19704487302003498	0.1346120948160724	-0.02289388352600302	-0.16435999863336634	-0.1903441444045115	0.08278971612168996	0.08278971611958674	0.19034414440160968	0.16435999863233622	-0.022893883524319647	0.1346120948195917	0.19704487302153526	0.12020806889081348	-0.04163297317739287	0.17404400210266494	0.18343987054315203	0.06324776768170223	0.10161651286235632	-0.19487674241154748	-0.15090880529687323	0.0007646947488313016	-0.14997152327556504	-0.19555953722759067	-0.10420832822725447	-0.06003196143809627	-0.18253282044788263	-0.17827079323768372	0.05058543788619336	-0.11212453743080451	-0.19835046795668101	-0.1498563957297562
-0.1579306770276831	-0.19371200638001948	0.07924252512275722	0.09675990044245579	-0.19657729878070418	-0.14142623728900275	0.025448065890055944	0.1719965562877296	0.18179682674552264	0.04690663310437234	0.1252994200618912	0.19742830554116805	-0.11178687894860177	-0.06322775936574217	0.18755919243852612	0.16156088373813127	0.006011802469171204	-0.154328771861932	-0.1907641423021762	0.07404900919835988	-0.1021283338846956	-0.19651404595965713	-0.1336402147432838	0.03607813805270992	-0.17713727288117542	0.1771372728808141	0.036078138053739245	-0.13364021474114962	0.19651404595883026	0.10212833388219819	-0.07404900920220782	-0.19076414230344554	-0.15432877186426008	-0.006011802464784563	-0.16156088373650226	-0.18755919243618407	0.06322775936182694	0.1117868789486595	0.1974283055417598	-0.12529942006301453	0.0469066331106737	0.18179682674988176	0.1719965562899756	-0.025448065911808215	0.14142623726348666	0.19657729878043165	-0.09675990043280856	0.0792425251636055	0.19371200639578276	0.1579306770052095
-0.16537810413892776	-0.18600628801290484	0.04355312212851831	0.13687900405168246	-0.19579551580729668	-0.08068628120089884	0.10615580559187632	0.1979763830596279	0.11255210331444651	-0.07368334004127736	0.19368062720559684	0.1396187767175057	0.03996242823963798	-0.1834926270854236	0.16168207711178606	-0.005861255308187514	-0.16806048664805787	-0.17854243836348033	-0.02782656577190147	-0.1480274836450134	-0.19031647739137728	-0.060956758691397536	0.12344201205356992	0.19698960751167305	-0.09368697926272802	-0.09368697926209911	-0.19698960751037137	-0.1234420120542268	-0.0609567586919376	-0.19031647739281585	-0.148027483643615	0.02782656577284874	0.1785424383626587	-0.1680604866498334	-0.005861255308858048	0.16168207711326163	-0.18349262708460876	0.039962428241318376	-0.13961877671362985	0.19368062720394486	0.07368334003269039	-0.11255210332552038	-0.19797638306522308	0.10615580561445229	-0.08068628116522586	-0.195795515795524	0.13687900403894895	-0.043553122173986665	-0.18600628803736133	-0.165378104120648
-0.17216852310634506	-0.17535462317100484	0.006320532888432319	0.1684319057731771	-0.17600094604643113	-0.008744958489546128	0.16695391645286442	0.1758315649141406	0.008957346314244254	-0.16674209962963907	0.17526363730888114	0.008029147763284384	0.16716735886807568	-0.17438008821134215	0.006336093616698442	-0.16800287914123066	-0.17322677425886943	-0.004062927421304177	0.16917037943529048	-0.17204065854105893	-0.001672541586281625	0.17050518987230198	0.17143261901650353	0.00022268992020359158	0.17137175698242038	-0.1713717569821502	0.00022268991909848434	0.17143261901494397	-0.1705051898718316	0.0016725415886447302	0.17204065854308567	0.16917037943535632	-0.004062927418575095	0.17322677425647587	0.16800287914038445	-0.006336093620569898	0.1743800882139231	-0.1671673588703163	0.008029147757461436	-0.17526363730598676	-0.16674209962325112	0.008957346326332572	0.17583156491896793	-0.16695391646921967	0.008744958452184946	0.17600094602792848	-0.16843190576100844	0.006320532934239781	0.17535462320136522	0.1721685230911144
-0.1782745951583161	-0.16192531025469087	-0.031136075912979254	0.18944382136966076	-0.13911562320802615	0.0644102560027056	0.1964389387244405	0.11094444926402637	-0.09737137335316673	-0.1974995009129174	0.07830230738381265	-0.1278029952543936	0.19169860412773884	-0.042314209691926924	-0.15408413139841665	-0.1787960289951027	-0.0042954502897119	0.174937293849836	0.15910444367051726	0.0341406180052888	0.1894049942073513	0.1337075836659491	-0.07095622698992049	-0.1969474940940948	0.1042301065953458	0.10423010659586454	0.19694749409402862	0.07095622699173897	0.13370758366566793	0.1894049942068148	0.03414061800208824	-0.1591044436718671	-0.17493729385151183	-0.004295450285979744	-0.17879602899393654	-0.1540841313956585	-0.0423142096955714	0.19169860412881165	0.1278029952585829	0.0783023073815701	0.1974995009113381	0.0973713733440047	-0.11094444926685433	0.19643893873199236	0.06441025603654214	-0.1391156231850804	0.18944382135874444	0.031136075868371315	-0.16192531029023682	-0.17827459514619254
-0.18367184981773355	-0.14593089585769875	-0.06748934200739037	0.19859949227553367	-0.08872113431831694	0.12862349395368122	0.18908070920414125	0.01908815134084005	-0.1739826861663009	-0.1544629260610504	-0.053750305875010077	-0.19609870888561265	0.09848933306330654	0.1195869604095936	-0.19111905387904088	-0.02851680024348635	0.16895280728717674	0.1592559627403143	-0.04570326536124757	0.19464109842595131	0.10497575685550956	-0.11345578088294071	-0.1931560003902014	-0.03651498245362983	-0.16495852182444087	0.16495852182419904	-0.0365149824526541	-0.1931560003894626	0.11345578088298115	-0.1049757568569277	-0.19464109842537705	-0.04570326536004123	0.15925596273942308	-0.16895280728874917	0.028516800242804285	0.19111905387925768	-0.11958696040740238	-0.0984893330626491	-0.19609870888625333	0.05375030587597509	-0.1544629260639581	-0.1739826861618671	0.019088151341885882	-0.18908070920302258	-0.1286234939807335	0.08872113429223326	-0.19859949226525744	-0.06748934196453649	0.14593089589807406	0.18367184980887988
-0.18833871760255422	-0.12762468132269417	-0.10145092642236993	0.1953257173964069	-0.029711039289139332	0.174980193478071	0.14625929028429777	-0.07740816798616221	-0.19749476451738293	-0.05371236499796224	-0.16171463206401912	-0.1607678667207847	-0.05521154470251482	0.19716872178019695	-0.07511192244777046	0.14745266634895401	0.172398185717991	-0.03365542992864431	-0.19457045653068963	0.09470744499490841	-0.13215061974727935	-0.18211623577101577	0.011820684239540764	0.19021837182838905	-0.11437889894625695	-0.11437889894730671	-0.19021837182892384	-0.01182068424175091	-0.1821162357704935	-0.13215061974564352	0.09470744499789589	0.19457045653127508	0.03365542993098247	0.17239818571609897	0.14745266634858453	-0.07511192245060241	0.19716872178080913	-0.05521154470424191	0.1607678667180339	-0.16171463206349745	0.0537123650039737	0.1974947645186336	0.07740816798701342	0.14625929027540965	0.17498019349524999	-0.0297110392626305	0.19532571738734691	0.10145092638260707	-0.12762468136699429	-0.18833871759693632
-0.1922565554696683	-0.1072966065844904	-0.13181728508432475	0.17982732213080918	0.03218427536359346	0.19704463890492868	0.07600601224319536	-0.15508747742352744	-0.16073173269016242	0.06710746894452918	-0.1972059692144862	-0.04048060768150857	-0.17500163854292827	0.1357292163593344	0.10104244665660059	0.19058591447924395	0.0025777173201189042	-0.18911281066814867	-0.1052857911552508	-0.13194679912463278	-0.17705178032492708	0.035751956019795035	0.1967748705355573	0.0715670312638857	0.15792124248657857	-0.15792124248639122	0.07156703126303605	0.19677487053562165	-0.035751956020303725	0.1770517803250738	0.1319467991220488	-0.10528579115688247	-0.18911281066951321	-0.0025777173165795046	-0.19058591447797485	-0.10104244665345022	-0.13572921636210897	0.17500163854472878	-0.040480607676803664	0.19720596921253877	0.06710746893757567	-0.1607317326964873	-0.155087477426338	-0.07600601222812975	-0.19704463891005383	-0.032184275387504485	-0.17982732212370667	-0.13181728504906212	0.10729660663141564	0.19225655546693207
-0.1954097290972447	-0.08526867872443364	-0.15751227676435256	0.15307426112154193	0.09095418896227804	0.19175356870301236	-0.008502725484545384	-0.19506689846899833	-0.07491362624906583	0.16285302991802544	-0.14431862388440117	0.10119834103928481	-0.18730635240786656	-0.021411250412078985	0.19628521098870688	0.0620251603177409	-0.1698335242041594	-0.13411319755631196	0.1128672768632427	-0.18205329077324667	0.03558531495110962	0.19737066194888903	0.04842245335005321	-0.177030391976651	0.12409482467617176	0.12409482467744228	0.17703039197744033	-0.04842245334794624	0.19737066194847247	0.035585314949278114	-0.18205329077455748	-0.11286727686262708	0.13411319755537446	-0.16983352420578324	0.06202516031681896	0.19628521098768173	-0.0214112504091005	-0.18730635240882618	-0.1011983410434667	-0.14431862388197642	-0.16285302991260261	0.07491362625835594	0.19506689847318964	-0.008502725502797882	0.19175356869617385	0.09095418898131703	0.1530742611168635	0.1575122767345777	-0.08526867877300269	-0.1954097290972983
-0.19778566790210197	-0.061889865100910914	-0.17762528867992156	0.1167408734504704	0.14089159954841443	0.15984151565504434	-0.09141672652510305	-0.1876278730762933	0.03376801175504987	0.19774964170990236	-0.026754270044102454	0.18939983240478575	-0.08456811957996105	-0.16345488239052472	0.13434905023608631	-0.12241248530856565	-0.17155639157141028	0.070136337952408	0.1928721428973501	0.011431446787845958	0.19646029498724457	0.04846040284575714	-0.18195021390168153	-0.10418882849952858	-0.15028632784934798	0.15028632784919535	-0.1041888284988525	-0.18195021390243282	-0.04846040284496438	-0.19646029498625717	-0.011431446784591548	0.19287214289847116	0.0701363379546458	0.17155639156950706	0.12241248530825771	-0.1343490502377858	0.1634548823894316	0.08456811957943704	0.18939983240624989	0.02675427004233281	0.19774964170780748	0.03376801174587021	-0.18762787308064047	0.09141672654300528	-0.1598415156380039	-0.1408915995610431	-0.11674087344826327	-0.17762528865611618	0.061889865150188995	0.19778566790473517
-0.1993749060148244	-0.03753054668775082	-0.19144352624286545	0.07310110882899223	0.1771471179283913	0.10573879855708199	-0.15718487202690062	-0.13457870738250374	0.1321436998023343	0.1587584277076701	0.1028001108625914	0.17751443441083603	0.0701116053491434	-0.19024844587728518	-0.03516951094916139	-0.19657183137696152	-0.0008592815123278485	0.19633359040945134	0.03680387170992884	0.18962061963054555	0.07156556877360902	-0.17669404956086976	-0.10412688024453287	0.1578312270695443	-0.1333410599907458	-0.13334105999206097	-0.1578312270704433	0.10412688024276599	-0.1766940495607165	0.07156556877487848	0.18962061962974322	-0.03680387171134594	-0.19633359041056392	-0.0008592815090249202	-0.19657183137575537	-0.035169510946186935	-0.19024844587876874	0.07011160535081754	-0.1775144344090293	0.1028001108628757	-0.15875842770948934	-0.13214369979604446	0.13457870738593594	-0.1571848720413272	0.10573879853288955	0.17714711793378876	0.0731011088293398	0.19144352622543226	-0.03753054673682586	-0.19937490601989444
-0.20017111232000587	-0.012576639244252546	-0.1984772833236798	0.02488621413294533	0.19619998186832122	0.03695644626235693	-0.1934718794261938	-0.04881502820981595	0.1901892828849996	0.06044818339991554	0.18628417161304292	0.0718228919153028	0.1817290040881782	-0.08290009964750152	-0.17652543953415556	-0.09364463193563129	0.1707014461831104	0.10403795293763284	-0.16431188274355135	0.11409330308943856	-0.15742790776877646	-0.12385061505431087	0.15007156795939106	0.13327274098461211	0.14208259373397492	-0.14208259373384544	0.1332727409841428	0.1500715679606776	0.12385061505342483	0.15742790776713964	-0.11409330309192658	-0.16431188274364555	0.10403795293641939	-0.17070144618447358	0.09364463193461173	0.1765254395322787	0.08290009965028297	-0.18172900408997783	0.07182289191132715	-0.18628417161173708	0.06044818340469234	0.19018928288322012	-0.04881502821146964	0.19347187943484587	-0.03695644623471461	-0.1961999818663304	-0.0248862141357986	-0.19847728331271708	0.012576639292218052	0.20017111232724974
-0.20017111480071406	0.012576517514031148	-0.1984772919292817	-0.02488621657362372	0.19619996911641968	-0.03695654311735406	-0.1934718670727929	0.04881501424759607	0.1901892999159648	-0.06044812684393016	0.18628418001947794	-0.07182290568700994	0.1817289900770278	0.08290012446285923	-0.1765254387212818	0.09364461996345531	0.17070145127973543	-0.10403795144819117	-0.16431187997449617	-0.11409330890277995	-0.1574279082440961	0.12385060758181853	0.15007157052854322	-0.1332727471737997	0.14208258919261096	0.14208258919387298	0.13327274717475085	-0.15007157052723596	0.12385060758199681	-0.15742790824438263	-0.11409330890048618	0.16431187997589525	0.10403795145032474	0.17070145127795824	0.09364461996336894	-0.17652543872184256	0.08290012446083053	0.18172899007788834	0.07182290569098329	0.18628418001722263	0.06044812683807659	-0.1901892999188677	-0.04881501424812551	-0.1934718670745559	-0.03695654314447406	0.1961999691077269	-0.024886216568448978	0.19847729192466645	0.012576517467970585	-0.20017111480992772
-0.1993749134344317	0.037530426795209244	-0.19144355170432545	-0.0731011109819299	0.17714708102411275	-0.10573888208856937	-0.15718483716890433	0.13457869661487715	0.13214374578598798	-0.15875839235774217	0.1028001324868698	-0.17751444127405294	0.0701115715723732	0.1902484531544656	-0.03516950918709014	0.19657182975779605	-0.0008592710426182533	-0.19633359090368063	0.03680387690774865	-0.18962061728770044	0.07156556790053992	0.17669405438708438	-0.10412687684125191	-0.15783122156039758	-0.13334106507992022	0.13334106507971602	-0.15783122156022392	-0.10412687684278449	-0.17669405438633465	-0.07156556789876513	0.1896206172885769	0.036803876906776584	-0.19633359090443292	0.000859271045494109	-0.19657182975672147	0.035169509189538824	-0.1902484531545569	-0.07011157157189532	-0.17751444127603058	-0.10280013248479244	-0.15875839235292485	0.13214374579240826	0.13457869661747554	0.15718483716401213	0.10573888211154583	-0.17714708101015414	0.07310111097476205	-0.19144355170577682	-0.037530426751747774	0.1993749134454863
-0.19778568027409904	0.061889748994543026	-0.17762532998738584	-0.1167408751180952	0.14089154208191068	-0.1598415740745221	-0.09141667576726074	0.18762786822326488	0.03376807272361331	-0.19774964086246105	-0.026754244785881988	-0.18939982890871962	-0.08456815280123535	0.16345486682164231	0.13434905138868503	0.12241249551810798	-0.17155638603764486	-0.07013633960291202	0.19287214410735373	-0.011431439978366218	0.1964602954593105	-0.04846039393531183	-0.18195021486087085	0.10418883510213299	-0.15028632417819643	-0.15028632417933122	-0.1041888351031213	0.1819502148600443	-0.04846039393583074	0.19646029545856458	-0.011431439980938145	-0.1928721441079718	0.07013633960149535	-0.1715563860387372	0.1224124955169743	0.13434905138636594	0.1634548668235593	-0.08456815280275981	0.18939982890780832	-0.026754244786858974	0.1977496408602243	-0.033768072731307115	-0.18762786822725194	-0.0914166757569902	-0.1598415740905586	0.1408915420644524	-0.11674087510933712	0.1776253299943074	0.06188974895426725	-0.19778568028672525
-0.19540974647250534	0.08526856845275603	-0.15751233236876774	-0.1530742623663849	0.09095411611784529	-0.19175359328766736	-0.008502668963223782	0.19506690107825891	-0.07491356888928717	-0.1628530641384425	-0.14431860676328	-0.10119832861263191	-0.1873063644408226	0.021411223042060605	0.19628521054326556	-0.062025147077415826	-0.1698335296254657	0.13411319735211238	0.1128672717092364	0.18205329197717895	0.0355853169864304	-0.19737066387175917	0.048422450157528246	0.17703038714198757	0.12409483001591165	-0.1240948300156016	0.17703038714212363	0.048422450159079033	0.19737066387127192	-0.03558531698780768	-0.18205329197635603	0.11286727171071781	0.13411319735401822	0.16983352962395998	0.062025147077483904	-0.19628521054289083	-0.021411223044415905	0.18730636444252544	-0.10119832860963748	0.14431860676273783	-0.16285306413946937	-0.07491356888271214	0.195066901082732	0.008502668949791516	0.19175359329525204	-0.09095411609901201	0.1530742623565813	-0.15751233238054377	-0.08526856841618437	0.1954097464865701
-0.19225657785062913	0.10729650407156154	-0.13181735294104582	-0.17982732297692433	0.032184194008162116	-0.19704462601335576	0.07600606370762035	0.15508748675539974	-0.1607316960795152	-0.06710752593586154	-0.19720596848352717	0.04048062291209786	-0.1750016217379362	-0.1357292361437138	0.10104244509477273	-0.19058591028523966	0.002577706680404672	0.18911281150446607	-0.10528579574698932	0.13194679405623747	-0.17705178064882857	-0.03575196472450572	0.19677486942949665	-0.07156703769024919	0.1579212402271712	0.15792124022815812	0.07156703769123238	-0.19677486942914882	-0.035751964723732224	-0.17705178064738517	0.13194679405796808	0.10528579574657437	-0.18911281150477402	0.0025777066829039547	-0.19058591028416777	0.10104244509638761	-0.13572923614261215	-0.17500162173875577	-0.04048062291551212	-0.1972059684817053	0.06710752593950275	0.1607316960759025	-0.15508748675918463	0.07600606372167114	-0.19704462601213965	0.032184193989995086	-0.17982732296657195	0.1318173529568114	0.10729650403904435	-0.1922565778658575
-0.18833874499700065	0.12762458837459878	-0.10145100382446054	-0.19532571736970852	-0.02971112071268265	-0.17498014558635475	0.14625932777507678	0.07740818108372419	-0.19749475930314256	0.05371230628247472	-0.16171464794736648	0.1607678763741298	-0.05521150981638035	-0.1971687203440709	-0.0751119237904149	-0.1474526756130592	0.1723981816735692	0.033655429180826944	-0.19457045300976666	-0.09470744755793548	-0.13215062384119775	0.18211623555400797	0.011820685982381432	-0.190218367403918	-0.11437890427237951	0.11437890427196053	-0.19021836740433296	0.011820685980990158	-0.18211623555382067	0.13215062384180454	0.09470744755603264	-0.19457045301095593	0.0336554291794446	-0.17239818167457535	0.1474526756119657	0.07511192378814623	0.19716872034498428	0.055211509815954796	0.16076787637623544	0.16171464794525695	0.053712306277639614	-0.1974947593033914	0.07740818108596388	-0.14625932778735745	0.17498014557739638	0.029711120728316182	0.19532571735947418	-0.10145100384339101	-0.12762458834645646	0.1883387450132797
-0.18367188229861398	0.14593081423061832	-0.06748942587629239	-0.19859949111679973	-0.08872120781071416	-0.12862341766893637	0.1890807255925155	-0.019088137438327185	-0.17398271425455525	0.15446288794213622	-0.053750330720017364	0.19609870713934804	0.09848936365522759	-0.11958693987343352	-0.1911190551290448	0.02851678707872561	0.16895281271475102	-0.1592559631006291	-0.04570325906422727	-0.19464109621337602	0.1049757561584137	0.11345578812924335	-0.19315599717954535	0.03651498801966098	-0.16495852166479513	-0.16495852166563607	-0.03651498802058291	0.19315599717962548	0.11345578812835087	0.10497575615680324	-0.19464109621369907	0.04570325906537555	0.1592559631021621	0.16895281271335943	0.02851678707889092	-0.19111905512785018	-0.11958693987549333	0.09848936365664653	-0.1960987071391621	-0.053750330718572166	-0.15446288793783133	0.1739827142581757	0.019088137438206348	0.18908072560107475	-0.128623417654134	-0.08872120782236431	-0.19859949110719427	0.0674894258974331	0.14593081420696694	-0.18367188231568024
-0.1782746322506232	0.16192524065395658	-0.031136164033497612	-0.18944382005451443	-0.13911568262748678	-0.06441016095572062	0.19643893011106012	-0.11094443713607491	-0.0973714270898555	0.19749949868499406	0.07830228594016699	0.1278029814347794	0.19169860964740484	0.04231423264428035	-0.15408413381134178	0.17879602597089483	-0.004295442736861072	-0.17493729196207433	0.1591044441377525	-0.03414061443441455	0.1894049980259519	-0.13370758020549678	-0.07095622798699036	0.19694749084567184	0.10423011204005171	-0.10423011203955045	0.19694749084629717	-0.07095622798585996	0.13370758020558074	-0.1894049980256679	0.03414061443642634	0.15910444413804212	-0.17493729196224309	0.0042954427389948315	-0.1787960259699942	0.15408413381210181	-0.042314232642553636	-0.19169860964902513	0.12780298143271987	-0.0783022859402531	0.19749949868270403	-0.09737142709551397	-0.11094443713811293	-0.19643893011488928	0.06441016093770387	0.13911568263429902	0.18944382004615046	-0.031136164055958843	-0.16192524063489827	0.1782746322683436
-0.172168564493171	0.17535456651647446	0.006320443455007265	-0.1684319046988566	-0.17600098606575892	0.008745059428451826	0.16695388444749404	-0.17583155781029386	0.008957283901493147	0.16674213310418742	0.17526362732728018	-0.008029164561950597	0.16716733775190706	0.1743800993317872	0.006336094026942894	0.1680028870118449	-0.17322677030070177	0.004062927508180019	0.16917037549287978	0.17204066063550844	-0.0016725406609956878	-0.17050519379820828	0.17143261376251714	-0.00022269449931851593	0.17137175875108004	0.17137175875177826	0.00022269450013541844	-0.1714326137629319	-0.17050519379731452	-0.0016725406597626975	0.17204066063453846	-0.1691703754940855	-0.004062927509513069	-0.17322677030142197	0.16800288701063576	0.006336094025026837	0.1743800993315381	0.16716733775271828	0.008029164564688388	0.17526362732595602	-0.16674213310444122	-0.008957283895725305	0.1758315578139409	0.16695388444633116	0.008745059446941027	-0.17600098606738135	-0.1684319046921148	-0.006320443432105782	0.1753545665018727	-0.17216856451126888
-0.16537814994007746	0.18600624588372844	0.04355303567127012	-0.13687900182127757	-0.19579553074929756	0.0806863717133289	0.10615575918542625	-0.19797638633704312	0.11255205541416985	0.07368339209463509	0.19368062814284143	-0.1396187825511862	0.039962398096470085	0.1834926225367582	0.16168208337452628	0.005861264394207269	-0.1680604885320525	0.17854243543598092	-0.02782656852496757	0.14802748200009852	-0.19031648103799462	0.060956753804227354	0.12344201121351002	-0.19698960495726942	-0.09368698458103661	0.09368698458051643	-0.19698960495804155	0.12344201121265694	-0.06095675380458591	0.19031648103702856	-0.14802748200131377	-0.027826568524368427	0.17854243543732115	0.16806048853084643	-0.00586126439383806	-0.1616820833729807	-0.1834926225380372	-0.03996239809605147	-0.1396187825531622	-0.19368062814078202	0.07368339209714053	0.11255205541003438	-0.19797638634141054	-0.10615575917994775	-0.0806863717297575	0.1957955307460419	0.13687900181652207	0.04355303564872247	-0.18600624587341683	0.1653781499583548
-0.1579307275047001	0.19371198022087863	0.07924244563539554	-0.09675989635833245	-0.19657728670495284	0.14142630483586324	0.025448013205714767	-0.17199656803594615	0.18179680638736542	-0.04690657999166439	0.12529943355191986	-0.1974282993405883	-0.11178690156399042	0.06322774048350252	0.18755919787043066	-0.1615608801883013	0.006011795358626534	0.15432877028727818	-0.19076414136417488	-0.07404901306831593	-0.10212833625621083	0.1965140473856667	-0.13364020940872678	-0.03607813329655023	-0.17713727523609532	-0.17713727523668976	0.03607813329592443	0.13364020940935417	0.19651404738492356	-0.10212833625674148	-0.07404901306672651	0.190764141364885	-0.15432877028720537	0.006011795360397292	-0.16156088018748596	0.18755919787031236	0.06322774048521941	-0.1117869015653709	0.1974282993408796	0.1252994335500735	0.04690657998795287	-0.18179680638588933	0.17199656803990443	0.02544801319720254	0.14142630484825422	-0.19657728669759322	-0.09675989635576315	-0.07924244561388144	0.19371198021453656	-0.15793072752290654
-0.14985644914655208	0.19835045498157197	0.11212446293393366	-0.05058543827361238	-0.17827076239008477	0.18253286356920576	-0.060032018968887185	-0.10420833709450461	0.19555954247629181	-0.14997148133640667	0.0007647216700915567	-0.15090879637616172	-0.19487674867454166	-0.1016165369754967	0.06324776446778083	-0.18343987300345568	0.17404399483607763	-0.04163297003445482	-0.12020806659468149	-0.19704487472274643	0.13461209769496907	0.022893888671312864	-0.16435999597689036	0.19034414263781957	0.08278972126943254	-0.08278972126891979	0.19034414263868288	-0.1643599959763387	-0.022893888670739337	-0.13461209769377258	0.19704487472284377	-0.12020806659577066	-0.04163297003574723	-0.1740439948366461	0.18343987300224185	-0.06324776446903334	0.10161653697461	0.19487674867608532	-0.150908796374844	-0.0007647216693314327	-0.14997148133281726	0.19555954247759869	-0.10420833709707834	0.06003201897876963	-0.18253286357640858	0.17827076237985032	0.050585438273347355	0.1121244629140173	-0.19835045497884765	0.14985644916448723
-0.14118804021805523	0.1998490229402935	0.14103427311560485	-0.0012459198766045431	-0.14265510987589672	0.19830128897397123	-0.13425384615433608	-0.011089139045380355	0.14963972663133748	-0.19700192012905854	-0.12411214961746345	-0.02464516567115684	-0.15827692173367872	-0.19481409367131702	-0.11171033454098932	-0.04006417666923592	0.1671576882378439	-0.19126296958195255	0.09747968670840412	-0.05639274813714204	0.1755483756364037	-0.1867457246321328	0.08331907596263297	0.07115658599199272	0.18223474160791078	0.18223474160843783	-0.07115658599163087	-0.08331907596332362	-0.18674572463162611	0.17554837563619846	-0.05639274813858666	-0.09747968670832012	0.19126296958306066	0.16715768823682403	-0.04006417666875564	-0.111710334539426	-0.19481409367181146	-0.15827692173450558	0.02464516566909183	-0.12411214961680513	0.19700192012674383	-0.14963972663467193	0.01108913904592916	-0.13425384616390168	0.1983012889757219	-0.14265510986424537	-0.001245919878632468	-0.14103427309771135	0.19984902294076684	-0.141188040235525
-0.1319611226879657	0.19818568261305108	0.16494877695916355	0.04817085207262036	-0.09319052194742083	0.1865455078987737	-0.18330010761296084	0.084727391145757	0.058051255267917476	-0.17042603234365244	-0.19336796286012248	0.1146387509462425	-0.024470581444563738	-0.15065866301735492	-0.19722129612529013	0.13940844240377206	-0.007729374991448352	-0.1280417934929701	0.1958502031398571	0.15970722946155624	-0.03885655105314872	-0.10258436556986693	0.18987861289453106	-0.17723898861497356	-0.07158032475567722	0.07158032475519603	-0.17723898861586168	0.1898786128942551	0.10258436556915965	0.0388565510521709	-0.1597072294607683	0.19585020314084556	-0.1280417934928026	0.007729374992859606	-0.13940844240308484	0.19722129612457587	0.15065866301872788	0.024470581444218816	0.11463875094793773	0.19336796285838811	-0.17042603234322504	0.058051255271993875	0.08472739114736456	0.18330010762077317	-0.18654550789562813	0.09319052193585997	-0.04817085206842622	0.1649487769435688	-0.19818568261624686	0.1319611227047858
-0.12221453297560528	0.19339041936850315	0.18302449527417758	0.09457521885276339	-0.03467905945424104	0.14889793194951986	-0.19797301370335946	0.15994969314350072	-0.05125095584137291	-0.08017925473261975	-0.17597362881511547	0.19334839855338123	0.12436626277800451	-0.00027925413379541094	-0.124808959713355	0.19329482647396518	-0.17484719866868104	0.07766766627186043	0.05450907988435236	0.16212046301367286	-0.19674188015068453	0.14297213472406764	-0.025180061262707876	-0.10382593580528457	-0.18664835096916127	-0.18664835096963386	0.10382593580520107	0.02518006126334285	0.14297213472380693	-0.1967418801499137	0.16212046301443067	-0.05450907988512352	-0.0776676662730114	-0.17484719866905968	0.193294826472751	-0.12480895971389441	-0.00027925413497029177	0.12436626277928732	-0.193348398553932	-0.1759736288131521	0.08017925473402654	0.05125095583789286	-0.159949693146855	-0.19797301370843565	0.14889793194266662	-0.03467905944414448	0.09457521884663975	-0.18302449526101203	0.1933904193739073	-0.12221453299160073
-0.11199078796739682	0.18554578551410608	0.19462855939001267	0.1350695970856186	0.0272010086573852	0.09058529022949834	-0.17552392185827959	0.1962963265908267	-0.14490969382318375	0.04001439531558609	-0.07973535937793987	0.16990684008255783	0.19683714376600994	0.15030965846977223	0.047551731900705524	0.07304557645275013	-0.1662349918660698	0.1969338994282857	-0.15353106338056052	-0.0523582339736435	-0.06848212584088412	0.1636203626224864	-0.1976157157754792	0.15812512248246507	0.06010325704822514	-0.06010325704781907	0.1581251224833245	-0.19761571577541154	-0.16362036262170065	0.06848212584128524	0.052358233972552154	-0.1535310633809863	0.19693389942917966	0.1662349918651856	-0.07304557645210567	-0.04755173189947304	-0.1503096584696215	-0.19683714376746178	0.16990684008186097	0.0797353593766632	0.04001439531298808	-0.14490969382126354	0.196296326595074	0.17552392186016272	-0.09058529022046077	-0.027201008664955666	-0.13506959707789817	0.19462855937925022	-0.18554578552114986	0.11199078798238384
-0.10133411431083343	0.1747821310956614	0.19935632699490377	0.16712410114768073	0.0864403480028958	0.01970984965419273	-0.12017702435997893	0.18495097756213955	-0.1943617921078992	0.14526506520991175	0.052231991414715746	0.05669317830204522	0.148427303932474	0.19492764625542025	0.1818344882637292	-0.11299708417580996	0.009429919377853821	0.09705888671198169	-0.17366419668774255	-0.19678243427756004	0.159381332013112	-0.07314139662966829	-0.03534321620069403	0.1329873964314979	0.19036882537339148	0.19036882537381777	-0.13298739643166976	0.03534321620017268	-0.07314139662967811	0.1593813320121662	-0.196782434277546	0.1736641966887852	-0.09705888671176756	0.009429919378944742	-0.11299708417530609	0.18183448826276669	0.19492764625628942	0.14842730393326797	-0.05669317830064886	0.05223199141472256	-0.14526506520705637	0.1943617921078687	-0.18495097756622586	-0.12017702435877177	0.019709849644577344	0.08644034800728426	0.1671241011387916	-0.19935632698642725	0.17478213110379537	-0.10133411432465714
-0.09029466737662763	0.16128405079141475	0.19705763334299722	0.1887488611974999	0.13729623756368373	-0.053887400042627334	-0.04232928184828812	0.12870321080718447	-0.1845583790354889	0.19629600971710315	0.16083327891641072	-0.08650151695906368	0.008849375635183596	0.10210882783934962	0.170510912442828	-0.1972286028174113	0.17557756232458327	-0.11076170981410925	0.018673316642021008	-0.07801459988424134	0.1555191543800444	-0.19492613227443573	0.1868724037054465	-0.13366788855373832	-0.04840751866946181	0.04840751866913783	-0.13366788855451306	0.18687240370552516	0.19492613227367428	-0.15551915437980698	0.07801459988508633	0.018673316641738713	-0.11076170981513518	-0.17557756232479269	0.197228602816223	-0.17051091244272953	-0.10210882784045068	-0.00884937563486807	-0.08650151696036212	-0.1608332789151573	0.1962960097148523	-0.1845583790369825	0.1287032108100779	0.042329281844521824	0.05388740005140868	-0.1372962375646765	-0.18874886118790207	0.19705763333657003	-0.161284050800079	0.09029466738913906
-0.07893078622306743	0.1452928385397904	0.18785152132403296	0.19863390644542617	0.17487415648457233	-0.12002829410551315	0.043448449476623324	0.04120778189141746	-0.11848402909526123	0.1740395524934666	0.19739856475797782	-0.1839998270570956	-0.13614612461753672	-0.0626594076031745	0.022711117387003356	-0.10384646579277988	0.16531303789283702	-0.1953409081814182	0.18814366437757774	0.14509772619945777	-0.07449974006827334	-0.01009503562443247	0.09261779898397814	-0.15767321432953774	-0.19339492188377377	-0.19339492188415253	0.15767321432991155	-0.0926177989835791	-0.010095035624145939	-0.07449974006757841	0.14509772619898104	-0.18814366437839372	0.19534090818218336	0.1653130378921237	-0.10384646579199877	0.022711117387683444	-0.06265940760270942	-0.13614612461876502	0.1839998270576997	0.19739856475606962	-0.1740395524923909	0.11848402909747667	-0.04120778189239779	0.04344844948213031	-0.12002829411245433	0.17487415648242335	0.19863390643562986	-0.1878515213193742	0.14529283854847155	-0.07893078623414679
-0.06731899963897875	0.12712310147405476	0.17215208012892116	0.19626897987715242	0.19564496209570265	-0.1696506816235802	0.1211754366991822	-0.0563491310331367	-0.016254540958982083	0.08679676933966748	0.14555527264627252	-0.18430850172306346	-0.1975251611057762	-0.18318946388544108	-0.14314147031249738	0.0828758054451305	-0.010813400390546509	-0.06286766934691665	0.1276911117357621	0.17442698055144482	-0.19648295267536225	0.19089683980296676	-0.15872533409977388	0.10474107901465958	0.036552135936417395	-0.0365521359361551	0.10474107901528136	-0.15872533409992318	-0.19089683980233405	0.19648295267470894	-0.174426980551828	0.12769111173659659	-0.06286766934670701	0.01081340039129672	-0.08287580544478697	0.1431414703116108	0.18318946388589843	0.19752516110721838	-0.18430850172287183	-0.14555527264464266	0.08679676933994704	-0.016254540961028515	-0.05634913103431787	-0.12117543670552686	0.16965068162821578	-0.19564496209108775	-0.19626897986769434	0.17215208012572997	-0.12712310148229586	0.06731899964853398
-0.05552694254108282	0.1071035986080125	0.1505717988101334	0.18186678842271273	0.19765589016144272	-0.19591856011389136	0.17630351660598784	-0.14024845021833113	0.09088218486512288	-0.032738020750689226	0.02868363653813226	-0.08745593760366675	-0.13781551058318817	-0.17474460889659485	-0.19448973678472195	0.1949661966935031	-0.17600623293856185	0.1394190293584883	-0.08884368135168767	-0.029392382422250778	-0.03289679826041902	0.09174598579672	-0.14136589120137685	0.17708356414396054	0.19572628957101168	0.1957262895713584	-0.17708356414450788	0.14136589120112256	0.09174598579623228	-0.03289679826063084	-0.02939238242170745	0.08884368135191464	-0.13941902935939443	-0.176006232938603	0.19496619669235296	-0.19448973678420328	-0.17474460889749535	-0.1378155105840189	0.087455937602987	0.028683636537562982	0.03273802074926886	-0.09088218486389478	0.1402484502213822	0.1763035166123122	-0.19591856011626874	0.19765589015532067	0.18186678841409634	-0.1505717988080863	0.10710359861540152	-0.05552694254903667
-0.04365187060453979	0.08565184198962321	0.12402394608280681	0.1565202748941274	0.18093614978989822	-0.1954258596281909	0.19872567195927218	-0.19028820425128776	0.1703437159810898	-0.1398984735787968	-0.10067766327751802	0.055020191530135334	0.005733315569206623	-0.0440839997218217	-0.09123940960039012	0.13265719668503193	-0.16558954514753882	0.1878177479551447	-0.19782999376173982	-0.19495876878531937	0.17945598658052725	-0.1524799013802019	0.11597169831126146	-0.07242589912928217	-0.024615681031215624	0.024615681031033475	-0.07242589912972186	0.11597169831141152	0.152479901379747	-0.1794559865797738	0.19495876878530358	-0.19782999376270524	0.18781774795583295	0.16558954514700483	-0.13265719668413858	0.0912394096004834	0.04408399972239846	-0.005733315569440879	0.055020191530841034	0.10067766327676056	-0.13989847357671917	0.17034371598088652	-0.19028820425546455	-0.198725671964882	0.1954258596287835	-0.18093614978337647	-0.1565202748868043	0.1240239460815958	-0.08565184199581623	0.043651870610838
-0.03185670373271195	0.0633382037638743	0.09379181172402021	0.1222639399710778	0.1476526396677052	-0.16886410881947694	0.18491979878213394	-0.19502442149157986	0.19860937487218572	-0.1953595601150499	-0.1852276072153871	0.16843777374323754	0.1454808114742722	0.1171006564703346	0.08427338956471417	-0.04817837804052335	0.010160682116870297	0.028317153735421218	-0.06573658888627863	-0.10060046743340628	0.1315265674412244	-0.15735052530821594	0.17721676180281348	-0.19061763564535364	-0.19734152064323374	-0.19734152064356164	0.1906176356460326	-0.1772167618026951	-0.15735052530760946	0.13152656744093036	-0.10060046743375493	0.06573658888673996	-0.028317153735286642	0.010160682117248977	-0.04817837804031561	0.0842733895641484	0.11710065647050996	0.1454808114754265	-0.16843777374366847	-0.18522760721369114	0.19535956011292077	-0.1986093748727824	0.195024421495898	0.18491979878656412	-0.1688641088190182	0.1476526396618773	0.12226393996541855	-0.09379181172337996	0.06333820376861854	-0.031856703737335804
-0.020525655944240204	0.04120269176740471	0.06200291312499369	0.08269206358539569	0.10290657530916444	-0.12222980434290319	0.14023829117384204	-0.1565267234052779	0.17072176441766235	-0.1824902281453773	-0.19154432394543627	0.1976454803973545	0.20060760227151644	0.20030038478307044	0.1966532086385664	-0.1896600830680265	0.17938584239896452	-0.16597329273322803	0.14965011718438812	0.1307328201514677	-0.10962291216866227	0.0867884206565136	-0.06272416153518001	0.03789284002568588	0.012669589109472922	-0.012669589109384552	0.03789284002592569	-0.06272416153528103	-0.08678842065627765	0.10962291216816095	-0.13073282015133683	0.14965011718504334	-0.16597329273403313	-0.17938584239881267	0.18966008306688326	-0.19665320863788133	-0.2003003847837823	-0.20060760227294955	0.19764548039746208	0.19154432394356657	-0.18249022814367744	0.17072176441852005	-0.15652672340874682	-0.14023829117682296	0.12222980434210409	-0.1029065753048539	-0.08269206358158795	0.06200291312469339	-0.04120269177056371	0.020525655947229958
-0.010009478557896224	0.02021180182019683	0.030715786481051815	0.041533669763590526	0.05261575416288962	-0.06388352224566421	0.07524805567180393	-0.08661835283663655	0.0979045379852192	-0.10901856851557994	-0.11987367290173798	0.13038315880501683	0.14045892706364785	0.15000996447304438	0.15894115953658297	-0.167153007369636	0.1745430455417031	-0.18101022927631927	0.18646383854638104	0.19083854164383138	-0.19411628008368248	0.19635206866558153	-0.1976925988502555	0.1983657251458853	0.19861934847704965	0.19861934847736906	-0.19836572514664036	0.1976925988502207	0.19635206866491503	-0.19411628008304663	0.19083854164396485	-0.1864638385473204	0.18101022927706473	0.17454304554138064	-0.1671530073686056	0.15894115953615012	0.15000996447367604	0.14045892706462332	-0.13038315880499304	-0.11987367290054399	0.10901856851465365	-0.0979045379858175	0.08661835283856259	0.07524805567329537	-0.06388352224511087	0.05261575416061441	0.04153366976168688	-0.030715786480942312	0.020211801821769907	-0.010009478559358147
