-0.001896870053403031	-0.005215821310924344	0.010510261790150115	0.01793039258748367	-0.027423915356233536	-0.03876060915985948	-0.051579810675571956	0.06544043299167003	0.0798857866733645	-0.09448180149130507	-0.10886372292636028	0.12273311605559441	-0.1358826075005902	0.1481560624253494	-0.1594754747058332	0.16977437522908143	0.17905345704810371	0.18728051938714294	-0.19450051120985426	-0.2006961544976631	0.2059369671944337	0.21024324315109386	0.21312464243189022	-0.2133496975981156	0.1750728797816077	-0.17507287975443328	-0.21334969723299055	-0.21312464364578487	0.2102432417782259	-0.20593696782970147	0.2006961542910444	-0.19450051127531653	0.18728051967240114	0.1790534563309819	-0.1697743759037563	0.15947547441670706	-0.14815606284317392	0.13588260736994406	-0.12273311644829117	-0.10886372188863126	0.09448180216928259	0.07988578608378899	-0.06544043322181746	0.05157981013447243	-0.03876061017726669	0.027423914861336964	0.01793039285649417	-0.01051026202001176	-0.005215821165920761	0.001896869915507326
-0.0043010133477203415	-0.011699661090813846	0.023247899914682537	0.03898113094452146	-0.05839543006637571	-0.08054582421059847	-0.10419059791904774	0.12795906659196074	0.15051418161984775	-0.1706786827857188	-0.1875173273730735	0.20035827443498228	-0.2087970971899546	0.21264201104849062	-0.21190836245702196	0.20672109945117725	0.1973647278520682	0.18412695644374022	-0.1674654099312876	-0.14773074130178637	0.1255164223604181	0.10113457943438518	0.07526423399402944	-0.04814378119594966	0.0206038210193404	0.020603820988691915	0.04814378106808371	0.07526423453250139	-0.10113457879160992	0.12551642268846708	-0.1477307410857712	0.16746541004717255	-0.1841269567358334	-0.19736472701687477	0.20672110025380214	-0.21190836209387723	0.21264201154661022	-0.20879709715369424	0.20035827519810956	0.1875173256082596	-0.17067868389014354	-0.15051418060724597	0.127959066986372	-0.10419059677441293	0.08054582636375286	-0.05839542899120177	-0.03898113139863066	0.02324790044787284	0.011699660877673422	-0.004301013080877021
-0.007678035200909874	-0.02055964278357679	0.04001901973054969	0.06539132180339192	-0.0949188492412643	-0.12605877488137063	-0.1558753493643662	0.18147118758703815	0.20034458661360333	-0.2106639441027725	-0.21137086502860924	0.2022059724651278	-0.1835975067309325	0.15656016852495877	-0.12251705259883516	0.08319311418727425	0.04045463749555571	-0.0037599920026257496	0.04757610749570994	0.08921896705266817	-0.12713976456365558	-0.16005156931989548	-0.1864335627407207	0.20431325321415905	-0.1764144333398785	0.17641443335372503	0.2043132528934876	0.18643356366577105	-0.16005156829386433	0.12713976502954372	-0.08921896703046985	0.047576107417148725	-0.0037599920261865336	0.040454637308796414	-0.08319311441442663	0.12251705245685507	-0.15656016870466558	0.18359750701217398	-0.2022059734807436	-0.21137086310833386	0.21066394525211085	0.20034458540519973	-0.1814711880738585	0.15587534755880209	-0.1260587781801757	0.09491884748495999	0.06539132244602586	-0.04001902070581788	-0.020559642467274084	0.007678034762858895
-0.012155980294306878	-0.0319150242611881	0.06052080391842797	0.0956596323056805	-0.13322552899046897	-0.1681198014919788	-0.195183190360067	0.21008958509526518	0.210007109257119	-0.19395858376882533	-0.16282063436099234	0.11909454397502194	-0.06645797637061741	0.009323300737017377	0.04770224359092426	-0.10014793297922392	-0.1441654052600005	-0.17658311421099115	0.19540640179144575	0.1994556412733293	-0.1890754547728297	-0.16506003064925462	-0.12990089375329433	0.08582027639711388	-0.03717317109423345	-0.037173171061103225	-0.08582027618108896	-0.12990089459493623	0.1650600296451966	-0.1890754553028548	0.19945564099373106	-0.19540640187242908	0.17658311456337122	0.14416540460159666	-0.10014793350928261	0.04770224337717533	0.009323300444633826	-0.06645797689346492	0.11909454494870449	0.16282063307121766	-0.19395858451444262	-0.21000710819113536	0.210089585544065	-0.1951831879536908	0.1681198056076169	-0.1332255265197567	-0.09565963328450132	0.06052080544260376	0.0319150237057557	-0.012155979594758492
-0.017951085913513173	-0.046020523170677494	0.08451823555429666	0.12814536754843256	-0.1691955916086622	-0.19935341098754178	-0.21157867859399554	0.20162656573108667	0.168910990752264	-0.1165455959769198	-0.05071422566399227	-0.020471470877570036	0.0882464248451486	-0.14447376446347282	0.1826351302599775	-0.19856464923790626	-0.1907931820487653	-0.1605656864205648	0.1116031984075073	0.049505634261042646	0.018856765701054084	0.08635040523918765	0.1456636112284729	-0.18994160343664634	0.1773753340471065	-0.17737533410076195	-0.189941603198443	-0.1456636117629808	0.0863504046493295	-0.018856765912799323	-0.04950563401234462	0.11160319858597778	-0.16056568671852703	-0.19079318124075717	0.198564649986727	-0.18263512984198763	0.14447376502958295	-0.0882464244296197	0.020471470326998236	-0.050714225677509835	0.11654559592214907	0.1689109902725776	-0.20162656587693967	0.21157867571635577	-0.19935341548298677	0.16919558847513536	0.12814536896351106	-0.08451823764354532	-0.046020522280196964	0.017951084834524296
-0.024991300192962054	-0.06233046457266501	0.11024460469602583	0.1589840976824118	-0.19637603268985976	-0.21131048188988621	-0.19689532639214563	0.15241738563855434	0.08367760743590442	-0.0016862252119903144	0.07972743573891028	-0.14681506517021603	0.18848018112886386	-0.19825712017933597	0.1751337448721163	-0.12360273684984124	-0.05249863506811254	0.026329871496620777	-0.10040271391726742	-0.15798340320733037	0.1908173907022363	0.19387622281479164	0.16807084892634386	-0.11718381836012912	0.051788428507383966	0.05178842850696247	0.11718381808517399	0.16807084986135598	-0.19387622165786575	0.19081739131782835	-0.15798340308593214	0.10040271387663927	-0.026329871644029453	0.05249863500196634	-0.12360273709102902	0.17513374458990627	-0.19825712060049885	0.18848018115193887	-0.1468150653242478	-0.07972743439214033	-0.0016862243254851575	-0.0836776078419324	0.15241738523080003	-0.19689532324743828	0.21131048629479188	-0.1963760291043226	-0.15898409933578142	0.11024460734477551	0.062330463386296504	-0.024991298694481412
-0.0334797464416959	-0.08088575056062836	0.1368447089768606	0.18564451064290755	-0.21047591915764832	-0.1993722992606535	-0.14956560641214506	0.06890794183471215	-0.026015581447848483	0.11429603609023359	0.17620267591531474	-0.19810407790122214	0.17562806904679953	-0.11438775884348089	0.028408187423388697	0.06323730732365039	0.14068936431805748	0.187448986803219	-0.19380697191774085	-0.15843302873888893	0.08869316762458772	-0.001641097283894832	-0.09434955654914576	0.1707900826945541	-0.17797985705709776	0.17797985713125553	0.1707900825400446	0.09434955669654715	-0.0016410971910265242	-0.08869316771681289	0.15843302834275153	-0.19380697210369535	0.18744898726939038	0.1406893636326542	-0.0632373077257952	-0.028408187577534785	0.11438775876884748	-0.1756280695141923	0.19810407875791208	0.17620267391535735	-0.11429603746056771	-0.02601558027187266	-0.06890794088561861	0.1495656033926492	-0.19937230297683062	0.21047591537961535	0.1856445121617938	-0.13684471224726136	-0.08088574914029951	0.033479744578527836
-0.04320427785163803	-0.10071906596108506	0.16191881455288035	0.2041799511801978	-0.20735974130865165	-0.16256908137110476	-0.07668722904846537	-0.029031444811560607	-0.12565432992168749	0.1859104465740302	0.19287511534164173	-0.1450272283008463	0.05649318045622398	0.04749317300338413	-0.1378924282960235	0.1901590811569394	0.1905472581023641	0.13979080224585927	-0.05202191301134123	0.04865330930335016	-0.13593556498122053	-0.18659169104987686	-0.18917648775744886	0.14305138781026014	-0.06522698886262439	-0.06522698892013293	-0.14305138750342197	-0.18917648859733968	0.18659168995362418	-0.13593556556363018	0.04865330946402276	0.05202191318908144	-0.13979080247224315	-0.19054725754173785	0.19015908170571347	-0.13789242768031276	0.04749317360445265	0.056493181062376954	-0.14502722947921368	-0.19287511372024232	0.18591044788054306	0.1256543284765602	-0.029031445987413154	-0.07668722673285161	0.16256908367294307	-0.2073597375491035	-0.20417995238488323	0.16191881842147657	0.10071906430296992	-0.04320427568639918
-0.05432211579528923	-0.12159326669139112	0.1841131903972817	0.21207213607566713	-0.18499006936151835	-0.10291113980248312	0.011473650999580613	-0.12075406594967353	-0.18722188210458193	0.1876014062216165	0.1219974417551959	-0.0138225264986268	-0.09889206761124425	0.17712047865136477	-0.19434270630113576	0.14528344360297185	0.047142844835808946	-0.0665523191006458	0.1575411903659675	0.19516228182088394	-0.1667250937705924	-0.08038026425092615	0.03646096307664159	-0.14716140384071769	0.17808692635176657	-0.17808692638256773	-0.1471614037382565	-0.036460962990610996	-0.08038026382905583	0.166725094256965	-0.19516228158030569	0.1575411903945826	-0.06655231929096835	0.04714284496726852	-0.1452834437449933	0.1943427055822692	-0.17712047943799716	0.09889206727981867	0.013822527413587077	0.1219974413523855	-0.18760140701613875	-0.18722188090418448	0.12075406693360478	-0.011473652067966933	-0.10291114007993347	0.18499006578671362	0.21207213693388005	-0.18411319471173218	-0.12159326481237541	0.05432211334955249
-0.06646906766127268	-0.14222101302938403	0.20101417642329433	0.20703890095138996	-0.14449105887914923	-0.029179531679101752	0.09618046486749435	-0.18077626094091584	-0.18913747468602318	0.11775662824636779	-0.003013174777546792	0.1221188152554047	-0.1898342799384198	0.17847369964838483	-0.09349149324157299	-0.029728704104366132	-0.14070506818939943	-0.1949251365625687	0.17106484731845253	0.07979615019495959	0.04236119264512238	0.14613291738983084	0.19247161217736125	-0.16332989988033536	0.07779279067751874	0.07779279072986227	0.16332989954161029	0.19247161290707104	-0.1461329166436661	0.04236119291410821	0.0797961499958862	-0.1710648474542169	0.19492513676253778	0.14070506768657018	-0.029728704494895362	-0.09349149307429472	0.17847369995097342	-0.18983428018059506	0.12211881513839742	0.0030131737242616884	0.11775662821820396	0.18913747414730908	-0.1807762613835657	0.09618046449590015	0.029179529878099002	-0.14449105578232385	-0.20703890120570767	0.20101418100841417	0.1422210110468985	-0.06646906499407225
-0.07977934671262647	-0.1622149138406	0.21133876913398159	0.18803939927041413	-0.0881364145390562	0.04977629582557936	0.16219451322177922	-0.19423430247474793	-0.12970997142839785	0.0007519833449366696	-0.12815740108437812	0.19290869671491784	-0.16180982733444357	0.05080111212007963	0.08519662137573435	-0.179739529238284	-0.187150348777143	-0.10428874379915498	-0.028679187135967784	-0.1474374413568306	0.1948294653880409	0.14638681014025892	0.023310793268731044	0.11958195989413023	-0.17758137630351886	0.17758137633735416	0.11958195990599552	-0.02331079363872005	0.14638680945597551	-0.194829465971118	0.14743744120245617	-0.028679187144827877	-0.10428874370560355	-0.18715034847837214	0.17973952987952294	-0.08519662064658434	-0.05080111152843571	0.16180982815477318	-0.19290869756208917	-0.12815739897695513	-0.0007519822997174701	-0.12970997187355715	0.19423430216202459	-0.1621945114943899	0.04977629933105461	0.08813641235013973	0.18803939845849194	-0.2113387738867966	-0.16221491188167061	0.07977934393051071
-0.09376874915364036	-0.1802187544572634	0.21350410678910234	0.15591325018941937	-0.022841382723997803	0.11988856964366328	0.19382364069146357	-0.15643936423483631	-0.02892839583975207	-0.11493119220874652	-0.19185752017186478	0.1577979810464634	-0.03294321606386235	-0.11067204885242568	0.19123559554621214	-0.16343528982157948	-0.0436245758684492	0.10076024192692336	-0.18904626742845515	-0.1731802017397766	0.06250434744711318	-0.08029260064652663	-0.1782384723954039	0.17773463828566374	-0.08961417677979916	-0.08961417684488371	-0.17773463798988381	-0.17823847284730293	0.08029260029721542	0.06250434742506258	-0.17318020154843863	0.18904626757119578	-0.10076024210413716	0.043624575923434154	-0.16343529018496708	0.1912355945546514	-0.11067204986861885	-0.03294321702868666	0.15779798246288299	0.19185751807281162	-0.1149311939909829	0.02892839729415009	-0.15643936319454368	0.1938236377994914	-0.11988857417123013	-0.02284138167977084	-0.15591324813708637	0.2135041114793592	0.18021875264345236	-0.09376874648024355
-0.10853603705154186	-0.19574289546652388	0.20663934787719096	0.11159547572831753	0.04580478371990116	0.17148718712476463	0.18466202270360016	-0.0760423436636842	0.08268276537265593	-0.18591021574353725	-0.16509643963787318	0.03451921307618927	0.11885834343213456	-0.19368903515542157	0.1410507101929205	0.004200148271522163	0.14702653656422382	0.19458350950594494	-0.11603931548540855	0.03742238240250176	-0.16649678014345948	-0.1857365107192487	-0.08002624332964989	-0.08877320344133235	0.17638163106603436	-0.17638163106305585	-0.08877320354849719	0.0800262438079507	-0.18573650998123675	0.1664967807341519	-0.03742238230916102	-0.11603931552014672	0.19458350951743672	0.14702653630411647	-0.004200148546005764	-0.1410507100092539	0.1936890356041922	-0.11885834295273916	-0.034519214313321014	-0.16509643873788032	0.18591021745344233	0.0826827633597637	0.07604234211286247	-0.18466201896680123	0.1714871919124664	-0.04580478358869385	0.11159547269211773	-0.20663935208479872	-0.19574289385779403	0.10853603477418741
-0.12350214928545233	-0.20758961220682542	0.1905404911216746	0.05909007437380246	0.1082346331092035	0.19466489390344408	0.1363985918329738	0.023661561028400304	0.16528218031052286	-0.18164139693506506	-0.06071579567647538	-0.10599313149498117	0.19307670021216947	-0.1357043363504723	-0.022890165648082588	0.1645361156537127	0.1846856556094564	0.0687500101624263	0.09761044238306821	0.19324913769864122	-0.14894565921014927	0.0007564859053343102	0.14805032023082915	-0.18600603994514617	0.10074137875964077	0.1007413787892858	0.18600603974781332	0.14805032041566885	-0.0007564858735760849	-0.14894565937867627	0.1932491375337455	-0.09761044252628681	-0.06875001005631294	-0.18468565533352369	0.164536116365872	-0.022890164772792265	-0.13570433584238417	0.19307670054157416	-0.10599313103772515	0.06071579648204016	-0.18164139760635015	-0.16528217855657884	0.02366156282228383	0.13639858794472118	-0.19466489812008353	0.10823463184722466	-0.05909007068257971	0.19054049456659647	0.2075896107868879	-0.1235021476096152
-0.13874111045360263	-0.21528586639998734	0.165085590090158	0.0011713215492533903	0.1582633100163569	0.18569692195581855	0.0578679326097069	0.118059836587038	0.19305818999230445	-0.10349123138050696	0.07422586587136157	-0.18899846166136133	0.14371596137567672	0.023018334823265204	-0.17046895067697612	0.17471454406769163	0.03232810480235592	-0.13761463832477006	0.19310499029380346	0.08792395783762576	0.09073290191240709	0.19226186581665503	0.12896295761378038	0.055605000022813746	-0.17443215813469162	0.17443215814707405	0.05560500015687554	-0.12896295808601255	0.19226186516588142	-0.09073290245894985	-0.08792395790758924	0.19310499037625706	-0.13761463842561625	0.0323281046897233	-0.1747145445929185	0.1704689496219454	-0.02301833569934364	-0.1437159623531856	0.18899846211775828	0.07422586381065074	0.10349123045983635	0.19305818923786155	-0.11805983831310833	-0.0578679294751072	0.18569692477095656	-0.15826330768648106	0.0011713173010995562	-0.1650855927809552	-0.21528586518746412	0.13874110939545123
-0.15363372882534404	-0.2180539524749604	0.131735495682462	-0.05613274020750262	0.1883886620125382	0.14589326400637004	-0.03224965669012872	0.1789773527980129	0.15576483376303848	0.015196345477292764	0.17180016571023632	-0.16590826649499463	0.0033850016633582333	0.16258837619528457	-0.17619489694938315	0.025076352042428293	-0.1496516871927653	-0.18529980547678024	0.04935700971817913	-0.13262461793800281	0.19289945842557862	0.07873097069291346	-0.10474049600184356	0.18799702222623532	-0.11118600096595734	-0.11118600097801522	-0.1879970221185684	-0.10474049594204034	-0.07873097048152154	0.19289945877974163	-0.13262461784668983	-0.04935700964590878	0.1852998055994036	0.1496516869800073	0.025076352002754234	-0.17619489669753033	0.16258837655101582	0.0033850027291612455	-0.16590826744796533	-0.17180016348164248	0.015196347837200417	-0.15576483434579075	0.17897735407436746	-0.032249658479715775	-0.14589326490482962	0.18838865904582755	0.05613274470054781	0.1317354977833202	0.21805395154869361	-0.15363372814199996
-0.16822969962494239	-0.21551276666363367	0.09116211711156541	-0.10928377441051743	0.1953203893796085	0.08078023661308406	-0.11630995110957289	0.1907882227753302	0.06483141657628169	0.1291972391201931	0.18750392136655192	-0.04898796413170146	-0.14117056737135333	0.1841530386202448	-0.03516193204628133	-0.1505902998232017	-0.17998164205893788	-0.02228129348123028	-0.1590754261118216	-0.17626625888968897	0.010565905097680194	-0.16528609951907064	-0.16603979578379913	-0.02105300952270157	0.17169691062823722	-0.17169691067685122	-0.021053009634908068	0.1660397961554104	-0.16528609899661512	-0.010565904639764274	0.17626625904117493	-0.1590754262321994	-0.02228129361276493	-0.17998164168383038	0.15059030021630201	0.035161932773413285	-0.18415303810140474	0.14117056677495327	0.04898796503618473	0.18750391994619076	-0.12919724216391534	0.06483141821843438	-0.19078822320072636	0.11630995150053536	0.08078023548968244	-0.19532038657269402	-0.10928377841333607	-0.09116211874249253	-0.21551276605145112	0.1682296991113178
-0.18191839045075409	-0.20747400219507184	0.046244752598008344	-0.1524170661472552	0.17779243419947754	0.0027853334107064373	-0.17368456863290138	0.14968630745707165	-0.046866511072152665	0.18925707700880784	0.11328742343231073	0.0934090077900369	-0.19304189430244054	0.07116298444346465	0.13246324086439276	-0.18514269492258628	-0.02673196630438461	0.1621370137356531	-0.1673074690062649	0.01720714359880071	-0.18239811732893224	-0.1446030907290394	0.0522070885184783	-0.18371386600198417	0.12093977702199295	0.12093977703830738	0.18371386601175246	0.05220708815376791	0.14460309021114712	-0.18239811784867088	0.017207143501105044	0.16730746914731834	-0.16213701377626547	0.02673196617939016	-0.18514269517788032	0.13246323971472235	0.07116298339444681	-0.19304189448736017	0.09340900735701876	-0.11328742325585114	0.18925707955255194	0.046866509364845585	0.1496863069722604	-0.17368456796841367	-0.002785330702935189	0.177792432318081	0.1524170687872606	0.046244754024728704	0.20747400169372807	-0.181918390115867
-0.19473287574429768	-0.19371883544059282	-0.0017065675843305442	-0.18261562106537443	0.13739576162823625	-0.07661355780426368	-0.1928425816638529	0.0660111338912915	-0.1438798998449826	0.1720592172405995	-0.017034835322889505	0.18495996682053698	-0.12004368850374639	-0.09622580049392687	0.19214534654148716	-0.04720064160355226	0.1571106217978106	0.16470679705173752	0.03423306544109627	0.1912123654075351	-0.10872480033586593	0.10971961424031267	0.18817750721539495	-0.013841583950786837	-0.16815466067941814	0.16815466073661156	-0.013841583975841867	-0.18817750718899676	0.10971961419578631	0.10872479996929264	-0.1912123656839634	0.03423306519835995	0.1647067974068296	0.15711062144742077	0.047200641467718574	-0.19214534561378088	0.09622580147654293	0.12004368923457943	-0.18495996717597007	-0.01703483434126771	-0.17205921832718696	-0.14387989917372931	-0.06601113287466422	0.19284258023859316	-0.07661356138595997	-0.13739576098219822	-0.18261562164287173	0.001706566082955334	-0.1937188348203484	0.194732875885043
-0.2061298869781776	-0.17474295717655952	-0.04900391797545395	-0.19637822689455087	0.08003295430331239	-0.14190356030430315	-0.1689362857868387	-0.03495200123524366	-0.19062969079740327	0.08490258607330436	-0.13739131729242973	0.17189288658700413	0.028834505328832936	-0.19062919224617234	0.09273188368904824	0.13181071674142802	0.17748213424708106	-0.01752528298826898	0.1891380363637864	0.10483672437498864	0.12070671848110841	0.18570102943118116	0.004896683172405009	0.17333444855669145	-0.12998441411296266	-0.1299844141276618	-0.17333444854335195	0.004896683534714993	-0.18570102897666532	0.12070671943727497	0.10483672476301756	-0.1891380361954737	0.017525282450876922	-0.17748213363131538	0.13181071714897838	0.09273188338007067	-0.1906291925856423	0.02883450477048478	0.1718928879261852	0.1373913156559884	0.08490258557363316	0.19062969154175252	-0.03495200230981261	-0.1689362837066916	0.1419035639961836	0.08003295476167352	0.19637822513285763	-0.0490039163496244	0.17474295656410108	-0.20612988788262404
-0.2161289944814749	-0.1505089831571923	-0.09407351345284598	-0.19265739193236595	0.011653653082385942	-0.18320937277701643	-0.10662201738986962	-0.12729686261801507	-0.17211502210123544	-0.038541525955204076	-0.19235577630486841	0.0610720927769817	0.16109942495419904	-0.14508430980950382	-0.08588124910935628	0.19049875195756882	0.013808261120413211	-0.18342396497708455	0.10973198534404739	-0.1269486566375149	0.17621224786407588	-0.03522564736177458	-0.19356945276960566	0.04801103505035531	0.1637958331146089	-0.16379583312773713	0.048011035012695824	0.19356945251830796	-0.035225647556387636	-0.17621224821214942	0.12694865660691865	0.1097319853796182	-0.1834239647918033	0.013808260657061163	-0.19049875239342237	0.08588124860449302	0.14508430943166628	-0.16109942503663033	-0.061072094859051115	-0.19235577455238118	0.038541527662859495	-0.17211502376514806	0.127296863540163	0.10662201475048612	-0.1832093760846399	-0.011653654469209442	-0.19265738808696933	0.09407351170737388	-0.150508983034447	0.2161289960636011
-0.22430067364292247	-0.12216068847844389	-0.13332540951448574	-0.17175848407197478	-0.05740312473041887	-0.19231048444396365	-0.02123372032512427	-0.1828824953146031	-0.09507311923166237	-0.14453851803977352	-0.15383295088068308	-0.08239506563893272	0.18782642255442042	0.005727954174726981	-0.19075064908889802	0.07279679599764814	-0.16099163605036992	-0.14003690839149857	-0.10287804846151218	-0.1829802244538441	-0.02529570695089243	-0.1951133232451143	-0.061547769760770026	-0.15721262385970403	0.13829726506610632	0.13829726502435394	0.15721262393757654	-0.06154776993997712	0.1951133229845583	-0.025295707536704664	-0.18298022476307424	0.10287804830461995	0.1400369088814123	0.16099163608779515	0.07279679617601595	-0.19075064808526526	0.005727954762098145	0.18782642301445582	-0.08239506371011746	0.15383294959720653	-0.1445385203030814	0.09507312101380108	-0.1828824960734306	-0.02123371740082533	0.19231048706824047	-0.05740312268925486	0.1717584788278398	-0.13332540760259584	0.12216068919001159	-0.22430067568377435
-0.23065595290955648	-0.08983105648852344	-0.1653637071577219	-0.13500110039276428	-0.11978897730093198	-0.16775762698724192	0.07002160003317238	-0.18727585355510912	0.01589119536530248	-0.19197837109122093	-0.03954517321273332	-0.1810501384349998	0.09228178597863737	0.15468033614946256	-0.13758533592392763	-0.11504197504315056	-0.17163590365802409	0.06495385938995497	-0.19073340299796984	0.010339099612783051	-0.19420794147589615	-0.04540501255810772	0.18184129660820686	-0.08039876945488607	-0.15862024420835616	0.15862024433288385	-0.08039876961487932	-0.18184129629097853	-0.045405012141604896	0.19420794214745013	-0.010339099390423535	-0.1907334030112049	0.0649538584930808	-0.1716359034520438	0.11504197503784931	0.13758533499510212	-0.1546803361719026	-0.09228178609700687	0.18105013772806047	-0.039545172845268324	0.1919783731461639	0.015891194308336538	0.18727585436394825	-0.07002160287182495	-0.1677576288979799	0.11978897491773279	-0.13500109456772938	0.16536370496757472	-0.08983105816553016	0.2306559550744477
-0.23492116463602858	-0.05517419305012363	-0.18758105114273238	-0.08648904394405327	-0.16597912918568014	-0.11434740014975586	0.14444158101674454	-0.13907335100797266	0.1200006156379089	-0.1601423023036348	0.09222397532857045	-0.17674572395401555	-0.06128792343392765	0.188187668825404	0.028034078102316787	-0.19361263774423712	-0.006807076237071324	0.19300271102021885	-0.041978398179986276	0.1850397879575004	-0.07706603349355272	0.17131300719431636	0.11277617838615028	0.13587263056180826	-0.14585487426970062	-0.14585487427707586	-0.13587263035846908	0.1127761784481882	-0.17131300741591493	-0.07706603338218386	0.18503978808005841	0.041978398531332096	-0.1930027104565865	0.006807076134339628	-0.19361263760171174	0.028034078499561556	0.18818766792623737	-0.061287924092877755	-0.17674572488004572	-0.09222397469584379	-0.16014230334009727	-0.1200006157946142	-0.13907335217979666	0.14444158332581977	0.11434740154480873	-0.16597912696295217	0.08648903821208472	-0.18758104865736092	0.055174195507809776	-0.23492116657410056
-0.23710096916978718	-0.018439033603453177	-0.1991631797436182	-0.029501054830624086	-0.1909989971354915	-0.04015161831198354	0.18694091005738322	-0.05073648236570773	0.18382872685804516	-0.061334492798167294	0.18065130518964415	-0.07184213164298814	-0.17711608826452035	0.08227212224434875	0.17287475137316116	-0.09223778618186156	0.16818362089045577	0.10204601104188914	0.16280165305569289	0.1102853997270779	0.1577512133523498	0.11839974399849021	-0.15408669454651824	0.10999546459897248	0.1526353663132962	-0.15263536647007178	0.1099954645276855	0.1540866941459148	0.11839974390563907	-0.15775121399129988	-0.1102854000186515	0.16280165256757745	0.10204601117336569	0.16818362095034897	0.09223778589794994	-0.17287475104058594	-0.08227212065271172	0.1771160894584274	0.07184213361613674	0.18065130397170684	0.061334492474266686	0.18382872816910417	0.050736483978952494	-0.18694091145588346	-0.04015161925538558	0.19099899580376636	-0.029501049726438827	0.19916317698340927	-0.01843903644896422	0.23710097069315447
-0.23710051320156003	0.0184423845951488	-0.19916385180528454	0.02949915867426825	-0.19099869766428137	0.04015306348423331	0.18694084986988152	0.05073518556091746	0.18382913537444462	0.061333487765996335	0.1806514627053261	0.07184255404512908	-0.17711574042506167	-0.08227288258406774	0.17287454273217848	0.09223771183448273	0.16818377425536846	-0.10204587210275719	0.1628016953799358	-0.11028531958501585	0.15775124600901522	-0.11839980173480766	-0.15408662123847003	-0.10999549151993	0.15263537301308455	0.1526353731073163	0.10999549135665332	-0.15408662111432098	0.11839980201527511	0.15775124621690814	-0.11028531939912523	-0.16280169524421428	0.1020458716068642	-0.16818377447758695	0.09223771200822233	0.17287454203895466	-0.08227288405675086	-0.1771157413918598	0.0718425523614825	-0.18065146159803902	0.06133348905314495	-0.1838291373637202	0.05073518359576217	0.18694085006035063	-0.0401530629787102	-0.19099869777062345	-0.029499162763942207	-0.19916384902475154	-0.018442381729918276	-0.23710051425871478
-0.2349197997770731	0.05517767935602988	-0.18758301251309129	0.08648737571524116	-0.16597826158347753	0.11434845690660811	0.14444143510796154	0.1390723053769904	0.12000174942848622	0.1601417700229792	0.09222430706182069	0.17674598030987745	-0.06128714405755209	-0.1881877513692231	0.028033620178849094	0.19361273036282645	-0.006806813869357673	-0.19300270508874748	-0.041978287438752364	-0.18503981806694086	-0.07706599540415969	-0.17131296189690243	0.11277627168817536	-0.13587261419589036	-0.1458548682338303	0.14585486839206602	-0.13587261399198874	-0.11277627130325935	-0.17131296194644496	0.077065995857768	0.1850398181281237	-0.041978286985416974	-0.1930027046884608	-0.006806813754724163	-0.1936127305217017	-0.028033619995982792	0.1881877516536935	0.06128714402075345	-0.1767459800145664	0.09222430641911432	-0.16014177162388762	0.1200017516705033	-0.1390723031400557	-0.14444143393464948	0.11434845673951574	0.16597826315980946	0.08648737870608439	0.1875830102444148	0.055177676599421285	0.23491980044170785
-0.23065372340076779	0.0898347845228897	-0.16536675619570765	0.13499985039524284	-0.11978765092053593	0.16775799864376723	0.07002146983206872	0.18727526827946614	0.01589272236332812	0.19197855810428285	-0.03954494485410468	0.18105010118543846	0.09228240435379562	-0.15467973541955166	-0.13758568208521121	0.11504208264336228	-0.17163586386442703	-0.064954026095522	-0.19073330618803574	-0.010339188357939995	-0.1942079732020521	0.04540508015218239	0.18184124674884794	0.08039880270834036	-0.15862025252699719	-0.1586202527331402	-0.08039880262430084	0.18184124650627648	-0.04540508056481556	-0.19420797367281473	-0.010339188496486306	0.1907333055078225	0.06495402590832293	0.17163586405811276	0.1150420829933913	-0.13758568133637253	-0.15467973433863785	0.09228240531326237	0.18105010240646163	0.03954494505815533	0.19197855932398972	-0.01589272418571896	0.1872752662952688	0.07002146761325997	-0.16775799864866642	-0.1197876536955006	-0.13499985204886605	-0.16536675448323354	-0.08983478208551743	-0.23065372400898979
-0.22429763103477074	0.12216474156686878	-0.1333292645436958	0.17175777170333253	-0.05740148936012018	0.19231000175381482	-0.021233676528242127	0.18288252855511591	-0.09507170158139791	0.14453935682102476	-0.15383299162891906	0.08239470875885177	0.18782646562844918	-0.005727246373898807	-0.1907506130715275	-0.07279690291459685	-0.16099185717401385	0.14003672503672981	-0.10287808887025965	0.18298018341953326	-0.025295760806191333	0.19511330496458584	-0.06154787930754081	0.15721261627604036	0.13829725825557207	-0.1382972583043617	0.15721261596961286	0.061547879032314234	0.1951133053605689	0.025295760873406854	-0.1829801834058979	-0.10287808863922944	0.14003672508224074	-0.16099185732998034	0.07279690276891554	0.19075061208572686	0.005727244987243628	-0.1878264664049057	-0.08239471076386111	-0.15383299128545724	-0.1445393570362909	-0.09507170118928059	-0.18288252799363042	0.02123367911486977	0.19231000199301895	0.057401493143154424	0.1717577713461692	0.13332926264703934	0.12216473998293478	0.2242976320146283
-0.21612523061984484	0.150513405718519	-0.09407780572800514	0.19265722512845285	0.011655376448424175	0.18320806317568344	-0.10662167341025432	0.12729753394178397	-0.17211422679548447	0.03854261122451479	-0.19235602341940247	-0.06107255580764825	0.16109897656327127	0.14508456135193334	-0.0858808607894093	-0.19049900422621663	0.013808078015444578	0.18342400070166426	0.10973181170587651	0.1269486710343651	0.17621225543992997	0.035225601885604384	-0.193569440445388	-0.0480110811713421	0.16379584008249964	0.16379584032302924	0.04801108124470859	-0.19356944010037513	-0.03522560160183826	0.17621225549271638	0.12694867125498596	-0.10973181129379356	-0.1834240007894243	-0.013808078402907613	-0.19049900470242065	-0.0858808602309016	0.14508456184516313	0.16109897627199954	-0.06107255377171959	0.19235602240695449	0.03854261066765511	0.1721142281130975	0.12729753547773248	-0.10662167595822016	-0.18320806390086425	0.011655372393744371	-0.19265722276044286	-0.09407780317403817	-0.15051340519097345	-0.21612523197054348
-0.20612550131469085	0.17474776022313968	-0.04900826463791302	0.19637852689784777	0.08003449164559127	0.14190160910080893	-0.16893563490181504	0.034953179907168466	-0.19062982042927365	-0.08490177256867068	-0.13739159331202197	-0.17189312772712045	0.028833964122396968	0.19062889650930193	0.0927323091160194	-0.1318108098668813	0.17748224345655358	0.017525525633564628	0.1891379130482959	-0.10483667719119961	0.1207067648711195	-0.1857010185137538	0.004896786544689251	-0.17333445892734128	-0.12998440928419483	0.12998440920060628	-0.17333445849461368	-0.0048967863511374604	-0.18570101945115003	-0.12070676478243561	0.10483667698224444	0.1891379122237094	0.017525525811366266	0.1774822442519056	0.1318108109774707	-0.0927323091621051	-0.19062889592147952	-0.028833962874105105	0.1718931262041314	-0.1373915915638763	0.08490177314641315	-0.19062982266683742	-0.03495318324193391	0.1689356372617922	0.1419016107058751	-0.08003448843451573	0.19637852348308002	0.04900826163978588	0.17474776058957422	0.20612550250049547
-0.1947279963085768	0.1937239740587238	-0.0017106254966210669	0.18261623960578324	0.13739684127368432	0.07661130248881957	-0.1928417617868225	-0.06600979363511947	-0.14388083566217208	-0.1720589788538165	-0.01703504937104523	-0.18495986546273818	-0.1200439578155485	0.09622529450218223	0.1921454681184939	0.047200870494958636	0.15711089251507757	-0.1647066455649536	0.03423316544212611	-0.19121229288723743	-0.10872480134200928	-0.10971959563107642	0.18817751709675165	0.0138416377565967	-0.16815467081756824	-0.16815467100471718	-0.013841638314993833	0.18817751666489294	0.10971959624078098	-0.10872480124512025	-0.19121229296850706	-0.034233164667030136	0.16470664577443264	-0.15711089345920493	0.04720086892163459	0.19214546743345715	0.09622529318615575	-0.12004395913862814	-0.184959864614488	0.017035046877123393	-0.1720589792438213	0.1438808379360892	-0.06600978956657909	-0.1928417639594622	-0.07661130537715567	0.13739683961651616	-0.18261623631165247	-0.0017106226486622667	-0.19372397496591226	-0.19472799673222146
-0.18191314129552202	0.2074793847926544	0.04624124140066372	0.15241786039312757	0.1777928385983879	-0.0027875003129484324	-0.17368376765224663	-0.1496852573889719	-0.04686783857581856	-0.1892574072442013	0.11328726932360496	-0.0934087276517378	-0.1930417760452724	-0.07116332286982982	0.13246297651496883	0.18514303163267448	-0.026731873476043493	-0.16213717858231677	-0.16730723969818717	-0.01720709815695798	-0.18239814803282925	0.14460306383270205	0.05220700048364475	0.18371390103465707	0.12093977284115537	-0.12093977275156605	0.18371390112993172	-0.05220700052331181	0.14460306408015441	0.1823981475797627	0.017207098545158478	-0.16730724005758302	-0.16213717920399007	-0.026731873247020643	-0.18514303059365475	-0.13246297568824392	0.07116332343477681	0.19304177620370847	0.09340872760314924	0.11328727193394779	0.1892574070950699	-0.04686783945272266	0.14968525432869004	0.17368376950623557	-0.00278749626462259	-0.17779283916003172	0.15241785871713434	-0.04624124297528182	0.2074793856884164	0.1819131404644568
-0.1682242177954127	0.2155182426535663	0.09115926902582004	0.10928467760333638	0.19532007693151598	-0.08078202840868122	-0.11630924204012273	-0.19078775337857465	0.06483018686420396	-0.12919792592205676	0.18750382076489275	0.04898813721724021	-0.14117022504970764	-0.18415304231856844	-0.03516234461098385	0.15059039529734744	-0.17998185906104416	0.02228099436599649	-0.15907535511213872	0.1762661931142475	0.010565935343281001	0.16528608665755046	-0.16603980296004747	0.021052961427829458	0.17169693117444407	0.17169693140075407	-0.021052961008422293	-0.16603980247167105	-0.1652860870911417	0.01056593563528298	0.17626619292561277	0.15907535511700813	-0.02228099359399333	0.17998185942564693	0.1505903949317268	-0.03516234562491371	-0.1841530418684232	-0.14117022416214509	0.048988136439629015	-0.18750382295464227	-0.12919792589747786	-0.06483018733056814	-0.19078775192454633	-0.11630924298161047	0.08078202355798521	0.19532007909119764	-0.10928467732977751	0.0911592693908064	-0.21551824369777706	-0.1682242160176792
-0.15362814528921281	0.21805934989216813	0.1317333194666123	0.05613378216731118	0.18838773044582913	-0.14589453794587043	-0.03224898081484277	-0.1789774727293231	0.15576407985979832	-0.015197152244806493	0.17180016860639133	0.1659081830979637	0.0033852886161810985	-0.16258809687135034	-0.17619514576741827	-0.02507659515088564	-0.14965197292963978	0.1852997468813948	0.04935679807638498	0.13262447669912447	0.19289952667610696	-0.07873093281741228	-0.1047404050416099	-0.18799707630751816	-0.1111859873817316	0.11118598712880871	-0.18799707664113866	0.10474040483306256	-0.07873093304510066	-0.19289952626056842	-0.1326244770891157	0.049356798220686844	0.18529974659949328	-0.14965197323977567	0.025076594957807462	0.17619514660524954	0.16258809587852002	-0.0033852897738386113	-0.16590818195681747	0.17180016973243778	0.01519715273841397	0.15576408117832122	0.1789774729828497	0.03224898043447096	-0.145894533008252	-0.18838773351621146	0.056133782620878994	-0.1317333188594543	0.21805935119310751	0.15362814317254675
-0.13873557009806925	0.21529103864502847	0.16508400745420596	-0.0011700861194123898	0.15826195031516752	-0.185697635403757	0.05786867870818028	-0.11806030092519382	0.19305806930788907	0.10349053012181084	0.07422603686900506	0.18899820088950328	0.14371598502764818	-0.02301798725982357	-0.17046889406042692	-0.17471488470338675	0.03232807220669266	0.13761489959048553	0.19310473968488273	-0.08792399633131463	0.09073287940112365	-0.1922618612317507	0.12896296185756298	-0.05560495540038065	-0.17443218525596677	-0.1744321853384214	0.05560495516567399	0.12896296148074338	0.19226186182538768	0.09073287880000465	-0.08792399578914074	-0.19310473977515744	-0.1376148999985663	-0.03232807251315537	-0.17471488434676485	-0.17046889433018345	-0.023017986692394004	0.1437159855847957	0.18899820020012945	-0.07422603659928524	0.1034905290310924	-0.19305807068545025	-0.11806030245624609	0.05786868035616366	0.18569763107392193	0.1582619535861124	0.001170085663114497	0.16508400626824765	-0.2152910403515167	-0.138735568212157
-0.12349680360898212	0.20759444594897783	0.19053939823133043	-0.059088570707521645	0.10823308432641028	-0.194665044853482	0.1363995060760186	-0.023661999353752985	0.16528260325949135	0.18164098384163171	-0.06071541143932635	0.10599291551052029	0.19307645578426588	0.13570451219564034	-0.02288986520161566	-0.16453626272859836	0.18468591173547647	-0.06874974494598375	0.09761047293297725	-0.193248977837413	-0.1489457783884314	-0.0007565532060865185	0.14805020836794552	0.18600612026250604	0.10074134922639381	-0.10074134893862365	0.18600612070136224	-0.14805020807059113	-0.0007565531230110143	0.14894577820422936	0.19324897781913458	0.09761047296872345	-0.06874974433273251	0.18468591246750324	0.16453626249498648	0.022889864724779968	-0.13570451180379178	-0.1930764554965003	-0.10599291591824006	-0.0607154130085153	-0.1816409824677699	0.16528260420762433	0.02366200166533132	-0.13639950851440455	-0.19466504165984647	-0.1082330873732867	-0.05908857035229268	-0.19053939659737876	0.20759444813619735	0.12349680216667586
-0.10853104171878189	0.19574734185720105	0.20663864326908674	-0.11159367333857345	0.04580326287454293	-0.17148677693201186	0.1846630682955642	0.07604223401683827	0.08268347942951804	0.18591021073845282	-0.1650959326401409	-0.03451920720626138	0.11885801547924352	0.1936889230987261	0.1410510387009166	-0.004200022480411191	0.14702680398543938	-0.1945835444870757	-0.11603903147223665	-0.03742221060440748	-0.16649682393368262	0.18573649539864096	-0.08002626473250458	0.08877316615770625	0.17638165874630085	0.17638165870464734	-0.0887731661319523	-0.08002626439924146	-0.18573649621115004	-0.1664968231744733	-0.03742221100846958	0.1160390315313481	0.1945835442950831	-0.1470268042838589	-0.004200022495895083	0.14105103949164305	0.19368892194300164	0.11885801473698475	-0.03451920571558776	0.16509593474941178	0.18591020963477037	-0.08268347991874446	0.07604223156035501	0.18466307097502568	0.17148677518258992	0.04580326529439886	0.1115936729982196	0.20663864123332062	-0.19574734445953898	-0.10853104063442835
-0.09376425239254163	0.18022280775447166	0.21350372395599543	-0.15591114515099733	-0.022842680360836993	-0.11988761900629566	0.1938246492923398	0.1564397520356108	-0.02892770241176199	0.1149315902206753	-0.19185709807914397	-0.1577977069128745	-0.032943399083408514	0.11067173211032445	0.19123572938222713	0.16343556874736492	-0.0436245406818718	-0.10076050807820486	-0.18904605768195676	0.17318014170752496	0.06250448008937705	0.0802927199666934	-0.178238339120862	-0.17773475445710427	-0.08961412841348963	0.08961412812388563	-0.17773475488487456	0.1782383386619618	0.08029272037249699	-0.06250448017452442	-0.1731801416007804	-0.1890460580428421	-0.10076050838311747	-0.043624541497435276	-0.16343556850227825	-0.19123572963676574	-0.11067173081806517	0.03294339965739187	0.15779770497422724	-0.1918570996425105	-0.11493158990513135	-0.02892770216217368	-0.1564397501239332	-0.19382465185164685	-0.11988761894807459	0.022842679079935202	-0.1559111449959486	-0.21350372157551992	0.18022281051430153	0.09376425151551498
-0.0797754532094568	0.16221861409795302	0.21133866184780167	-0.18803704225321674	-0.08813733640476056	-0.049774892276963904	0.1621952462170473	0.194235146057376	-0.12970956291012797	-0.0007513370881718901	-0.12815727598102114	-0.19290827521427528	-0.1618097582664604	-0.05080140484951381	0.08519648312994105	0.17973976005118095	-0.18715052180022163	0.10428856713512888	-0.028679267505748052	0.14743720525806245	0.1948296026853858	-0.14638672524496155	0.0233108342856758	-0.11958194172644082	-0.17758140436558623	-0.1775814041646903	0.11958194180388397	0.023310834108442133	0.14638672576384712	0.1948296016776534	0.14743720576212163	0.028679268239648344	-0.10428856675441986	0.18715052343793678	0.17973975997729513	0.08519648229637751	-0.050801405856842057	-0.16180975828517474	-0.19290827353780576	0.1281572760398261	-0.0007513362934931689	0.12970956249219323	0.19423514512069548	0.16219524853222014	0.04977489414962963	-0.08813733672785139	0.18803704280406022	0.21133865924327308	-0.16221861649794653	-0.07977545229714408
-0.06646585352798455	0.1422244093727959	0.20101433112861003	-0.20703637646180317	-0.14449147541050647	0.029181245366454292	0.09618070304668173	0.1807773528819178	-0.18913752464389033	-0.11775597394382362	-0.0030134471013760437	-0.12211847313519547	-0.18983399217149774	-0.17847376156543082	-0.09349180174535157	0.02972872558710574	-0.14070528057673257	0.1949252190305349	0.17106460413014962	-0.07979627006179972	0.042361117427336295	-0.1461330340910645	0.1924714413022624	0.16333005637092182	0.07779271174867203	-0.0777927116632153	0.16333005668055603	-0.19247144096261404	-0.14613303441022157	-0.04236111637551998	0.07979626920796842	0.17106460326555806	0.1949252191478156	-0.14070528212930972	-0.02972872605999523	0.09349180360490685	0.1784737622720482	0.18983399148186433	0.12211847194942764	-0.0030134454133476716	0.11775597178703652	-0.18913752370321915	-0.18077735314920354	-0.09618070514212344	0.029181241486546456	0.14449147770098136	-0.20703637821923315	-0.20101432836428068	0.14222441079807713	0.06646585223877073
-0.054319593313720986	0.12159640029183395	0.18411359141834074	-0.2120695665098453	-0.18498993158001265	0.10291295509340856	0.011473315951906218	0.12075512908258856	-0.18722239657284062	-0.1876009643442848	0.12199686556776823	0.013822610048197436	-0.09889169940260588	-0.1771202929838299	-0.1943429724055146	-0.14528363181895165	0.04714272959740816	0.06655251730316902	0.15754107063184197	-0.1951621639406995	-0.16672528961520597	0.08038010454270136	0.03646084959931274	0.14716142736060206	0.17808693844700296	0.1780869383293489	-0.14716142767880847	0.0364608495749848	-0.0803801053818795	-0.16672528920776278	-0.19516216349886284	-0.15754107035140763	-0.06655251778799712	-0.04714272924168991	-0.1452836308314907	-0.1943429740565186	-0.17712029340085508	-0.098891698648142	0.013822610507702861	-0.12199686853935936	-0.1876009614729136	0.1872223952148629	0.12075513014406902	0.011473317413758406	-0.1029129495558908	-0.18498993541245648	0.21206956920642558	0.1841135886823378	-0.1215964008869566	-0.05431959173350901
-0.04320243091431149	0.1007219513595051	0.161919439899216	-0.204177470714582	-0.20735906890004013	0.1625707688593136	-0.07668808775991445	0.029032244133703228	-0.12565517628275744	-0.1859103569360326	0.19287444852388938	0.1450270110009788	0.056493468484207957	-0.04749285967651022	-0.1378924851346687	-0.19015934709105708	0.19054728543172525	-0.1397906728588227	-0.05202181207129853	-0.048653117260909866	-0.1359356233062545	0.18659175476363804	-0.18917631545117006	-0.14305158805249021	-0.06522687643702259	0.06522687620017147	-0.1430515884345237	0.18917631475367744	0.186591756150364	0.1359356223587311	0.04865311714094262	-0.05202181213181285	-0.13979067230829656	0.1905472857179397	0.19015934616273195	0.13789248597033257	0.04749286008157722	-0.05649346889354624	-0.14502701114014932	0.19287445185738009	0.185910353960944	-0.12565517453701014	-0.029032245600572288	0.07668808689417385	0.1625707621401863	0.20735907394260295	-0.2041774741768304	-0.16191943736738412	0.10072195113908133	0.043202428894453006
-0.03347850059410372	0.08088837849116337	0.13684550047192415	-0.18564224221122758	-0.21047483019496632	0.1993736817787031	-0.14956681942567138	-0.0689075242515189	-0.02601654220741707	-0.11429629731363404	0.17620213248288205	0.19810366287484987	0.17562817297327968	0.11438805390231	0.028408339104019544	-0.06323749235819831	0.14068950537361552	-0.1874489599986755	-0.19380679768089404	0.15843309004897072	0.0886933042451557	0.001641303842244689	-0.09434936867528196	-0.1707901708765217	-0.1779798425285138	-0.1779798423885004	0.17079017097771826	-0.0943493686641764	-0.0016413040404331517	0.08869330449227801	0.15843309002927436	0.19380679759504776	0.18744895983773835	-0.1406895058076393	-0.06323749224834255	0.028408339722841718	0.11438805376956587	0.17562817251899865	0.1981036625073014	-0.17620213506269017	-0.11429629566887937	0.026016540751715396	-0.06890752317620316	-0.14956681970840194	-0.19937367463276498	-0.21047483541264586	0.1856422456352985	0.13684549833218634	-0.08088837821251349	-0.033478498811920984
-0.024990552799111204	0.06233278873074299	0.11024548762130587	-0.15898215170797272	-0.1963746920541408	0.2113114559971518	-0.19689667679327902	-0.1524173744527463	0.08367674695073958	0.0016857188470435697	0.07972716800254041	0.1468146100091952	0.18848006833217704	0.1982572876009144	0.17513400150051234	0.12360272879246625	-0.052498447531005965	-0.02632991802266391	-0.10040261216890571	0.15798330946584194	0.19081754562017628	-0.19387617938670873	0.1680707207134569	0.1171840381514242	0.05178828438580099	-0.05178828424396574	0.11718403847341384	-0.1680707200896295	-0.19387618050278096	-0.190817544662985	-0.1579833095793691	-0.1004026122337812	-0.02632991822097214	-0.05249844754204481	-0.12360272795171064	-0.1751340030921135	-0.19825728771747478	-0.18848006727012143	-0.14681460943042224	0.07972716886903096	-0.0016857184169865322	0.08367674765217067	0.15241737424244303	0.1968966782927596	0.21131144902525065	0.1963746967435024	-0.15898215473078842	-0.11024548595594012	0.0623327886330308	0.02499055156584406
-0.01795070076050075	0.046022484928139255	0.08451911325142622	-0.12814380295812175	-0.16919419884232167	0.19935399276215943	-0.2115799666731453	-0.2016268705550946	0.16891034279210249	0.11654499387728566	-0.05071419950548647	0.02047107318819301	0.0882461445498972	0.1444737942462757	0.18263539523721287	0.1985647854868935	-0.19079302498146491	0.16056558383317415	0.11160321650493028	-0.04950576479777079	0.01885679117123852	-0.08635056837260385	0.14566337221828438	0.1899417710083688	0.17737527242289663	0.1773752722683572	-0.18994177117163663	0.14566337196584755	0.08635056910882727	0.018856790545525	-0.04950576481344159	-0.11160321655157118	-0.16056558349615224	0.19079302518449984	0.19856478440797778	0.18263539678026655	0.1444737945015338	0.08824614358538241	0.02047107271661397	0.05071420074021204	0.11654499144372779	-0.16891034248941572	-0.20162687124573314	-0.21157996916029703	-0.1993539865509118	-0.1691942025475138	0.1281438053017991	0.08451911205646291	-0.04602248512981417	-0.017950700153955272
-0.012155833713740318	0.03191657310986666	0.06052159353419253	-0.09565847893124999	-0.13322426782894306	0.16812005650713918	-0.19518425936796707	-0.210090056364954	0.2100067100416902	0.19395802630757256	-0.1628203906575768	-0.11909482962199493	-0.06645832544038947	-0.009323368858271884	0.047702437491496094	0.10014812280420154	-0.14416536314566678	0.1765829861144538	0.19540635510512633	-0.19945571842202928	-0.1890755330821782	0.16505989929960843	-0.12990086869451267	-0.08582045911524383	-0.03717303062509948	0.03717303058157892	-0.08582045931588209	0.12990086830464595	0.16505989994855852	0.18907553216142417	0.19945571879693955	0.19540635555762448	0.17658298585629403	-0.1441653630321909	-0.10014812236030762	-0.04770243797949538	0.00932336855668957	0.06645832562248055	0.11909482981691134	-0.16282039368751314	-0.19395802262136258	0.21000670883912856	0.21009005759295743	0.19518426231798627	0.16812005158000126	0.13322427043140633	-0.0956584804478241	-0.06052159274918424	0.03191657359747681	0.012155833576980798
-0.007678008158797553	0.020560755105962454	0.04001964981345317	-0.06539055895156329	-0.0949178668106935	0.12605882647059688	-0.15587612015839736	-0.1814716475464189	0.20034438220862857	0.2106635134492563	-0.21137055023386214	-0.20220615465126032	-0.18359784365628987	-0.15656026356551808	-0.12251694158189302	-0.08319292380576687	0.04045456596066408	0.0037598562813654685	0.04757600008705422	-0.08921900797290944	-0.1271398779548343	0.1600515742126264	-0.18643332937066606	-0.20431350880497295	-0.17641432089145856	-0.1764143207166037	0.20431350915410812	-0.18643332884088828	-0.16005157511105772	-0.12713987704330557	-0.08921900818303478	-0.04757600025062012	-0.003759856349327985	-0.040454566026280316	-0.08319292325588379	-0.12251694283087892	-0.1565602635409217	-0.18359784271749072	-0.2022061542337881	0.21137055399546933	0.21066350994301622	-0.20034438083814243	-0.18147164867213456	-0.1558761225789629	-0.12605882293229792	-0.0949178687160754	0.06539056003386616	0.04001964930564718	-0.020560755404511685	-0.007678007985588743
-0.004301035778217526	0.011700362192955012	0.02324833447811271	-0.03898070319996183	-0.05839479024614521	0.08054578011187968	-0.10419105566382408	-0.12795939936546252	0.15051410902980084	0.17067841866053685	-0.1875170654509643	-0.20035836017221065	-0.20879734868582653	-0.21264208758645642	-0.21190834235652717	-0.2067209542758095	0.1973645936436051	-0.1841270356321394	-0.1674655441050315	0.1477307627637421	0.12551631316633005	-0.10113450196453178	0.07526435457080369	0.04814385970950269	0.020603689538986586	-0.02060368954388775	0.04814385978973887	-0.07526435440284696	-0.10113450226690085	-0.12551631249644782	-0.14773076311575153	-0.1674655446623734	-0.18412703523405727	0.19736459336005296	0.2067209531364998	0.2119083447611381	0.21264208788824426	0.20879734708255746	0.20035835926825737	-0.187517068735716	-0.17067841630325975	0.15051410806190618	0.12795940002518452	0.10419105703763151	0.08054577788439912	0.05839479167750257	-0.03898070409528501	-0.023248334133716735	0.0117003620817481	0.004301035428491434
-0.001896892420736765	0.0052161561787426956	0.010510481117730966	-0.017930208112702937	-0.02742360864915807	0.03876056588245731	-0.05158001501238969	-0.06544059796174113	0.07988576836972706	0.09448168187314059	-0.10886358327642512	-0.1227331472385166	-0.13588274244592638	-0.14815609995592816	-0.15947548826174887	-0.16977429230169852	0.17905335458988805	-0.1872805511212537	-0.19450061537596816	0.2006961987680721	0.20593686772830913	-0.21024319583449064	0.21312463646711516	0.21334992187588606	0.17507269263551475	0.17507269245988538	-0.21334992233641195	0.2131246357940851	0.21024319677547046	0.20593686650182	0.20069619924941018	0.19450061600690946	0.18728055074370178	-0.17905335429505836	-0.1697742914278192	-0.1594754901188556	-0.1481561002321082	-0.13588274124415972	-0.1227331465378701	0.10886358518051305	0.09448168074297972	-0.0798857678870543	-0.06544059822747746	-0.051580015579311946	-0.03876056481914365	-0.027423609445528845	0.017930208646256485	0.010510480922785535	-0.005216155982726121	-0.0018968921733961714
