0.9948905087166764
0.994827204892696
0.9947440635241344
0.9946396402983964
0.9945118557314306
0.9943579950186414
0.994174594087752
0.9939572642931739
0.9937004486884585
0.9933970901233525
0.9930381522814374
0.992611938993914
0.9921030639918644
0.9914909226063533
0.9907472663607232
0.9898323620149924
0.9886885196822724
0.987228721252308
0.985315744883815
0.9827191621511177
0.9790246403562767
0.9733966706946664
0.9639440471541183
0.9452592152567388
0.9023259134273101
0.09767408654970855
0.054740784796203146
0.03605595281141716
0.0266033293085558
0.020975359642761204
0.017280837854648956
0.014684255112779598
0.01277127875135009
0.011311480318996758
0.01016763798525866
0.009252733635983407
0.008509077397586207
0.007896936004342818
0.007388061002014418
0.006961847716087232
0.006602909880336251
0.006299551308576646
0.006042735709044131
0.0058254059145353585
0.005642004984300696
0.005488144268653339
0.005360359703830172
0.005255936476569843
0.005172795106714504
0.005109491278092545
