0.04067793481257204
0.03487511388298277
0.03265177854301594
0.031470989303505933
0.030762042230724713
0.030317149682768697
0.030038675984945175
0.029862403386871725
0.029732229446765908
0.029649830605271845
0.02960179399803758
0.0296189707336079
0.029523027277039215
0.029565396837199873
0.02956712631757853
0.029558760346070502
0.029548649577465294
0.029538783914941257
0.029530919328147817
0.02952486452040414
0.029521890449565984
0.02952327936157375
0.029513711315103813
0.02944389434175446
0.02612314982859608
0.026123149833443476
0.029443894347232335
0.02951371131905124
0.029523279357444393
0.029521890444781707
0.02952486452394925
0.029530919334426996
0.029538783915199377
0.029548649564921155
0.029558760343107386
0.029567126338080577
0.029565396849285688
0.029523027255606946
0.029618970737906883
0.029601794025670775
0.02964983056257757
0.02973222940227865
0.029862403413690192
0.03003867598403704
0.030317149625692753
0.030762042275457438
0.031470989325347185
0.03265177860605745
0.03487511399361638
0.04067793535291822
