0.04067793564104736
0.034875114043785155
0.03265177862832351
0.03147098934225259
0.030762042211698412
0.030317149648871278
0.030038676058082876
0.02986240342167038
0.029732229426047755
0.02964983060582538
0.029601794028841923
0.029618970730025687
0.029523027249223885
0.029565396829151793
0.029567126332709637
0.029558760343078215
0.029548649570376204
0.029538783920663284
0.029530919335204547
0.0295248645107795
0.029521890445540357
0.029523279366102287
0.02951371131497816
0.029443894342701525
0.026123149826137483
0.02612314982855509
0.029443894348323098
0.02951371130988572
0.02952327936067669
0.029521890448979664
0.029524864519052098
0.02953091933041016
0.0295387839103379
0.02954864956914806
0.02955876034900712
0.029567126331266923
0.029565396841159136
0.02952302725660629
0.029618970738804283
0.02960179401656006
0.029649830584517433
0.029732229425454636
0.029862403445528513
0.030038675987041033
0.030317149679619352
0.03076204224116658
0.03147098937984105
0.03265177850508402
0.034875113840432626
0.040677933458305116
