0.994890508716382
0.9948272048896007
0.9947440635236038
0.9946396402992373
0.9945118557358186
0.9943579950174555
0.9941745940905193
0.9939572642944363
0.9937004486910612
0.9933970901178505
0.99303815228144
0.9926119389909379
0.992103063992482
0.9914909225988418
0.9907472663670716
0.9898323620197051
0.9886885196873115
0.9872287212408174
0.9853157448837754
0.9827191621487402
0.979024640374332
0.9733966707016114
0.9639440471317162
0.9452592152750328
0.9023259133639118
0.09767408663044441
0.05474078475008515
0.03605595283750063
0.02660332930339404
0.020975359636222546
0.01728083784253409
0.014684255115687717
0.012771278752225168
0.011311480317800826
0.010167637986574503
0.00925273363823082
0.00850907739771466
0.007896936006583009
0.007388061004328499
0.00696184771937054
0.006602909879180975
0.006299551309884322
0.006042735705774431
0.005825405913907233
0.005642004978707
0.0054881442687759845
0.005360359698758977
0.00525593647879768
0.005172795103825385
0.005109491286572974
