-0.0018968699911090193	0.005215821563113992	0.010510261396538968	0.01793039275306084	-0.0274239147025734	-0.038760609972769845	-0.05157980976288918	0.06544043354244998	0.07988578641081395	-0.09448180258825703	-0.10886372187917552	0.12273311703360647	-0.1358826068418112	0.14815606252252148	-0.15947547410045954	-0.1697743756063925	0.17905345683420296	0.18728052024069794	-0.19450051083850795	-0.20069615389362697	-0.2059369676141321	0.21024324291784519	0.21312464290901406	-0.21334969736675397	0.17507287976732402	-0.1750728797548822	-0.21334969743933288	-0.21312464301658304	0.21024324252802584	-0.20593696767076203	0.20069615451111403	-0.1945005106952022	-0.1872805194491093	0.17905345707538764	-0.16977437575559504	0.15947547362349285	-0.1481560634983349	0.13588260693552123	-0.12273311687586777	-0.10886372143574609	0.09448180294633649	0.07988578568583976	-0.06544043404070655	0.05157980945221388	-0.038760610343865305	0.027423914522174693	0.017930392740892195	-0.010510261868633136	-0.005215821112981281	0.0018968701672275538
-0.004301013185844815	0.01169966176143034	0.023247899103004125	0.038981131205590644	-0.05839542867581657	-0.08054582593237558	-0.10419059613028328	0.12795906769728438	0.15051418119932816	-0.17067868460071453	-0.18751732550482045	0.20035827603061665	-0.20879709626399928	0.21264201096068344	-0.21190836175571975	-0.20672109999579816	0.19736472769285376	0.18412695715119454	-0.1674654096410222	-0.14773074083180368	-0.1255164226643139	0.10113457935120994	0.0752642341887956	-0.0481437811228269	0.02060382099740815	0.020603821038152857	0.04814378108938656	0.07526423425809706	-0.10113457920301011	0.12551642256013654	-0.1477307414495023	0.1674654095016277	0.18412695640850366	-0.19736472790196813	0.20672110006021596	-0.2119083609986644	0.21264201254022996	-0.20879709641262134	0.20035827572014817	0.18751732475619037	-0.1706786854677723	-0.15051417981493595	0.12795906854358088	-0.10419059540774168	0.08054582682577299	-0.058395428290322265	-0.038981131186846776	0.023247900094473084	0.011699660717425604	-0.004301013589988199
-0.007678034927450122	0.020559643996201745	0.04001901837622291	0.06539132223944556	-0.09491884702828023	-0.12605877752646297	-0.15587534684008522	0.18147118924742406	0.20034458615060238	-0.2106639459979686	-0.21137086290268287	0.20220597396371096	-0.18359750602486397	0.156560168105716	-0.12251705240086909	-0.08319311451623801	0.04045463764230366	-0.0037599922659841967	0.04757610736278426	0.0892189668219459	0.12713976477100256	-0.1600515690959697	-0.1864335631476704	0.2043132529748513	-0.1764144333728733	0.1764144333088726	0.20431325309684273	0.18643356320587884	-0.16005156880078406	0.12713976491735593	-0.0892189668964087	0.04757610734719247	0.0037599921826342027	0.04045463755654741	-0.08319311434557103	0.122517051767775	-0.1565601694668616	0.18359750618906015	-0.20220597376517296	-0.21137086199077265	0.21066394740461664	0.2003445842889505	-0.1814711903157062	0.155875345529386	-0.12605877914762698	0.09491884636500011	0.06539132214676695	-0.04001902005269842	-0.020559642179463197	0.007678035611594662
-0.012155979922409391	0.03191502603519584	0.060520801854221234	0.09565963313000747	-0.1332255260496446	-0.16811980484149316	-0.1951831874245896	0.2100895871542248	0.2100071089258244	-0.1939585850140928	-0.16282063279875242	0.11909454455449713	-0.06645797619890421	0.009323300196333198	0.0477022431045197	0.1001479331309225	-0.14416540490000257	-0.17658311511173266	0.1954064014499143	0.19945564065391796	0.1890754551985406	-0.16506003048841877	-0.12990089408913286	0.08582027624503723	-0.03717317108320397	-0.037173171134531516	-0.08582027620816109	-0.12990089418723194	0.16506003028195307	-0.1890754550589862	0.19945564139806815	-0.19540640127207196	-0.1765831143316728	0.14416540525068142	-0.10014793337465598	0.04770224320018445	0.00932330044917044	-0.06645797633315986	0.11909454490768122	0.16282063192771604	-0.19395858658188306	-0.21000710693644567	0.21008958839320838	-0.19518318545106125	0.16811980727238918	-0.13322552494754203	-0.09565963293057611	0.060520804372724696	0.03191502331442633	-0.01215598091774593
-0.017951085352181165	0.046020525580491994	0.08451823262292607	0.12814536884809735	-0.16919558825626957	-0.1993534147849552	-0.21157867565421343	0.2016265678170448	0.16891099081697272	-0.11654559600816079	-0.05071422528343161	-0.020471471582042093	0.08824642441787699	-0.1444737647912403	0.1826351294531034	0.19856464974561044	-0.19079318192435968	-0.1605656868985463	0.11160319827230288	0.049505634000622786	-0.018856765634523067	0.08635040500225301	0.14566361152975466	-0.1899416032177556	0.17737533412741446	-0.1773753339998865	-0.18994160339283328	-0.14566361152094948	0.0863504048462291	-0.01885676591554773	-0.0495056345840887	0.11160319814974383	0.16056568627096166	-0.1907931821544426	0.19856464976974517	-0.1826351289505908	0.1444737658277267	-0.0882464243851677	0.020471470636677	-0.050714224803926476	0.11654559717708214	0.16891098911024588	-0.201626569138648	0.2115786731166566	-0.19935341796313966	0.16919558642400667	0.12814536868307644	-0.08451823605760941	-0.046020521816603446	0.017951086798557656
-0.024991299301023073	0.06233046777670512	0.11024460086733263	0.15898409932877003	-0.19637602939459753	-0.21131048582237247	-0.19689532392917858	0.15241738730164162	0.0836776080537614	-0.0016862239480340835	0.07972743487683832	-0.1468150666832981	0.18848018037041636	-0.19825712008173327	0.17513374441911722	0.12360273726727916	-0.052498635469305464	0.026329872024441037	-0.10040271375438485	-0.15798340279830225	-0.1908173910783758	0.1938762225384254	0.16807084935071598	-0.11718381812329554	0.051788428544468156	0.05178842856200865	0.11718381812451076	0.16807084944194348	-0.1938762223707118	0.1908173909988045	-0.1579834031534968	0.10040271360682913	0.026329871807796945	0.05249863519166132	-0.12360273703483593	0.17513374370827917	-0.19825712155688818	0.18848018044702256	-0.1468150658067245	-0.07972743471073894	-0.0016862244263831777	-0.08367760698258789	0.15241738843230856	-0.19689532104693266	0.2113104896190882	-0.19637602662115344	-0.15898409936552632	0.1102446051670304	0.0623304628459435	-0.024991301390613792
-0.033479745206097554	0.08088575469493134	0.1368447042494422	0.18564451254783296	-0.21047591634397786	-0.19937230283966764	-0.14956560505554245	0.06890794278554299	-0.026015580467009435	0.11429603826417642	0.17620267417400368	-0.19810407929232796	0.1756280683888938	-0.11438775822917997	0.02840818784803308	-0.06323730729331506	0.14068936378056177	0.18744898777170596	-0.19380697168596298	-0.15843302816092095	-0.08869316793248323	-0.0016410970959679877	-0.09434955674179908	0.1707900825056374	-0.17797985716588988	0.17797985698168725	0.17079008274788676	0.09434955664357957	-0.0016410970212048343	-0.08869316752087836	0.15843302910569626	-0.19380697142632403	-0.18744898689805048	0.14068936436698964	-0.06323730758029071	-0.02840818733557172	0.1143877591186939	-0.17562806854029703	0.1981040792549167	0.17620267347716043	-0.11429603839879222	-0.026015580584091418	-0.06890794332874763	0.14956560196471724	-0.19937230715287285	0.21047591264535692	0.18564451279287583	-0.13684470937463067	-0.08088574850822812	0.03347974800408498
-0.04320427638050378	0.10071907097445541	0.16191880893447025	0.20417995343376588	-0.20735973933141763	-0.16256908396500544	-0.07668722931447726	-0.029031444642755398	-0.12565432903869983	0.1859104488083658	0.1928751134189814	-0.14502722877602484	0.05649318025056951	0.0474931739599399	-0.13789242713108363	-0.19015908143455665	0.19054725819606505	0.13979080251126197	-0.05202191291909163	0.04865330931046781	0.13593556517928074	-0.1865916906568218	-0.1891764882180707	0.1430513874892257	-0.06522698897400545	-0.06522698891395742	-0.14305138757997143	-0.18917648826036113	0.18659169056568123	-0.1359355652615497	0.04865330900280181	0.05202191297085861	0.1397908019310868	-0.19054725829173877	0.19015908160570158	-0.13789242726271966	0.04749317404506472	0.05649318046813752	-0.14502722968307694	-0.19287511259940926	0.18591044944549623	0.1256543280480745	-0.029031444907502736	-0.07668722619929896	0.16256908856504554	-0.20735973487910123	-0.2041799538500755	0.16191881475827793	0.10071906363336891	-0.04320427979144966
-0.054322114139360535	0.12159327252897749	0.18411318393249182	0.21207213868466074	-0.18499006861264164	-0.10291114089475337	0.011473649004060582	-0.12075406652171154	-0.18722188167931542	0.18760140754460047	0.12199744056608337	-0.01382252572142155	-0.09889206733294359	0.17712047935285763	-0.19434270528423617	-0.1452834438829947	0.047142845617226835	-0.0665523198091589	0.15754119021026214	0.19516228132286878	0.16672509429292587	-0.08038026426803419	0.03646096323746808	-0.14716140367583297	0.1780869264241255	-0.17808692624264827	-0.1471614039958227	-0.0364609629818286	-0.08038026438113148	0.16672509374079153	-0.1951622820507248	0.15754118990861685	0.06655231948932012	0.04714284489337725	-0.1452834439169828	0.19434270495746606	-0.1771204802118138	0.09889206700274253	0.01382252707565195	0.12199743986078293	-0.187601408687044	-0.187221879781409	0.1207540675225548	-0.011473651704577929	-0.10291114527803183	0.1849900635406716	0.21207213952014825	-0.18411319015053365	-0.12159326414489181	0.05432211812795414
-0.06646906575896863	0.14222101970705772	0.20101416930586594	0.20703890359302063	-0.14449105971287762	-0.029179531200470607	0.09618046165151098	-0.18077626212885214	-0.1891374748383544	0.11775662799619507	-0.0030131745272869784	0.12211881698638609	-0.18983427945557563	0.17847369930832882	-0.09349149342373395	0.02972870404436267	-0.1407050676685513	-0.1949251372467848	0.17106484696724994	0.07979615001632744	-0.04236119245564454	0.14613291702796455	0.19247161274335423	-0.1633298994654576	0.0777927907998338	0.0777927906985907	0.16332989971902243	0.1924716125789837	-0.14613291688089944	0.042361192937004535	0.07979615067950209	-0.17106484700078262	-0.1949251365100309	0.14070506835250596	-0.02972870420757088	-0.09349149270678214	0.1784737004758334	-0.1898342791120048	0.12211881583199141	0.003013175065770575	0.11775662940096042	0.18913747272149506	-0.1807762635045451	0.09618046329823429	0.029179534647599287	-0.1444910541998776	-0.2070389052431824	0.2010141755286707	0.1422210103549421	-0.06646907038983559
-0.0797793444624751	0.1622149213419073	0.21133876163209264	0.18803940159306318	-0.08813641710575025	0.049776297665855875	0.16219450955947895	-0.19423430408628123	-0.12970997216346905	0.0007519814318689488	-0.12815739939350887	0.19290869846812458	-0.16180982701162913	0.05080111067936341	0.08519661994589736	0.1797395294429289	-0.18715034924250654	-0.10428874352980522	-0.02867918739428525	-0.14743744093965472	-0.19482946572810705	0.14638681006795756	0.023310793322064184	0.1195819598579826	-0.1775813763817352	0.17758137617232775	0.11958196011805527	-0.02331079350277273	0.14638681011685856	-0.19482946544066693	0.14743744131100814	-0.028679186901515896	0.10428874334705739	-0.18715034889260837	0.17973952976531032	-0.08519662060986535	-0.05080111150040289	0.16180982692927645	-0.19290869807879316	-0.12815739956079364	-0.0007519824627908611	-0.12970997062347506	0.19423430547477286	-0.1621945096304472	0.04977629572342599	0.08813641152638646	0.1880394041147863	-0.21133876756212214	-0.1622149112220237	0.07977934975615547
-0.09376874662090834	0.18021876255564087	0.21350409915148325	0.15591325214427545	-0.022841386687126163	0.11988857251139745	0.1938236372703234	-0.15643936591457522	-0.028928397122394624	-0.11493119503157449	-0.1918575180017822	0.1577979816666536	-0.03294321610780848	-0.11067205025969898	0.19123559426450099	0.16343529015727287	-0.043624576743870935	0.10076024276596678	-0.18904626720581377	-0.17318020148953484	-0.06250434778239408	-0.08029260031850079	-0.17823847287720512	0.17773463788352523	-0.08961417692904852	-0.08961417674035138	-0.17773463824581773	-0.17823847264870904	0.08029260011362686	0.06250434711193875	-0.1731802022377726	0.1890462670345949	0.10076024221195112	0.04362457575761932	-0.1634352903053051	0.19123559418947825	-0.11067205037496552	-0.03294321644436795	0.15779798233460515	0.19185751744022744	-0.11493119502498787	0.028928396465347877	-0.15643936715997156	0.19382363578973902	-0.11988857219687891	-0.022841381684504874	-0.15591325517528315	0.21350410447604776	0.1802187522229071	-0.09376875236465042
-0.10853603442449616	0.1957429037247252	0.20663934030555497	0.11159547746869401	0.04580477889066838	0.1714871907139225	0.18466202016529873	-0.0760423448840418	0.08268276376248003	-0.18591021816086717	-0.16509643823036185	0.034519212051333514	0.11885834310722881	-0.19368903523083947	0.14105071041017614	-0.004200148010169521	0.1470265363272203	0.19458350984357656	-0.11603931490613933	0.03742238204793935	0.1664967802347453	-0.1857365105692745	-0.08002624352777765	-0.08877320354261076	0.17638163109521343	-0.17638163096301973	-0.08877320364542828	0.08002624362620005	-0.18573651047700127	0.16649678035455492	-0.03742238206713717	-0.1160393154893051	-0.19458350935202212	0.1470265366513163	-0.004200148348351779	-0.14105070941221726	0.19368903629709858	-0.11885834257081077	-0.03451921358684766	-0.16509643698061907	0.18591021928680826	0.08268276362799956	0.07604234587457033	-0.18466201746402425	0.1714871919867103	-0.04580478262781911	0.11159548069647719	-0.2066393444851775	-0.19574289394623484	0.1085360404712675
-0.12350214662960161	0.20758962019261856	0.19054048391572959	0.05909007583205527	0.10823462795891879	0.19466489770131887	0.136398590870846	0.023661560775313138	0.1652821789675951	-0.18164139763029347	-0.06071579565330797	-0.10599313336778815	0.1930766998465934	-0.13570433507295565	-0.02289016416569096	-0.16453611572774185	0.18468565622160207	0.06875000957244817	0.097610442612736	0.1932491373899577	0.14894565942306423	0.0007564855505516193	0.14805032056107528	-0.18600603967370682	0.10074137887376004	0.10074137866909753	0.18600604001326554	0.14805032032665277	-0.0007564854316571426	-0.14894565888700428	0.19324913807086164	-0.09761044204694959	0.06875000986512625	-0.1846856554311119	0.1645361162043083	-0.022890165353701458	-0.1357043362582199	0.19307669959975016	-0.10599313185365576	0.06071579445580928	-0.1816413993741938	-0.16528217808006646	0.023661560378340885	0.1363985873482803	-0.19466490066049041	0.10823462992148791	-0.05909007930790786	0.19054048637996665	0.2075896114890765	-0.12350215310041675
-0.138741107483158	0.21528587391781615	0.16508558370366486	0.001171322292611538	0.15826330519224754	0.18569692507716729	0.0578679337915171	0.11805983734706053	0.19305818969297223	-0.1034912297936801	0.07422586472968867	-0.18899846305773688	0.14371596113478305	0.023018336362361655	-0.17046894932556453	-0.17471454457085236	0.03232810554765576	-0.13761463917534603	0.19310498979062501	0.08792395814623205	-0.0907329019440818	0.19226186550341529	0.12896295785454007	0.055605000134839835	-0.17443215817846905	0.17443215809673202	0.05560500013110108	-0.1289629578802675	0.19226186536913245	-0.09073290229726036	-0.08792395842572524	0.1931049900768405	0.13761463851360675	0.032328104594696226	-0.1747145445399896	0.17046894969005325	-0.023018335959654246	-0.14371596146977422	0.1889984625727109	0.0742258650129815	0.10349123147812146	0.19305818791283236	-0.11805983800253222	-0.05786792977853949	0.1856969298834796	-0.15826330504410716	0.0011713261610984786	-0.16508558415274463	-0.2152858665498494	0.13874111456075472
-0.15363372513255136	0.2180539594218296	0.1317354905517551	-0.056132740488712425	0.18838865845298508	0.1458932655500148	-0.03224965357958992	0.17897735408813534	0.155764834847681	0.015196348675367235	0.17180016401922032	-0.16590826662109315	0.0033850016311283274	0.16258837689758296	-0.17619489683968004	-0.025076352689551672	-0.14965168705339282	-0.18529980564588522	0.049357009107627	-0.13262461763207462	-0.19289945849165505	0.07873097094588584	-0.10474049613800648	0.1879970220631758	-0.11118600107784747	-0.11118600084932204	-0.1879970223426872	-0.10474049597974656	-0.07873097100166859	0.19289945817580512	-0.13262461811619586	-0.04935700985676666	-0.18529980564284895	0.14965168701866935	0.025076352160509824	-0.17619489594036689	0.16258837739084045	0.0033850022767442007	-0.16590826745465562	-0.17180016328928197	0.015196347707343717	-0.15576483249054165	0.17897735584091648	-0.03224965752746738	-0.14589327184214193	0.18838865621647005	0.05613273639378111	0.13173548923212525	0.21805395375223363	-0.15363373236557784
-0.1682296953616903	0.2155127725794222	0.09116211341038104	-0.10928377553883138	0.1953203879527967	0.08078023625384206	-0.11630994696530285	0.19078822411493457	0.06483141861171723	0.12919724243254266	0.18750391975355638	-0.048987963182264116	-0.14117056715911167	0.18415303819657486	-0.03516193315371628	0.15059029971005028	-0.17998164253337082	-0.02228129272316429	-0.15907542599188915	-0.17626625921449646	-0.01056590498777275	-0.16528609902815947	-0.16603979598657667	-0.02105300963143077	0.17169691066136208	-0.17169691070788526	-0.021053009478742096	0.16603979598308774	-0.16528609888475843	-0.010565904444695516	0.1762662597627371	-0.15907542590254328	0.022281293613937794	-0.17998164171126876	0.15059029985988925	0.03516193166157732	-0.1841530388825442	0.14117056665512753	0.04898796462440298	0.1875039184868696	-0.12919724276836758	0.06483141657919937	-0.19078822642738164	0.11630995008003625	0.08078024293640407	-0.19532038403971708	-0.10928377182369348	-0.09116211092119685	-0.2155127694941346	0.16822970142286714
-0.1819183864561445	0.20747400631074073	0.046244750203378454	-0.15241706759987264	0.17779243511351323	0.002785331592514042	-0.17368456459922188	0.1496863087164848	-0.04686650913571365	0.18925707885197687	0.11328742249711958	0.0934090090292779	-0.19304189393192298	0.07116298331307913	0.13246323941196098	0.1851426957007074	-0.02673196679338712	0.1621370145984715	-0.16730746837424249	0.017207143154561094	0.18239811741892095	-0.14460309068480326	0.05220708850766568	-0.18371386592030772	0.12093977714758049	0.12093977694904803	0.1837138661157558	0.052207088303845385	0.144603090657495	-0.18239811740791007	0.01720714333136157	0.1673074691322942	0.16213701388261167	0.0267319664181106	-0.18514269493865793	0.13246324013841637	0.0711629833667759	-0.19304189379678854	0.09340900816512007	-0.11328742123849976	0.1892570807061619	0.04686650996229229	0.14968631088891426	-0.1736845661848473	-0.0027853373486986977	0.1777924303076339	0.15241706495386978	0.046244747290040154	0.20747400668142515	-0.18191838975844113
-0.19473287290610775	0.19371883717788074	-0.0017065689401714634	-0.18261562239930687	0.13739576441664805	-0.07661356047294442	-0.19284257850618267	0.06601113512037154	-0.14387989875720245	0.17205921689031087	-0.017034835018472316	0.18495996772702095	-0.12004368809459294	-0.09622580170686254	0.19214534570845943	0.04720064274073441	0.15711062177413557	0.16470679719501413	0.034233065730977744	0.1912123655852592	0.10872480003732661	0.10971961370290076	0.18817750739164416	-0.013841583851955061	-0.16815466066440327	0.16815466085608566	-0.013841584206748206	-0.18817750715602666	0.10971961363379669	0.10872479953946532	-0.19121236636993902	0.03423306509338407	-0.16470679754667092	0.15711062103857396	0.047200641736778653	-0.1921453446973081	0.09622580244204487	0.12004368813750423	-0.18495996825608982	-0.01703483619369343	-0.17205921986160308	-0.14387989839242304	-0.06601113691040278	0.19284257832248822	-0.07661355628452082	-0.13739575956424357	-0.18261562105032367	0.0017065718219728004	-0.1937188412350389	0.19473287265313313
-0.20612988566834756	0.17474295658652186	-0.049003918692383124	-0.19637822789762324	0.08003295807726186	-0.14190356330812268	-0.16893628365731966	-0.034952000106891146	-0.19062969049425005	0.0849025842723637	-0.13739131567912835	0.1718928872084587	0.02883450577720327	-0.19062919300734243	0.09273188377712172	-0.1318107164633143	0.1774821343509846	-0.017525283337068036	0.1891380359425121	0.10483672502520808	-0.12070671909372377	0.1857010289466628	0.004896683388452239	0.17333444853575294	-0.12998441422700346	-0.129984414173786	-0.1733344484069188	0.004896683328433368	-0.18570102885541723	0.12070671937276473	0.10483672554249708	-0.18913803635681917	-0.017525282354457352	-0.17748213333405116	0.1318107163325341	0.09273188153606664	-0.1906291937479466	0.028834506080424312	0.1718928888953635	0.1373913170356581	0.08490258734254406	0.19062968988279894	-0.034951998365721576	-0.16893628214981338	0.1419035603938271	0.08003295382727582	0.1963782272638515	-0.04900392168818816	0.17474296361355737	-0.20612988251647102
-0.21612899446538048	0.15050898059587178	-0.09407351367530074	-0.19265739286985967	0.011653657017683115	-0.18320937588508462	-0.10662201618121817	-0.12729686197099613	-0.17211502200736278	-0.038541528023784494	-0.19235577371561452	0.06107209333924372	0.16109942517531065	-0.14508430997812757	-0.0858812482559614	-0.1904987532796168	0.013808260851907244	-0.18342396526520016	0.10973198455509434	-0.12694865637765265	-0.17621224811263517	-0.035225647066942076	-0.19356945279845195	0.04801103486536759	0.163795832999475	-0.16379583318912916	0.04801103505561033	0.1935694527720607	-0.03522564711619202	-0.17621224789577047	0.12694865651624349	0.10973198564687146	0.1834239646858492	0.013808260628320202	-0.19049875161664984	0.08588125030683968	0.14508430980914092	-0.161099426341682	-0.0610720953427209	-0.19235577548711688	0.03854152573016311	-0.17211502222187308	0.12729685979742514	0.10662201404928524	-0.18320937359967712	-0.01165365377012632	-0.19265739188444167	0.09407351734855733	-0.15050898970815776	0.21612898973170638
-0.2243006746166368	0.12216068420706755	-0.1333254090843269	-0.17175848540789992	-0.057403121378558256	-0.19231048727939234	-0.02123371990589294	-0.18288249538779106	-0.09507311904593514	-0.1445385193815618	-0.15383294819573032	-0.08239506500044835	0.18782642223706816	0.005727954274639751	-0.19075064837555317	-0.07279679798792203	-0.16099163680534964	-0.1400369083089152	-0.1028780489545472	-0.1829802246785355	0.02529570724582536	-0.1951133225362181	-0.061547770018577565	-0.1572126240360588	0.13829726506572196	0.1382972651058547	0.15721262382794274	-0.06154777003915775	0.19511332256485037	-0.025295707435017065	-0.18298022516016774	0.10287804838039775	-0.14003690844282218	0.1609916360593361	0.07279679602364941	-0.19075064881426104	0.005727955456953634	0.187826424185067	-0.08239506370734791	0.15383295022093493	-0.1445385182580139	0.09507312050217821	-0.18288249269113468	-0.02123371777627878	0.19231048532338169	-0.05740312348651102	0.17175848316673004	-0.13332541404814716	0.1221606946815159	-0.22430066939981685
-0.2306559545414749	0.08983105072321224	-0.16536370580146179	-0.13500110263429957	-0.11978897507928377	-0.16775762926371893	0.07002159975357339	-0.18727585453500953	0.015891195800926714	-0.19197837117429345	-0.039545171276854654	-0.18105013784204374	0.09228178488590433	0.1546803360254496	-0.13758533607887732	0.11504197396582834	-0.1716359044615453	0.06495385942764163	-0.19073340290525137	0.010339099458022617	0.19420794195899294	-0.045405012282879416	0.18184129641196484	-0.08039876949490946	-0.15862024419443274	0.1586202442529123	-0.08039876950667316	-0.18184129634841428	-0.045405012174024234	0.19420794167893293	-0.010339099192538793	-0.1907334035052109	-0.06495385926127166	-0.17163590360310674	0.11504197460538328	0.13758533468215486	-0.1546803373394944	-0.09228178697573991	0.1810501378523408	-0.03954517321979987	0.191978371207251	0.01589119329568081	0.1872758515993165	-0.07002160149736533	-0.16775762761466984	0.11978897611427691	-0.13500109851704203	0.16536371240051081	-0.08983106193365793	0.2306559494346305
-0.2349211665753062	0.05517418626684643	-0.18758104879160026	-0.0864890472236149	-0.16597912837039105	-0.11434740176308764	0.14444158019867104	-0.1390733528947253	0.12000061651546894	-0.160142300851135	0.09222397600105597	-0.17674572357925863	-0.06128792493152264	0.1881876682980023	0.028034077147578766	0.1936126382793553	-0.006807076654423629	0.1930027106671539	-0.04197839786627099	0.1850397882767941	0.07706603364528797	0.171313006928163	0.11277617837867086	0.13587263055916426	-0.1458548742666491	-0.1458548742463749	-0.13587263043194991	0.11277617849756275	-0.17131300702550037	-0.07706603308689645	0.18503978830408085	0.041978398820668526	0.19300271106885286	0.006807076422471602	-0.19361263739347095	0.02803407925105949	0.1881876686754002	-0.061287923652635926	-0.1767457247882052	-0.09222397442258089	-0.1601423020605668	-0.12000061339273835	-0.13907335042633198	0.1444415812742274	0.11434740056545052	-0.1659791285982533	0.08648904112243824	-0.18758105689305662	0.055174197234028055	-0.23492116160796025
-0.23710097113814652	0.018439026371353993	-0.19916317640942796	-0.029501059103589675	-0.1909989978713733	-0.040151619275614836	0.18694090892573892	-0.05073648483585131	0.18382872821734142	-0.061334489973976905	0.18065130459589965	-0.07184213158761915	-0.1771160894657807	0.08227212157693245	0.172874750490317	0.09223778769556781	0.16818362113044674	0.10204601046663869	0.1628016530727642	0.11028540010317629	-0.15775121355840788	0.11839974371266927	-0.15408669441561793	0.10999546454946169	0.15263536632548455	-0.1526353664246754	0.10999546456341565	0.15408669417282472	0.11839974368151086	-0.157751213885833	-0.1102854002691911	0.16280165289178147	-0.10204601107647462	0.16818362069459436	0.0922377864153552	-0.1728747515522819	-0.08227212052454648	0.17711608952123598	0.07184213323408996	0.1806513035947108	0.06133449236157758	0.18382872504565728	0.05073648367767808	-0.18694090917897485	-0.040151618650463586	0.1909989976989694	-0.02950105118562346	0.19916318566010296	-0.018439035878114754	0.23710096604350556
-0.2371005151646292	-0.018442391788070254	-0.1991638475402678	0.02949915343671821	-0.19099869994674581	0.04015306313724365	0.18694084869821406	0.05073518324374116	0.18382913684950178	0.06133349101780546	0.18065146132577664	0.07184255392049593	-0.17711574075824557	-0.08227288305837778	0.17287454286281784	-0.09223771072720681	0.1681837750021159	-0.10204587224293912	0.16280169496376323	-0.11028531960946018	-0.1577512461611313	-0.11839980171171438	-0.15408662116089455	-0.10999549154109821	0.15263537304077357	0.15263537303848704	0.10999549139079785	-0.15408662109695107	0.1183998017986723	0.15775124601815035	-0.11028531943187717	-0.16280169579554937	-0.10204587221415204	-0.1681837744903006	0.09223771124777813	0.1728745419928388	-0.08227288483597248	-0.17711574174668382	0.07184255283976985	-0.18065146091385556	0.06133348804986572	-0.18382913441258988	0.05073518235521287	0.18694084803764455	-0.04015306305030011	-0.19099869961562632	-0.029499162893242163	-0.19916385758473978	-0.0184423845776991	-0.23710050952153017
-0.234919802002133	-0.05517768603304393	-0.1875830074515208	0.08648736956402671	-0.16597826521452316	0.11434845712512837	0.14444143403518628	0.13907230401107604	0.12000175035625028	0.16014177240232969	0.09222430552545959	0.17674598031514333	-0.06128714343828158	-0.18818775141257071	0.02803362158529166	-0.19361273064998333	-0.006806813166598919	-0.1930027044089466	-0.04197828787005453	-0.1850398182923963	0.07706599557151969	-0.17131296169077698	0.11277627161176192	-0.13587261417856014	-0.1458548682309607	0.14585486834795025	-0.13587261407562834	-0.11277627141452239	-0.17131296167787632	0.07706599590693343	0.1850398182887992	-0.04197828688304009	0.19300270498753366	-0.006806813314333783	-0.19361273033672804	-0.028033619535960543	0.18818775262385495	0.061287144349729955	-0.17674598046622958	0.09222430541033436	-0.16014177010471764	0.1200017495504795	-0.13907230069022972	-0.144441432483622	0.11434845607631709	0.16597826469359236	0.0864873802352716	0.18758301811201025	0.05517768152958969	0.234919795306391
-0.23065372630943046	-0.08983479011556286	-0.16536675056362812	0.1349998434688495	-0.11978765544757375	0.16775799919399043	0.07002146882624974	0.18727526835706712	0.015892722067571474	0.19197855861681323	-0.03954494593762066	0.1810501016135666	0.09228240538509176	-0.15467973511315608	-0.1375856803052445	-0.11504208403304947	-0.1716358636717715	-0.06495402509064348	-0.1907333061375792	-0.01033918823985384	0.19420797354534	0.04540508020109629	0.18184124667326976	0.08039880265674776	-0.15862025251551265	-0.15862025257824722	-0.08039880258137948	0.18184124648794275	-0.04540508032009141	-0.19420797377329946	-0.010339188419241975	0.19073330588048545	-0.0649540254535913	0.17163586329479658	0.1150420836528353	-0.13758568177615255	-0.15467973521373982	0.09228240535565602	0.18105010289311113	0.03954494627125734	0.19197855803912675	-0.01589272299998029	0.18727526325013388	0.07002146663046706	-0.16775799704605648	-0.11978765466513193	-0.13499985426442898	-0.16536676136463202	-0.0898347884327683	-0.23065371858597433
-0.22429763484762474	-0.12216474548629196	-0.13332925851288133	0.1717577643438406	-0.057401494099572827	0.19231000238819393	-0.02123367758877216	0.18288253033231136	-0.09507170339756639	0.14453935536221738	-0.15383299173530152	0.08239470967359969	0.18782646606452216	-0.005727246052692714	-0.19075061220529338	0.0727969018452824	-0.16099185751479922	0.14003672555986446	-0.10287808847488696	0.18298018383493403	0.02529576114141618	0.19511330468457316	-0.06154787928275662	0.15721261608737364	0.1382972583658666	-0.13829725841203047	0.15721261601595812	0.0615478793130572	0.1951133046806296	0.02529576122499072	-0.18298018370257824	-0.10287808893931492	-0.14003672592359875	-0.16099185662222693	0.07279690174288145	0.19075061205824184	0.005727245815576889	-0.18782646707142223	-0.0823947114698143	-0.15383299273604442	-0.1445393564554853	-0.09507170192486121	-0.1828825247930227	0.021233680092128105	0.19230999905986892	0.057401493312421135	0.17175777308882748	0.13332926865298447	0.12216474662311248	0.2242976270491909
-0.21612523503527606	-0.1505134074627427	-0.09407779961785961	0.19265721829540217	0.011655372589473677	0.183208063767979	-0.1066216746862193	0.1272975371622781	-0.1721142294611502	0.038542608977716115	-0.1923560224859571	-0.061072554656398215	0.16109897577738355	0.1450845615154392	-0.08588086115565266	0.190499004548797	0.013808077366206078	0.18342400050724916	0.10973181182711624	0.12694867099313023	-0.17621225530836257	0.03522560151107335	-0.19356944048863636	-0.04801108127202084	0.1637958401661397	0.16379584026718869	0.048011081283691935	-0.19356944019915975	-0.035225601479722826	0.17621225524304207	0.1269486714568108	-0.10973181159607333	0.18342400113530513	-0.01380807863884716	-0.1904990039627273	-0.08588085970786835	0.14508456096883068	0.16109897751127292	-0.06107255288214402	0.19235602420303072	0.03854261080172653	0.17211422910286067	0.12729753233965735	-0.1066216773451941	-0.18320805926773798	0.01165537302821854	-0.19265722283638026	-0.09407780869584244	-0.15051341091650272	-0.21612522851576102
-0.20612550560587198	-0.17474775947776364	-0.04900825872012428	0.19637852197024103	0.08003448983254234	0.1419016098943298	-0.1689356364821075	0.03495318403558992	-0.19062982267419062	-0.08490177394133097	-0.13739159149809255	-0.1718931266769984	0.02883396221961682	0.19062889662273325	0.0927323083667772	0.13181081161819994	0.17748224290071435	0.017525525331852504	0.18913791224157425	-0.1048366780358613	-0.12070676497361887	-0.18570101892491986	0.004896786109765873	-0.17333445864969316	-0.1299844093571051	0.1299844093205425	-0.17333445867207944	-0.004896786646569504	-0.1857010187595235	-0.12070676481554887	0.10483667673319166	0.18913791303702301	-0.017525525391530256	0.17748224416227534	0.131810810649881	-0.09273230999913767	-0.19062889502053743	-0.028833964290535013	0.17189312524086506	-0.13739159375271928	0.0849017723629385	-0.19062982444529628	-0.03495318033288615	0.16893563937394648	0.14190160415223266	-0.0800344898227434	0.19637852086654178	0.04900826710674771	0.17474776425679872	0.20612550168347016
-0.19472799966413135	-0.19372397127300003	-0.0017106193638587864	0.18261623743117714	0.13739684186465273	0.07661130406994544	-0.1928417632861282	-0.06600978897078391	-0.14388083669850724	-0.1720589785956148	-0.017035046930787636	-0.1849598649945153	-0.12004396014962741	0.09622529445013535	0.19214546763810011	-0.04720086830717163	0.15711089250449953	-0.1647066455570841	0.03423316410489294	-0.1912122939007157	0.10872480094871387	-0.10971959583641012	0.18817751653520928	0.013841638221534109	-0.16815467099640372	-0.16815467097364278	-0.013841638030547188	0.1881775171640878	0.10971959545736325	-0.10872480111029473	-0.19121229241063484	-0.034233165377255015	-0.1647066463486079	-0.1571108934234641	0.047200869109784244	0.19214546820902775	0.09622529268267302	-0.1200439582396929	-0.18495986397943537	0.017035048949015863	-0.1720589780076852	0.14388084016534822	-0.0660097918058011	-0.19284176654370863	-0.07661129755959985	0.13739684157670567	-0.1826162309165657	-0.0017106281159025001	-0.19372397616705503	-0.19472799882195485
-0.18191314311867424	-0.20747938050754278	0.04624124813653419	0.1524178613546675	0.17779284135224036	-0.002787497528994072	-0.17368376854347023	-0.1496852529065658	-0.04686783809001397	-0.18925740561387971	0.11328727192674928	-0.09340872809117508	-0.1930417776409208	-0.0711633229354506	0.1324629764036806	-0.18514303042527136	-0.026731873035366678	-0.16213717842933925	-0.1673072405070648	-0.01720709840538008	0.1823981476425806	0.14460306385683686	0.052207000373227674	0.18371390120117173	0.12093977279674496	-0.1209397728148787	0.18371390101958954	-0.05220700068796338	0.1446030642048815	0.1823981474809349	0.017207097994630383	-0.16730723994918903	0.16213717929377383	-0.026731873045773787	-0.18514303089158893	-0.13246297598765405	0.07116332320998923	0.19304177631957786	0.09340872768516505	0.11328727073801731	0.18925740579941583	-0.04686784130510098	0.14968525529408638	0.1736837719073585	-0.002787504011673102	-0.17779284142653323	0.152417851165459	-0.04624123788960442	0.2074793846433372	0.18191314499540753
-0.1682242182389142	-0.21551823765134506	0.09115927700570782	0.10928468068989261	0.19532008068737905	-0.08078202444446883	-0.11630924180244687	-0.1907877496573734	0.06483018791448135	-0.12919792443133293	0.18750382296973317	0.048988135939761444	-0.14117022524794862	-0.1841530426053552	-0.03516234521177306	-0.15059039542326816	-0.17998185846274373	0.022280994018741118	-0.15907535486272423	0.1762661937501042	-0.010565935294358042	0.1652860866568161	-0.16603980258332335	0.02105296111445284	0.17169693135259628	0.17169693130557934	-0.021052961245646696	-0.1660398028307078	-0.16528608661491137	0.010565935769689248	0.17626619282133565	0.15907535561230057	0.022280993945477744	0.17998185925404808	0.1505903952842566	-0.03516234594881387	-0.18415304100065064	-0.1411702250748754	0.04898813561923603	-0.18750382304026703	-0.1291979250579522	-0.06483018663268307	-0.19078775140355705	-0.11630924454420308	0.08078202981428506	0.19532008137890014	-0.10928466870990504	0.09115926509729742	-0.21551824089851987	-0.1682242221765767
-0.15362814478216869	-0.21805934452877812	0.1317333288484386	0.05613378620631125	0.18838773422132596	-0.14589453333112296	-0.0322489793427981	-0.17897747052157173	0.1557640804397309	-0.01519715215793052	0.17180016964904687	0.16590818156679762	0.003385289830071498	-0.16258809739777863	-0.17619514708932538	0.025076594183095772	-0.14965197259614427	0.18529974605090876	0.04935679889937534	0.13262447743707492	-0.1928995262199342	-0.0787309329712838	-0.10474040469276508	-0.18799707672204266	-0.11118598717626958	0.11118598729524407	-0.18799707631925042	0.10474040527324817	-0.07873093340047879	-0.1928995264656905	-0.1326244763261025	0.04935679765793582	-0.18529974685577652	-0.14965197344842762	0.025076594797787705	0.17619514732162037	0.16258809490427403	-0.0033852887387436246	-0.16590818072945673	0.1718001709111455	0.01519715276055705	0.1557640819225698	0.17897747119056331	0.03224898071226016	-0.14589453673275238	-0.1883877355417078	0.05613377397472559	-0.1317333156746489	0.21805934706926913	0.1536281502922099
-0.13873556903368287	-0.2152910329240295	0.16508401798068775	-0.0011700821020614468	0.15826195356881817	-0.18569763090047164	0.0578686810017189	-0.11806030074441756	0.19305806882627155	0.10349052850620288	0.07422603627619864	0.18899820002092238	0.14371598682289152	-0.023017987877428914	-0.1704688952695728	0.17471488392769674	0.032328072224099585	0.13761489908753854	0.19310474006062706	-0.08792399624924684	-0.09073287912533398	-0.1922618613556193	0.12896296173497518	-0.05560495537492852	-0.1744321852760055	-0.17443218531973656	0.0556049552421977	0.1289629616093788	0.19226186159405084	0.09073287881289738	-0.08792399613862588	-0.19310473975684464	0.13761489988855524	-0.03232807213095577	-0.17471488450887798	-0.1704688947771311	-0.023017986323989905	0.14371598507905808	0.18899819922848365	-0.07422603814480795	0.1034905282183904	-0.1930580725057819	-0.11806030002840047	0.057868681383007034	0.18569763197129754	0.15826195515309663	0.001170093541216325	0.16508400424181896	-0.21529103516508474	-0.13873557584369395
-0.1234968020054253	-0.20759443969276134	0.19053940942293784	-0.059088567148503315	0.10823308693921176	-0.19466504115762465	0.1363995085848596	-0.023662001283716594	0.16528260186471316	0.181640981164827	-0.06071541347793512	0.10599291593043428	0.1930764569998134	0.1357045118043554	-0.022889865197393614	0.16453626286122067	0.18468591163799336	-0.06874974450605834	0.09761047251283707	-0.19324897834417779	0.14894577809172768	-0.0007565530331493408	0.14805020801711388	0.18600612068882397	0.10074134900092352	-0.1007413491389179	0.18600612030713032	-0.14805020857333492	-0.0007565527417518215	0.14894577857587854	0.19324897714966496	0.09761047345667044	0.0687497445416003	0.18468591237843093	0.16453626288325435	0.022889864402386405	-0.135704511244113	-0.19307645572857465	-0.10599291573718563	-0.060715411889881686	-0.1816409813022528	0.1652826064024383	0.023661999364286614	-0.13639951061997177	-0.19466503997891546	-0.10823308830783303	-0.0590885769223869	-0.19053939563670644	0.20759444204932714	0.1234968100172027
-0.10853103933916167	-0.19574733502919	0.20663865462573608	-0.11159367036856026	0.045803264752497685	-0.1714867744457116	0.18466307055951572	0.07604223057179156	0.0826834778400536	0.18591020801138586	-0.1650959350387974	-0.03451920575589668	0.11885801529914201	0.193688923174855	0.14105103998496812	0.004200023440163915	0.14702680392523956	-0.19458354356172966	-0.11603903207814416	-0.03742221099919121	0.16649682346290093	0.18573649572145254	-0.08002626474802582	0.08877316635387991	0.17638165863203925	0.17638165876467402	-0.08877316606387818	-0.0800262643605508	-0.18573649611553714	-0.16649682346291234	-0.037422210310424045	0.11603903118481913	-0.19458354433864533	-0.14702680456501707	-0.004200022801725552	0.14105104032061475	0.19368892092009427	0.11885801542854293	-0.03451920513815323	0.16509593449632445	0.18591020859514132	-0.08268348175345824	0.07604223307168796	0.18466307376799818	0.17148677158382777	0.04580326549549691	0.11159367783276089	0.20663864119536537	-0.19574733778916945	-0.10853104836153513
-0.0937642490766475	-0.18022280039363953	0.21350373498578173	-0.1559111429581467	-0.0228426794516102	-0.11988761802259028	0.1938246510574914	0.1564397480077654	-0.0289277034677017	0.11493158823551064	-0.19185709952102947	-0.15779770533511567	-0.03294340060285492	0.11067173253193849	0.19123573089674265	-0.16343556779146795	-0.043624540740111045	-0.1007605076861929	-0.18904605780243705	0.17318014182323316	-0.06250448008052026	0.08029271995707496	-0.17823833882144643	-0.177734754771264	-0.08961412823881251	0.08961412831083085	-0.17773475449362872	0.17823833917320292	0.08029271999385702	-0.06250448054969182	-0.17318014121380113	-0.18904605814859643	0.10076050834640142	-0.043624541080123515	-0.16343556859893021	-0.19123573029350058	-0.1106717301419777	0.03294339903042414	0.15779770410146854	-0.1918571002652611	-0.11493158929424127	-0.02892770133525214	-0.15643975042713387	-0.19382465474687163	-0.11988761420746037	0.022842679569029512	-0.15591114768542072	-0.21350372236660445	0.18022280373432337	0.093764258830994
-0.07977544913166851	-0.16221860623631004	0.21133867206303125	-0.1880370410836159	-0.08813733656646283	-0.04977489301936816	0.16219524723304224	0.1942351423643081	-0.12970956309673007	-0.0007513379349775811	-0.12815727570441418	-0.1929082743900717	-0.16180976020935606	-0.05080140458803586	0.08519648372442298	-0.17973976015618617	-0.18715052190907389	0.10428856650507379	-0.028679267167730338	0.14743720557460818	-0.19482960221134388	-0.14638672566727326	0.02331083433532097	-0.11958194202634696	-0.1775814041462124	-0.17758140427400787	0.11958194161700407	0.023310833878575816	0.1463867258045069	0.19482960233858426	0.14743720480856387	0.028679268451475767	0.10428856670208746	0.18715052311786964	0.1797397604795488	0.08519648236110329	-0.05080140572017419	-0.161809758205421	-0.1929082728716334	0.1281572771180764	-0.0007513363547872141	0.1297095630330058	0.19423514418239377	0.1621952507972343	0.0497748892173047	-0.08813733769080359	0.1880370432916126	0.2113386607336449	-0.16221861002506832	-0.07977545905767038
-0.0664658489900809	-0.14222440111927379	0.20101434015317016	-0.20703637639452407	-0.14449147645339122	0.029181242821558668	0.09618070295495701	0.18077735023152505	-0.1891375239963242	-0.11775597354490526	-0.003013445055934306	-0.12211847339919948	-0.18983399356349806	-0.1784737618945465	-0.09349180233674727	-0.029728727088677798	-0.14070528071417718	0.19492521786008826	0.1710646043491525	-0.0797962699708665	-0.0423611170611957	-0.14613303432764543	0.19247144099645372	0.16333005652310156	0.07779271176126214	-0.07779271180133257	0.16333005644598006	-0.19247144122310023	-0.14613303414129522	-0.04236111646989988	0.07979626943257011	0.17106460335608611	-0.19492521902683793	-0.1407052820118778	-0.02972872651767469	0.09349180398614318	0.17847376134609924	0.18983399211121552	0.12211847191029386	-0.00301344635852767	0.11775597141256319	-0.1891375255896125	-0.18077735126823113	-0.09618070606614354	0.029181245764592956	0.14449147884486932	-0.20703637661058188	-0.20101433036209213	0.14222440503790762	0.06646585851007313
-0.05431958866534913	-0.12159639212792363	0.1841135991851615	-0.21206956720635414	-0.18498993295404914	0.1029129510191306	0.011473314384611232	0.12075512774238888	-0.18722239539628938	-0.18760096309882016	0.12199686888002184	0.013822608911243473	-0.0988916999994422	-0.17712029385275882	-0.19434297337433845	0.14528362976785197	0.04714272949311212	0.0665525164469518	0.1575410702620166	-0.1951621641697826	0.16672528959588748	0.08038010488815238	0.03646084946732673	0.1471614275897701	0.17808693843178375	0.17808693845323892	-0.14716142739521718	0.03646084992519792	-0.08038010544688823	-0.166725290003265	-0.1951621627276751	-0.1575410703971539	0.06655251776358988	-0.04714272885546963	-0.14528363085150345	-0.1943429746434715	-0.177120292403524	-0.09889169950884175	0.013822610056270971	-0.12199686824927608	-0.18760096072844476	0.18722239761798384	0.12075512801492906	0.0114733170097099	-0.10291295252405211	-0.18498993674050565	0.21206956611973637	0.18411359093681642	-0.12159639583334052	-0.05431959729705779
-0.04320242655348685	-0.10072194398577583	0.1619194464769146	-0.2041774716800791	-0.20735907002362192	0.16257076368612533	-0.07668809100546682	0.029032243930450105	-0.1256551749777058	-0.18591035564327837	0.19287445223588723	0.14502700946722033	0.05649346835620145	-0.047492860682622894	-0.1378924855390577	0.19015934582316393	0.19054728528420437	-0.13979067294216815	-0.052021812988475385	-0.048653117569050025	0.13593562330969292	0.18659175524909674	-0.18917631511285135	-0.1430515882711095	-0.06522687620867952	0.06522687629659883	-0.1430515882562936	0.18917631489631934	0.18659175591507893	0.13593562294691164	0.048653116509250624	-0.05202181226694392	0.13979067223566524	0.19054728514288125	0.1901593466604917	0.13789248625406755	0.047492859690290726	-0.05649346837593743	-0.1450270103717292	0.1928744522954882	0.18591035322646096	-0.1256551766256679	-0.02903224386221137	0.07668808854730612	0.16257076355855518	0.20735907532770795	-0.2041774700642354	-0.16191943966332475	0.10072194695912222	0.04320243374129449
-0.03347849700441724	-0.0808883725209466	0.13684550598046313	-0.18564224301473825	-0.21047483060982633	0.19937367596401542	-0.14956682423897172	-0.068907523958658	-0.026016541178063526	-0.11429629693849332	0.17620213549317182	0.19810366145560468	0.17562817277054438	0.11438805316765294	0.028408339723679846	0.06323749248191914	0.1406895051908391	-0.18744895965377556	-0.19380679847071303	0.15843308980010523	-0.08869330391218085	0.001641303659015624	-0.09434936847334104	-0.17079017122179965	-0.17797984225085647	-0.17797984250038523	0.17079017083250037	-0.09434936877692812	-0.0016413039489957288	0.08869330474166005	0.15843308972946954	0.1938067979197261	-0.18744895976329634	-0.14068950541730785	-0.06323749263238218	0.02840833978164916	0.11438805308244353	0.17562817280368276	0.19810366202093146	-0.1762021358576574	-0.1142962950476821	0.026016541735987025	-0.06890752395720649	-0.1495668220831962	-0.19937367454721988	-0.2104748369116959	0.18564224124220838	0.13684550048598318	-0.08088837470100539	-0.03347850270863029
-0.02499055029802668	-0.06233278442761661	0.11024549211816538	-0.15898215214230157	-0.1963746915756578	0.21131145000198187	-0.19689668274820601	-0.15241737424217194	0.0836767474207587	0.0016857178316304062	0.07972716926440085	0.14681460923301448	0.18848006781771162	0.198257287300102	0.17513400287901892	-0.12360272774154818	-0.05249844761502661	-0.02632991781687922	-0.10040261215111801	0.15798330938882796	-0.19081754525148653	-0.19387618010625104	0.16807072040157692	0.11718403820909175	0.051788284359838246	-0.05178828430200831	0.11718403838671848	-0.1680707201394507	-0.19387618032820617	-0.19081754543999488	-0.15798330875451497	-0.1004026123111331	0.026329918298595562	-0.052498447288434336	-0.12360272816437311	-0.17513400349519706	-0.19825728633940448	-0.18848006807451836	-0.14681460942186667	0.07972716958148755	-0.001685718636769588	0.08367674806805349	0.15241737394797872	0.19689668106272476	0.21131144772985982	0.19637469818611908	-0.15898215053431586	-0.11024548786914108	0.06233278581378623	0.02499055452783685
-0.01795069924144566	-0.0460224820988348	0.08451911680287823	-0.12814380305086034	-0.16919419767573282	0.19935398714943528	-0.2115799729906837	-0.20162687055132225	0.16891034262064347	0.11654499187257902	-0.0507142005074667	0.020471073430844023	0.08824614399155482	0.1444737943358743	0.18263539652617702	-0.1985647845295707	-0.19079302480335303	0.1605655837058589	0.11160321737138519	-0.04950576458423945	-0.01885679133729028	-0.08635056857109598	0.14566337191141093	0.18994177131461298	0.17737527217332244	0.17737527235612652	-0.18994177108439925	0.1456633719875679	0.08635056899009445	0.018856790768843903	-0.049505765007888516	-0.11160321683089683	0.16056558335758322	0.19079302450545052	0.19856478499527672	0.1826353972440193	0.14447379343319655	0.08824614426009648	0.020471073045952925	0.0507142004160113	0.11654499111562244	-0.16891034413854064	-0.2016268701042632	-0.21157997194731645	-0.19935398455065792	-0.16919420381157224	0.1281438016516369	0.08451911364350581	-0.04602248297247209	-0.017950702298509046
-0.012155832814753008	-0.03191657134595265	0.0605215961667844	-0.09565847885345481	-0.1332242664493775	0.16812005183563766	-0.1951842651196647	-0.2100900563481377	0.21000670934585988	0.19395802415067598	-0.16282039373646442	-0.11909482834992502	-0.0664583254945676	-0.00932336845020113	0.04770243775776217	-0.1001481226197939	-0.1441653627985837	0.1765829858784455	0.19540635607049667	-0.1994557180422951	0.1890755324302199	0.16505990000633478	-0.12990086847698978	-0.08582045906339546	-0.03717303073735049	0.037173030603362994	-0.08582045930014069	0.12990086831087955	0.16505989982386776	0.1890755328748228	0.19945571807620638	0.1954063558212099	-0.1765829858233115	-0.14416536262447432	-0.10014812274379431	-0.047702438125435495	0.009323368549513244	0.06645832555507034	0.11909482934908106	-0.16282039382903352	-0.19395802184443003	0.21000671127764797	0.2100900560064299	0.1951842647128702	0.16812004937983138	0.1332242714823989	-0.09565847762203324	-0.06052159394765889	0.03191657199513687	0.012155835006819606
-0.007678007524086554	-0.020560753944252726	0.04001965156317507	-0.06539055890974031	-0.09491786573909967	0.12605882305528637	-0.1558761245519512	-0.18147164731336204	0.20034438131477192	0.21066351183715756	-0.211370554420011	-0.20220615282403412	-0.183597842839061	-0.1565602629154722	-0.12251694274987351	0.08319292330937311	0.04045456605849828	0.0037598562715126294	0.04757600014013678	-0.0892190078382967	0.127139877646639	0.16005157480493037	-0.18643332899659884	-0.2043135090124145	-0.17641432078382396	-0.1764143207867545	0.20431350905707776	-0.1864333288927212	-0.16005157495876185	-0.12713987758229162	-0.08921900763566283	-0.04757600027779955	0.0037598564152825724	-0.04045456587193414	-0.08319292344334643	-0.12251694303239773	-0.15656026238062973	-0.18359784329642628	-0.20220615391637736	0.21137055449563572	0.21066350890774058	-0.2003443832941738	-0.18147164712505717	-0.15587612445428864	-0.12605882102468285	-0.09491786945999942	0.06539055800442932	0.04001965012935647	-0.020560754352862413	-0.007678008924767016
-0.004301035278138536	-0.011700361374283506	0.023248335426127018	-0.03898070327381177	-0.05839478972592465	0.08054577800606036	-0.10419105834270796	-0.12795939895999356	0.15051410827822598	0.1706784178072105	-0.18751706940883528	-0.20035835847618774	-0.2087973472458848	-0.2126420868450941	-0.21190834444039688	0.20672095360336165	0.1973645932787473	-0.18412703534128338	-0.16746554515768722	0.14773076242605435	-0.1255163126474416	-0.10113450241716027	0.07526435444822085	0.04814385965277268	0.02060368964415918	-0.020603689538839925	0.04814385979739147	-0.07526435440794296	-0.10113450220685233	-0.1255163129492746	-0.14773076267272545	-0.1674655448814139	0.18412703515003193	0.19736459279305174	0.20672095375742716	0.21190834517284662	0.21264208621584388	0.20879734790016083	0.20035835918162156	-0.1875170693655996	-0.17067841534428954	0.15051410989694258	0.12795939884712915	0.1041910583356044	0.08054577658966838	0.05839479209526018	-0.03898070277409585	-0.02324833463410729	0.011700361533054232	0.004301035999413696
-0.0018968921212014417	-0.005216155710892956	0.01051048149300655	-0.01793020821011751	-0.02742360851378103	0.038760564901347515	-0.05158001620008464	-0.06544059764378198	0.07988576795956986	0.09448168156512798	-0.10886358569573476	-0.12273314623838424	-0.135882741296178	-0.14815609943414512	-0.15947548990305607	0.16977429188012708	0.1790533541441842	-0.18728055081164763	-0.19450061648852213	0.20069619832939561	-0.20593686701609543	-0.21024319668875122	0.2131246360423755	0.21334992201822492	0.17507269263733283	0.17507269250789187	-0.2133499222160013	0.21312463590503777	0.21024319661889151	0.20593686724197005	0.2006961984729789	0.1945006162778867	-0.18728055069308538	-0.17905335376515646	-0.16977429195512475	-0.159475490482415	-0.1481560990496337	-0.13588274178634105	-0.122733146537477	0.1088635856212305	0.09448168019690413	-0.07988576884842329	-0.06544059757665797	-0.05158001623355234	-0.0387605641890392	-0.02742360963620712	0.017930207996035116	0.010510481157459853	-0.005216155754272533	-0.0018968924187587645
