0.5000000000004599	0.41805240418069606	-4.652856454429168e-13	-0.16163018565418535	4.809456684836765e-13	0.10026696559091314	-4.845423611509567e-13	-0.07160829448202932	4.720670074489276e-13	0.0548756664627516	-4.1568154573406013e-13	-0.04388691569504087	1.1139288941348727e-12	0.03611997651589308	1.2278907219247032e-12	-0.030346607133338473	2.3948332291942e-13	0.025895074725700216	-1.946041627587882e-13	-0.02236632181132398	4.5673525132383885e-12	0.01950806661357815	1.4422905043418432e-12	-0.017152874753670635	-3.915166552783816e-12	0.01518518029694575	4.499942643145488e-12	-0.013522624727825784	2.8302386927888627e-12	0.012104908520394692	-6.128651629572868e-12	-0.010886874109017307	5.909524243800763e-12	0.009834060038511824	-5.516059476770275e-12	-0.008919757418708582	2.6550807497337578e-12	0.00812301730683359	-2.674068363988979e-12	-0.007427288869493738	-2.2551526266263815e-11	0.006819510478352667	-4.374850025896312e-11	-0.00628959869008562	8.102037941162858e-12	0.005830425407178578	2.4734077348722243e-11	-0.0054392387537891265	-2.337365255837308e-11	0.00512800807299215
0.41805240418069606	0.4999999999999943	0.24661670512772652	-1.2797533952718235e-14	-0.05506623545556878	1.7594358154068008e-14	0.02414325503571189	-3.332594450099803e-14	-0.013262027008767649	5.180044554004677e-15	0.008203706901761976	-1.2185152282395196e-13	-0.0054669612496288916	-2.1604788056591943e-12	0.0038349413280246154	-1.8086413262742316e-12	-0.002792827752352929	1.466112502249526e-12	0.002092564748513331	-1.9600598268505827e-12	-0.0016029657758034864	-2.7889980676223786e-12	0.0012495444104936712	5.435411632436465e-12	-0.0009875632501853999	-2.5483868740054567e-12	0.0007889101702052094	1.6242126280007388e-14	-0.0006352389085605674	-7.521824809638536e-13	0.000514193369240954	-2.4670560274788334e-13	-0.0004172236370414655	-1.1873152302248786e-12	0.0003382693979362396	2.8361184356970558e-12	-0.00027293941548523263	-2.9274919337059422e-12	0.00021798493996147306	4.837539001812338e-12	-0.00017095155784859796	5.5167411254941055e-12	0.00012994337663111105	6.0291231077078994e-12	-9.345449623020333e-5	-6.820897923751215e-12	6.0255253150094256e-5	1.5142026461028854e-12	-2.9327774614530612e-5	2.7755302758788032e-12
-4.652856454429168e-13	0.24661670512772652	0.5000000000005053	0.3621494860240843	-5.0511350161982e-13	-0.13691081635438646	5.135927452231286e-13	0.086575000565458	-4.568277185956033e-13	-0.06305937994412941	5.788073889844422e-13	0.04911905196148865	7.273506638773831e-13	-0.039802610447920786	3.049460192838947e-12	0.03310899589396395	-2.1082166626609664e-13	-0.02806112068188108	2.4840869981227746e-12	0.02412020355207995	-1.7566470679252566e-12	-0.020962736484424486	-4.374259365446145e-12	0.01838186485173267	4.774419623794841e-12	-0.016238744430637907	-4.601892529105738e-12	0.01443651867937392	-3.177496553667887e-12	-0.012905450049663593	5.895252533344736e-12	0.011594000635342414	-5.277101353707744e-12	-0.01046325436287057	4.891775451478223e-12	0.009483306367033626	-2.309703782131929e-12	-0.008630862738332579	2.663875339664458e-12	0.00788762220358024	2.2909428564139072e-11	-0.007239203846718502	4.5310629730314846e-11	0.00667453562863485	-8.69329951417591e-12	-0.006185785693465147	-2.515209927834516e-11	0.0057698394296646985	2.3889360031440773e-11	-0.005439253942739256
-0.16163018565418535	-1.2797533952718235e-14	0.3621494860240843	0.5000000000000052	0.27188383203838146	-3.121640209324828e-14	-0.06887362933907554	4.5243211526928964e-14	0.0326597326318195	-4.9935621236797375e-14	-0.018928862234029738	-1.1699528099003217e-13	0.01217497326068103	-1.907206895848591e-12	-0.008356862889071188	-5.144418786805721e-13	0.005998825405914176	-9.542529097881142e-13	-0.004449418032623579	-1.7144825226377552e-12	0.003383149654794602	6.465806233796614e-12	-0.0026223945110404484	-9.4702416290363e-12	0.0020634925499737806	2.7218474746539436e-12	-0.0016426784716774276	2.769545067184269e-12	0.0013190103071687154	-1.594086562190503e-12	-0.0010652619363140888	4.1819756720757415e-12	0.0008627851481143001	-1.1460473441161704e-12	-0.0006984728459239073	-2.7091835239387087e-12	0.0005628955153638561	3.4472271980441493e-12	-0.00044912009519474717	-7.785957200032328e-12	0.0003519373690928357	-1.2944610249308984e-11	-0.00026734340050042885	-1.0793681620445793e-11	0.000192172651530753	1.2610733691299064e-11	-0.0001238514442885081	-1.9610488175013833e-12	6.025845372862209e-5	-6.6740058672549215e-12
4.809456684836765e-13	-0.05506623545556878	-5.0511350161982e-13	0.27188383203838146	0.5000000000005393	0.34825941099991137	-5.390251489282128e-13	-0.12833005105684087	5.160802389527576e-13	0.08085347287469911	-4.676072478928275e-13	-0.059037855759270605	1.0908044416767016e-12	0.04618117994635364	3.095179871100887e-13	-0.037592445904933124	-2.2511678160270363e-12	0.03140772498377841	-4.3167609341414e-12	-0.026727639265245687	-4.994691234698552e-13	0.023059852827439522	4.698421662369658e-12	-0.020109951676716243	-1.1608252277307093e-12	0.0176900435826009	3.419901876442568e-13	-0.015674071992468903	7.178184198357068e-12	0.013974034010715293	-7.96055516100577e-12	-0.012526478072422605	6.074322830908181e-12	0.01128443382345134	-5.351004522465362e-12	-0.010212382422144908	3.1815219357610005e-12	0.009283015624979227	-3.9428036871220324e-12	-0.00847510258412151	-2.126940161151723e-11	0.007772095847818479	-4.716156651821988e-11	-0.007161320891840059	1.0181287357373923e-11	0.006633804176807664	2.4252039447729793e-11	-0.006185790626736453	-2.3493881348642927e-11	0.005830445813717963
0.10026696559091314	1.7594358154068008e-14	-0.13691081635438646	-3.121640209324828e-14	0.34825941099991137	0.5000000000000235	0.28082552780040754	-6.646455112485824e-14	-0.07477038004234467	6.50972340029135e-14	0.0367663508797264	-4.376588176576215e-14	-0.021905509192915232	-1.0976364998642212e-13	0.014397797890201373	9.872793326711044e-13	-0.01005517632430542	7.003978729883429e-12	0.00731990512399614	3.958615829246828e-12	-0.00549157888903508	-5.211398341590377e-12	0.004214276979771369	7.766943796916587e-12	-0.0032906430346345745	7.626382502827365e-13	0.0026037642739589173	-7.392931995572681e-12	-0.0020806820172205296	4.4559746428428015e-12	0.0016739329372226941	-8.35069374189962e-12	-0.0013515688461811115	3.285745613789742e-12	0.0010914528951783031	3.3780090475213924e-12	-0.0008778501605297916	-5.363432826390821e-12	0.0006993114955436081	1.2651829124784186e-11	-0.0005473134991195857	1.8375299673895556e-11	0.0004153590837338966	1.8013397337703142e-11	-0.00029835126701178733	-2.0991284414221408e-11	0.00019217521297125694	4.8941150022230545e-12	-9.346061137906631e-5	8.244076004101746e-12
-4.845423611509567e-13	0.02414325503571189	5.135927452231286e-13	-0.06887362933907554	-5.390251489282128e-13	0.28082552780040754	0.5000000000005281	0.34234214960393533	-5.06601241478329e-13	-0.12421094641444744	5.071017516262733e-13	0.07786556474971763	-5.134111672062197e-13	-0.05680318715931827	1.136327930935286e-13	0.04446993014169011	-2.9402277417648126e-12	-0.036257514834498815	-1.9977616023620246e-12	0.03035090459636962	4.3352970206049485e-12	-0.025881401499018398	-4.5855781216308575e-12	0.02237640061564843	-3.3246870049111053e-12	-0.019554658069975105	3.723618290942949e-12	0.01723738360005621	-1.0047529432931337e-11	-0.015304990696327165	7.909944610907692e-12	0.013674181446977808	-4.321211268843249e-12	-0.012284997091871303	3.3420205057815e-12	0.011093118366487503	-2.2555045459947043e-12	-0.010065096757851782	4.012394377045644e-12	0.009175313493725653	1.931853209803205e-11	-0.00840403185145206	4.731487782651048e-11	0.007736247323994383	-1.1396553056595786e-11	-0.007161330203627498	-2.2460485861979815e-11	0.0066745493760002024	2.2274772765287656e-11	-0.006289627677770382
-0.07160829448202932	-3.332594450099803e-14	0.086575000565458	4.5243211526928964e-14	-0.12833005105684087	-6.646455112485824e-14	0.34234214960393533	0.5000000000000051	0.2851578098999641	-9.775323328607486e-14	-0.07788155248366657	1.3169671049199875e-13	0.03907235766538528	-6.78725515740387e-14	-0.023658455102469556	1.9341821373155538e-13	0.015756397491219636	3.926001239617787e-13	-0.011123979447657193	-4.0421069893964964e-12	0.008170564498118696	-3.3826902518125047e-12	-0.0061743706520912016	2.3075138078858665e-12	0.004765430969350128	-8.907676832773677e-12	-0.0037368320367042514	1.4091372621520313e-11	0.002964895016371679	-7.754494629009761e-12	-0.002371746406452298	1.2851531743309579e-11	0.0019062801745077067	-5.839926336168985e-12	-0.001533797396218472	-3.838169695816701e-12	0.0012300467447265704	7.5405565856102e-12	-0.000977635728401173	-1.8279723135375402e-11	0.0007637807141944161	-2.27607980861013e-11	-0.0005788488297065518	-2.6688001427314806e-11	0.0004153640817209826	3.1060720667402776e-11	-0.0002673500609272586	-9.560804404620391e-12	0.00012995317729264802	-8.134009594413833e-12
4.720670074489276e-13	-0.013262027008767649	-4.568277185956033e-13	0.0326597326318195	5.160802389527576e-13	-0.07477038004234467	-5.06601241478329e-13	0.2851578098999641	0.5000000000004499	0.3392240550126386	-5.007905648005731e-13	-0.1219038201975736	4.685949944700221e-13	0.07611140610132275	-5.563300425511918e-13	-0.05544216346381672	2.0801048207675385e-12	0.043397269522789945	4.62130996230567e-12	-0.03540193653490797	3.142982906403297e-12	0.029662187520806526	-1.3584686480423533e-12	-0.025323605899176514	7.432029604278466e-12	0.021923195250827875	-3.1891878529769504e-12	-0.019186385616672432	6.457890962239896e-12	0.016939227968418232	-1.0166146653336218e-12	-0.015065746570849728	-4.141170095015094e-12	0.01348539373518929	4.8653279499892655e-12	-0.012140350831592062	-3.681725433912837e-12	0.010988013011731902	-1.742277461110061e-13	-0.009996373103759174	-1.8914225497233888e-11	0.009141141443780334	-4.364308137045154e-11	-0.008404035244059374	1.1061147437340353e-11	0.007772107981739231	2.0279207873317226e-11	-0.007239219593021407	-2.0357762325682884e-11	0.00681954097856002
0.0548756664627516	5.180044554004677e-15	-0.06305937994412941	-4.9935621236797375e-14	0.08085347287469911	6.50972340029135e-14	-0.12421094641444744	-9.775323328607486e-14	0.3392240550126386	0.500000000000098	0.28760013764969894	-1.4840381292141637e-13	-0.07972154459274004	1.7246621636573022e-13	0.04048702563287955	-5.640492011543149e-13	-0.024765006125677266	-2.5044178107348688e-12	0.016633315278782014	-3.857805349825127e-12	-0.011825491324155696	4.5198404257979234e-13	0.008735511338673022	1.2064174840781475e-12	-0.006630828121189794	2.7347146208298457e-12	0.005134173331420106	-9.344238331718322e-12	-0.004033500960888915	2.9509380150147135e-12	0.003201353466423362	-1.3194192922219962e-11	-0.0025569868414106983	7.887639725850355e-12	0.0020470662936751286	2.422248654727564e-12	-0.0016351329362087937	-6.767705650135298e-12	0.0012955203032509377	2.0527936098995328e-11	-0.0010096660759555162	3.0374949628167324e-11	0.0007637848178245607	3.2061911390123995e-11	-0.0005473226155683513	-3.8078892872045176e-11	0.0003519473644259547	1.1497114108774484e-11	-0.0001709646339417585	1.0524971510850862e-11
-4.1568154573406013e-13	0.008203706901761976	5.788073889844422e-13	-0.018928862234029738	-4.676072478928275e-13	0.0367663508797264	5.071017516262733e-13	-0.07788155248366657	-5.007905648005731e-13	0.28760013764969894	0.5000000000004498	0.33738164178615654	-4.712358369602251e-13	-0.12049126764115103	5.029998714409352e-13	0.07500663660711486	4.3152942476222374e-13	-0.05456584683732851	1.7832394176534063e-12	0.042695006299768176	2.5859732979669456e-12	-0.03483533016608232	9.292718852554436e-13	0.029203161245616085	-8.258496333770112e-12	-0.024951627621163635	1.6293295428550055e-12	0.021622915540982883	-3.358100177294404e-12	-0.018946177390150778	-3.2498609510490264e-12	0.01675027945850581	9.554920358612859e-12	-0.014921453724875739	-1.049966034185751e-11	0.013380929961391766	7.1782831668465516e-12	-0.012072363500256061	-1.4789564220086275e-12	0.01095443410971269	1.4826149370903417e-11	-0.009996372448402499	3.935042308675783e-11	0.009175315506417847	-1.180761758864135e-11	-0.008475112011562235	-1.5614887850526947e-11	0.007887633958728026	1.6575555900179e-11	-0.007427314463926707
-0.04388691569504087	-1.2185152282395196e-13	0.04911905196148865	-1.1699528099003217e-13	-0.059037855759270605	-4.376588176576215e-14	0.07786556474971763	1.3169671049199875e-13	-0.1219038201975736	-1.4840381292141637e-13	0.33738164178615654	0.5000000000001351	0.28910289944534145	-1.8458336033561016e-13	-0.08088699704819868	1.234329311293386e-13	0.04140296234180967	2.203062028344797e-14	-0.025493245132719652	3.054241882396978e-14	0.017216976160673424	-1.752221609349074e-12	-0.012295247665369583	4.312235308491245e-12	0.009114029016496012	-2.020833057938849e-12	-0.0069347210330002	8.559216013718141e-12	0.00537588168571447	-5.017119504933761e-13	-0.004222461539765511	1.4967189623164496e-11	0.003344703368681218	-1.2330980607510243e-11	-0.00266002407194159	2.015396208722074e-12	0.002113581867835577	3.426883673196116e-12	-0.0016676610368037607	-2.086518036663973e-11	0.001295519087393565	-3.8275369958791205e-11	-0.0009776391985323117	-3.7048012195294874e-11	0.0006993207247203566	4.5289781978710694e-11	-0.0004491304191646714	-1.4376416948352078e-11	0.0002179996890975671	-1.1553280816707428e-11
1.1139288941348727e-12	-0.0054669612496288916	7.273506638773831e-13	0.01217497326068103	1.0908044416767016e-12	-0.021905509192915232	-5.134111672062197e-13	0.03907235766538528	4.685949944700221e-13	-0.07972154459274004	-4.712358369602251e-13	0.28910289944534145	0.5000000000004372	0.336215467819604	-4.209917840667726e-13	-0.11957817415078766	2.1204936541676296e-13	0.07428091467978928	-8.215258433333351e-13	-0.05398370450593775	-7.437847315794343e-13	0.04222559733819345	-5.581641958367453e-12	-0.034456445989272486	5.12408532221785e-12	0.028898167205258292	4.4947670664777465e-12	-0.024708272644912887	-3.7168045328149915e-12	0.021432027608066104	6.578615201748263e-12	-0.018800849449132448	-1.2372934623034491e-11	0.016645403562481256	1.3943347895825615e-11	-0.014853428918790585	-8.919850389961426e-12	0.013347465531227294	1.9041546926001323e-12	-0.012072364655828628	-7.656108986169613e-12	0.010988013848927839	-3.286426311945833e-11	-0.01006509942909594	1.2747955291799823e-11	0.009283023860219399	8.651348514163917e-12	-0.00863087155857379	-1.087385937181114e-11	0.008123038340010963
0.03611997651589308	-2.1604788056591943e-12	-0.039802610447920786	-1.907206895848591e-12	0.04618117994635364	-1.0976364998642212e-13	-0.05680318715931827	-6.78725515740387e-14	0.07611140610132275	1.7246621636573022e-13	-0.12049126764115103	-1.8458336033561016e-13	0.336215467819604	0.5000000000001489	0.29007807169069555	-1.284705469198263e-13	-0.08165601887394636	1.8407579432594924e-13	0.04201407614401607	1.6331705641156404e-13	-0.02598195701817025	5.387203451828675e-12	0.017608723325490523	3.3935655297574193e-12	-0.01260840627834525	-6.820319455253793e-12	0.009362418322881918	-8.026251186579497e-12	-0.007128478465814028	1.401893752422568e-12	0.005522540930185877	-1.8074719975635094e-11	-0.004327635400175576	1.8870953418523814e-11	0.003412458138712215	-9.000101423983577e-12	-0.0026931066858218973	1.331705431273791e-12	0.0021135825013455685	2.098438543263761e-11	-0.0016351315287454196	4.306717640626874e-11	0.001230049615384935	4.444899307803467e-11	-0.0008778587332095905	-5.5771712090798955e-11	0.0005629050543887001	2.1915183807761457e-11	-0.0002729550255568383	7.144823376667897e-12
1.2278907219247032e-12	0.0038349413280246154	3.049460192838947e-12	-0.008356862889071188	3.095179871100887e-13	0.014397797890201373	1.136327930935286e-13	-0.023658455102469556	-5.563300425511918e-13	0.04048702563287955	5.029998714409352e-13	-0.08088699704819868	-4.209917840667726e-13	0.29007807169069555	0.500000000000371	0.3354463728527354	-3.591805272270412e-13	-0.11896975065580005	5.226249814154265e-13	0.07379461855319855	-2.3906954208067098e-12	-0.05359356942940612	-8.3335591273505e-12	0.04191309594894728	-2.8662679589455687e-12	-0.03420815636737808	2.7335903203138183e-12	0.028703964787290124	2.6869019731585624e-12	-0.024560794531418843	-6.326719653338975e-13	0.021325902559092537	9.121123819955864e-12	-0.018732235084989994	-1.6159605482083928e-11	0.016611764888501496	1.3296242669654604e-11	-0.014853430666119959	-7.408749113174233e-12	0.013380932184170096	3.793514613914194e-12	-0.012140352875252393	1.7184562019598228e-11	0.011093121060788197	-8.536766773430994e-12	-0.01021238822920482	-2.6985852472082164e-12	0.00948331064421259	4.807549789500475e-12	-0.008919771555498375
-0.030346607133338473	-1.8086413262742316e-12	0.03310899589396395	-5.144418786805721e-13	-0.037592445904933124	9.872793326711044e-13	0.04446993014169011	1.9341821373155538e-13	-0.05544216346381672	-5.640492011543149e-13	0.07500663660711486	1.234329311293386e-13	-0.11957817415078766	-1.284705469198263e-13	0.3354463728527354	0.5000000000001582	0.29072984190691037	-1.4819589064878418e-13	-0.08217314410382962	9.894333139205777e-13	0.04242501335373867	2.203684596940728e-12	-0.02630829612141148	5.830840555353799e-13	0.017866144983562527	2.574793573468413e-12	-0.012808263969923663	1.3304722984211458e-11	0.009513247824298628	-4.564312281307192e-12	-0.007236394660911339	1.3785557172001238e-11	0.005591895336050238	-1.8491245086069436e-11	-0.004361413905973051	1.2402048717873469e-11	0.0034124583938230126	-4.726403022220461e-12	-0.002660024171168535	-2.0186615875434805e-11	0.0020470630473081713	-4.6231535897438405e-11	-0.0015337972958718803	-4.9182158050001113e-11	0.0010914579269465294	6.323387588709087e-11	-0.0006984788292634929	-2.8097374086416096e-11	0.00033828405696764144	-2.7768581179729622e-12
2.3948332291942e-13	-0.002792827752352929	-2.1082166626609664e-13	0.005998825405914176	-2.2511678160270363e-12	-0.01005517632430542	-2.9402277417648126e-12	0.015756397491219636	2.0801048207675385e-12	-0.024765006125677266	4.3152942476222374e-13	0.04140296234180967	2.1204936541676296e-13	-0.08165601887394636	-3.591805272270412e-13	0.29072984190691037	0.5000000000002465	0.3349293964385875	-7.747710423896034e-13	-0.11856104284151403	-7.611076648371878e-13	0.07347027530570475	-5.645656691551904e-13	-0.05333750428521041	-1.7142541519934938e-12	0.04171385132564787	-1.1039305851656544e-11	-0.034057532976708105	-1.1045106467100428e-11	0.0285958950646044	-2.861458125267893e-12	-0.024491101443544886	-5.448545694473641e-12	0.021291836070945643	1.8855977071782524e-11	-0.018732234618722594	-2.0998288596238047e-11	0.016645405280978187	1.8698580172253663e-11	-0.014921455927487223	-3.799670904325693e-12	0.013485397087424723	9.1865663903973e-12	-0.012285000795113389	-1.8822389183751368e-12	0.011284438534518429	-1.7892546076231452e-12	-0.010463255733390284	1.4895783263525962e-12	0.009834068297455884
0.025895074725700216	1.466112502249526e-12	-0.02806112068188108	-9.542529097881142e-13	0.03140772498377841	7.003978729883429e-12	-0.036257514834498815	3.926001239617787e-13	0.043397269522789945	-2.5044178107348688e-12	-0.05456584683732851	2.203062028344797e-14	0.07428091467978928	1.8407579432594924e-13	-0.11896975065580005	-1.4819589064878418e-13	0.3349293964385875	0.5000000000002374	0.2911687086915843	1.6771830825992595e-13	-0.08251898306948063	-6.288468439660243e-13	0.042695418734900036	-4.9252350431708454e-12	-0.02651681984810422	-2.184879813214253e-12	0.018022609162616894	-4.028750319072216e-12	-0.012919645249693133	1.2408879398051053e-11	0.009584604612068245	-7.386806365403395e-12	-0.007271064617256872	1.6431119688869773e-11	0.005591896184383098	-1.6945925392227527e-11	-0.004327637478128883	1.127001278308338e-11	0.0033447047881862146	1.3140755820151142e-11	-0.0025569836937640845	5.067640610606799e-11	0.0019062779938486222	4.52889320791176e-11	-0.001351569857371068	-6.149767212470088e-11	0.0008627862107015911	2.810116119481225e-11	-0.00041723598453342024	2.1126200120617344e-12
-1.946041627587882e-13	0.002092564748513331	2.4840869981227746e-12	-0.004449418032623579	-4.3167609341414e-12	0.00731990512399614	-1.9977616023620246e-12	-0.011123979447657193	4.62130996230567e-12	0.016633315278782014	1.7832394176534063e-12	-0.025493245132719652	-8.215258433333351e-13	0.04201407614401607	5.226249814154265e-13	-0.08217314410382962	-7.747710423896034e-13	0.2911687086915843	0.5000000000004131	0.3345837500673989	-1.1100219378533193e-13	-0.11829231312207916	1.4545501544384274e-12	0.07326320672741701	2.084957703533656e-12	-0.05318199542334346	1.1045088670427489e-11	0.04160288219934645	1.7913205300009194e-11	-0.033986313338867494	1.2410648589963579e-11	0.02856119041707292	-8.346684862139452e-12	-0.024491101274455456	-1.1787509165471233e-11	0.02132590118041195	2.4040081096110167e-11	-0.018800849644811105	-3.040683040862453e-11	0.016750279982417814	4.5584506687848894e-12	-0.01506575041088062	-4.4608235004699075e-11	0.013674186401801038	1.7908520056044793e-11	-0.012526482759806095	4.932059836154555e-12	0.011594001092326008	-7.994909806030121e-12	-0.010886878053965047
-0.02236632181132398	-1.9600598268505827e-12	0.02412020355207995	-1.7144825226377552e-12	-0.026727639265245687	3.958615829246828e-12	0.03035090459636962	-4.0421069893964964e-12	-0.03540193653490797	-3.857805349825127e-12	0.042695006299768176	3.054241882396978e-14	-0.05398370450593775	1.6331705641156404e-13	0.07379461855319855	9.894333139205777e-13	-0.11856104284151403	1.6771830825992595e-13	0.3345837500673989	0.4999999999997672	0.29145778550398777	-3.685197657555551e-13	-0.08274021138473107	-1.3242332700898694e-12	0.04285993028335984	-2.767329680348882e-12	-0.026633123663654567	-9.142050440048655e-12	0.018096674255524105	-3.15283230003308e-11	-0.012955439896213282	-1.0032569786464968e-11	0.009584603689400173	1.0441801743082346e-11	-0.007236394230108246	-3.4039538863432474e-12	0.005522543901128486	-1.5752707974293742e-12	-0.0042224650148570105	-7.694462879214645e-12	0.0032013529658164396	-5.490572465741703e-11	-0.002371744493333143	-2.1608438346425066e-11	0.0016739309065646037	3.328792535360064e-11	-0.0010652576820503043	-3.2688922218797106e-12	0.0005142022412971263	-2.33562207084309e-11
4.5673525132383885e-12	-0.0016029657758034864	-1.7566470679252566e-12	0.003383149654794602	-4.994691234698552e-13	-0.00549157888903508	4.3352970206049485e-12	0.008170564498118696	3.142982906403297e-12	-0.011825491324155696	2.5859732979669456e-12	0.017216976160673424	-7.437847315794343e-13	-0.02598195701817025	-2.3906954208067098e-12	0.04242501335373867	-7.611076648371878e-13	-0.08251898306948063	-1.1100219378533193e-13	0.29145778550398777	0.500000000000916	0.33436268443455147	-2.783654818552692e-13	-0.11812890979593381	2.2910137318269996e-12	0.073147780948134	-4.6514901206873005e-12	-0.05310841917785104	8.876981851709634e-12	0.041567231779266904	1.4287010296137367e-11	-0.03398631290852103	-4.159052213308152e-12	0.028595895880784757	5.144128317572833e-12	-0.024560794088332494	-7.923520882257275e-12	0.021432026424206885	1.2050958599787202e-11	-0.01894617515455471	2.9656755272521534e-11	0.01693923083687697	5.192240624266253e-11	-0.015304996037704398	-9.482090215904417e-12	0.013974038897513568	-2.7085009409525975e-11	-0.012905451442349287	2.491885743336593e-11	0.012104909909854447
0.01950806661357815	-2.7889980676223786e-12	-0.020962736484424486	6.465806233796614e-12	0.023059852827439522	-5.211398341590377e-12	-0.025881401499018398	-3.3826902518125047e-12	0.029662187520806526	4.5198404257979234e-13	-0.03483533016608232	-1.752221609349074e-12	0.04222559733819345	5.387203451828675e-12	-0.05359356942940612	2.203684596940728e-12	0.07347027530570475	-6.288468439660243e-13	-0.11829231312207916	-3.685197657555551e-13	0.33436268443455147	0.4999999999999029	0.29163378185068933	-6.263121702637735e-13	-0.0828636901350901	2.2862916725256024e-12	0.04293784837806273	4.891088089661778e-12	-0.02667051485918377	-8.06092278081581e-12	0.018096673972403953	3.5439920446126814e-12	-0.012919645915707047	-5.146654163367635e-12	0.009513245464763394	4.635681582110411e-12	-0.007128479250537249	-3.549321180523437e-12	0.0053758852352608	5.445641757850199e-12	-0.004033504577456895	3.1348346839306255e-11	0.0029648962902503948	1.529689004296166e-11	-0.0020806793196901587	-2.5164450921358037e-11	0.001319001645353116	7.631305294352715e-12	-0.0006352434788244539	9.546658338258508e-12
1.4422905043418432e-12	0.0012495444104936712	-4.374259365446145e-12	-0.0026223945110404484	4.698421662369658e-12	0.004214276979771369	-4.5855781216308575e-12	-0.0061743706520912016	-1.3584686480423533e-12	0.008735511338673022	9.292718852554436e-13	-0.012295247665369583	-5.581641958367453e-12	0.017608723325490523	-8.3335591273505e-12	-0.02630829612141148	-5.645656691551904e-13	0.042695418734900036	1.4545501544384274e-12	-0.08274021138473107	-2.783654818552692e-13	0.29163378185068933	0.5000000000005883	0.3342393097370139	-9.845650455922654e-13	-0.11805154136043766	-1.810735838951217e-12	0.0731106829597553	-9.054730800336184e-12	-0.05310841921647966	-8.947198804960569e-12	0.041602881567299126	3.3614575925461486e-12	-0.03405753251695781	1.1438750152386402e-12	0.028703966750087916	-1.7279838177459763e-12	-0.02470827228677221	-3.129927694167709e-12	0.021622911861619253	-4.9996205151866136e-11	-0.019186386541514822	-7.109936496930659e-11	0.017237387434416947	1.3635611544711084e-11	-0.015674075878818767	3.869527095747419e-11	0.014436521966018257	-3.6060349176544684e-11	-0.013522624911329505
-0.017152874753670635	5.435411632436465e-12	0.01838186485173267	-9.4702416290363e-12	-0.020109951676716243	7.766943796916587e-12	0.02237640061564843	2.3075138078858665e-12	-0.025323605899176514	1.2064174840781475e-12	0.029203161245616085	4.312235308491245e-12	-0.034456445989272486	3.3935655297574193e-12	0.04191309594894728	5.830840555353799e-13	-0.05333750428521041	-4.9252350431708454e-12	0.07326320672741701	-1.3242332700898694e-12	-0.11812890979593381	-6.263121702637735e-13	0.3342393097370139	0.500000000000425	0.29171717496109334	-3.346315718900322e-13	-0.08290340187987302	2.5555744752796815e-12	0.04293784834027615	4.4712035721432585e-12	-0.026633123788767584	2.041071623411612e-13	0.018022609080135865	2.061925265791714e-12	-0.01280826471268338	-4.6124016969190424e-12	0.0093624161413446	6.1789441677125036e-12	-0.006934720247272608	6.342353713982081e-12	0.0051341788186638395	2.1023987667568864e-12	-0.0037368372304371973	6.745060299240149e-12	0.002603763158482938	-3.634818080274667e-12	-0.0016426672481432171	1.0476424253050446e-12	0.0007889098141205519	-1.7626730831237294e-12
-3.915166552783816e-12	-0.0009875632501853999	4.774419623794841e-12	0.0020634925499737806	-1.1608252277307093e-12	-0.0032906430346345745	-3.3246870049111053e-12	0.004765430969350128	7.432029604278466e-12	-0.006630828121189794	-8.258496333770112e-12	0.009114029016496012	5.12408532221785e-12	-0.01260840627834525	-2.8662679589455687e-12	0.017866144983562527	-1.7142541519934938e-12	-0.02651681984810422	2.084957703533656e-12	0.04285993028335984	2.2910137318269996e-12	-0.0828636901350901	-9.845650455922654e-13	0.29171717496109334	0.500000000000791	0.3341996334345915	-6.153809272907464e-13	-0.1180515413397804	-1.684639073258193e-12	0.07314778089587708	-7.323365183093356e-13	-0.053181995688817006	-8.568240974613052e-13	0.041713850033245604	8.341717259300059e-13	-0.03420815683666891	1.2850454772628041e-12	0.028898168169984126	-1.0513060208895588e-12	-0.024951626254909477	5.796653362044918e-11	0.02192319514966752	7.976483051960875e-11	-0.01955465875299634	-1.697606035948478e-11	0.01769004462625705	-4.299461645412787e-11	-0.016238750146860895	4.109362672749291e-11	0.015185180910350034
0.01518518029694575	-2.5483868740054567e-12	-0.016238744430637907	2.7218474746539436e-12	0.0176900435826009	7.626382502827365e-13	-0.019554658069975105	-8.907676832773677e-12	0.021923195250827875	2.7347146208298457e-12	-0.024951627621163635	-2.020833057938849e-12	0.028898167205258292	-6.820319455253793e-12	-0.03420815636737808	2.574793573468413e-12	0.04171385132564787	-2.184879813214253e-12	-0.05318199542334346	-2.767329680348882e-12	0.073147780948134	2.2862916725256024e-12	-0.11805154136043766	-3.346315718900322e-13	0.3341996334345915	0.4999999999999738	0.29171717496661087	-1.0784502426033589e-13	-0.08286369012952276	-1.8228277999621078e-13	0.04285993019350413	-1.4818435110012908e-13	-0.02651682020848832	5.220708093666098e-13	0.017866145056071665	-1.1397458546954826e-12	-0.012608406750547035	-3.2080969581183067e-12	0.00911402424216607	-2.4307566860441595e-11	-0.006630831177359193	-5.7271769926398025e-11	0.004765437612213259	-2.7472013229321868e-11	-0.0032906451191835034	3.417608614033942e-11	0.0020634822825094444	-3.1600318037125886e-12	-0.00098755815337082	-1.9553014928203917e-11
4.499942643145488e-12	0.0007889101702052094	-4.601892529105738e-12	-0.0016426784716774276	3.419901876442568e-13	0.0026037642739589173	3.723618290942949e-12	-0.0037368320367042514	-3.1891878529769504e-12	0.005134173331420106	1.6293295428550055e-12	-0.0069347210330002	4.4947670664777465e-12	0.009362418322881918	2.7335903203138183e-12	-0.012808263969923663	-1.1039305851656544e-11	0.018022609162616894	1.1045088670427489e-11	-0.026633123663654567	-4.6514901206873005e-12	0.04293784837806273	-1.810735838951217e-12	-0.08290340187987302	-6.153809272907464e-13	0.29171717496661087	0.5000000000006889	0.3342393097012116	1.7648613252696605e-14	-0.11812890973454677	5.240933242499649e-13	0.07326320669170305	-1.8612329168940394e-13	-0.0533375045920047	4.4305808068007764e-13	0.041913094352252954	2.392232769484755e-12	-0.034456444836612976	5.693546451049997e-12	0.029203165157700692	-3.7465300863717376e-11	-0.025323607216859126	-5.891524777310215e-11	0.022376397734449882	1.6508051121590334e-11	-0.020109947770388735	2.844948642060312e-11	0.01838187223612881	-2.950727257344809e-11	-0.017152876876068902
-0.013522624727825784	1.6242126280007388e-14	0.01443651867937392	2.769545067184269e-12	-0.015674071992468903	-7.392931995572681e-12	0.01723738360005621	1.4091372621520313e-11	-0.019186385616672432	-9.344238331718322e-12	0.021622915540982883	8.559216013718141e-12	-0.024708272644912887	-8.026251186579497e-12	0.028703964787290124	1.3304722984211458e-11	-0.034057532976708105	-4.028750319072216e-12	0.04160288219934645	-9.142050440048655e-12	-0.05310841917785104	4.891088089661778e-12	0.0731106829597553	2.5555744752796815e-12	-0.1180515413397804	-1.0784502426033589e-13	0.3342393097012116	0.4999999999994338	0.2916337818707015	2.2462672106056945e-14	-0.08274021139122562	-4.6290019194618473e-14	0.0426954185795443	3.9739141901104137e-14	-0.02630829685884335	-2.0179972764916435e-12	0.017608722586247377	-3.2252615244273883e-12	-0.012295248518718698	4.214891310584182e-11	0.008735509241829212	1.1202919520541554e-10	-0.006174371422720586	4.658711822664621e-11	0.004214280514166762	-6.76393745010066e-11	-0.0026223896506211717	1.1915790558805881e-11	0.0012495357981064039	3.297960204083107e-11
2.8302386927888627e-12	-0.0006352389085605674	-3.177496553667887e-12	0.0013190103071687154	7.178184198357068e-12	-0.0020806820172205296	-1.0047529432931337e-11	0.002964895016371679	6.457890962239896e-12	-0.004033500960888915	-3.358100177294404e-12	0.00537588168571447	-3.7168045328149915e-12	-0.007128478465814028	2.6869019731585624e-12	0.009513247824298628	-1.1045106467100428e-11	-0.012919645249693133	1.7913205300009194e-11	0.018096674255524105	8.876981851709634e-12	-0.02667051485918377	-9.054730800336184e-12	0.04293784834027615	-1.684639073258193e-12	-0.08286369012952276	1.7648613252696605e-14	0.2916337818707015	0.5000000000004055	0.33436268436288064	-5.694287157416673e-13	-0.11829231303531737	1.7183078244114885e-13	0.0734702752705715	-8.824670140773906e-14	-0.05359356961744858	1.7124342426138531e-12	0.04222559523191961	-1.7118853603833758e-11	-0.0348353313879315	-3.321747303632682e-11	0.02966218886102244	-2.1967592159472e-11	-0.02588139851322467	2.781776258425584e-12	0.023059846496394178	9.450966566294695e-12	-0.02096274621034574	-6.455507823068718e-12	0.019508072994619083
0.012104908520394692	-7.521824809638536e-13	-0.012905450049663593	-1.594086562190503e-12	0.013974034010715293	4.4559746428428015e-12	-0.015304990696327165	-7.754494629009761e-12	0.016939227968418232	2.9509380150147135e-12	-0.018946177390150778	-5.017119504933761e-13	0.021432027608066104	1.401893752422568e-12	-0.024560794531418843	-4.564312281307192e-12	0.0285958950646044	1.2408879398051053e-11	-0.033986313338867494	-3.15283230003308e-11	0.041567231779266904	-8.06092278081581e-12	-0.05310841921647966	4.4712035721432585e-12	0.07314778089587708	-1.8228277999621078e-13	-0.11812890973454677	2.2462672106056945e-14	0.33436268436288064	0.5000000000000242	0.29145778554348345	-1.1005821949062838e-14	-0.08251898309741759	1.3664838902745636e-13	0.042425013139781004	4.39311331230195e-13	-0.025981957557136882	1.6500669583028367e-11	0.017216977605366838	-9.09658810190874e-12	-0.011825490028374517	-8.637388887671064e-11	0.0081705576586969	-4.4707419926099726e-11	-0.005491582193028091	6.186152218538159e-11	0.003383157068708563	-9.329260757560854e-12	-0.001602957783483717	-3.4187133484374355e-11
-6.128651629572868e-12	0.000514193369240954	5.895252533344736e-12	-0.0010652619363140888	-7.96055516100577e-12	0.0016739329372226941	7.909944610907692e-12	-0.002371746406452298	-1.0166146653336218e-12	0.003201353466423362	-3.2498609510490264e-12	-0.004222461539765511	6.578615201748263e-12	0.005522540930185877	-6.326719653338975e-13	-0.007236394660911339	-2.861458125267893e-12	0.009584604612068245	1.2410648589963579e-11	-0.012955439896213282	1.4287010296137367e-11	0.018096673972403953	-8.947198804960569e-12	-0.026633123788767584	-7.323365183093356e-13	0.04285993019350413	5.240933242499649e-13	-0.08274021139122562	-5.694287157416673e-13	0.29145778554348345	0.5000000000009462	0.3345837499695743	-5.344280975792119e-13	-0.11856104273049527	-4.2188301150227936e-14	0.07379461840336518	-1.1615905694969509e-11	-0.05398370566772689	-1.3555825713588969e-11	0.04269500239996865	1.0318061123792859e-10	-0.03540193471710196	1.478795586956865e-10	0.03035090871046675	-2.797289506936332e-11	-0.026727635854071823	-7.366211486704259e-11	0.024120208580297908	6.661427490665986e-11	-0.02236632498201679
-0.010886874109017307	-2.4670560274788334e-13	0.011594000635342414	4.1819756720757415e-12	-0.012526478072422605	-8.35069374189962e-12	0.013674181446977808	1.2851531743309579e-11	-0.015065746570849728	-1.3194192922219962e-11	0.01675027945850581	1.4967189623164496e-11	-0.018800849449132448	-1.8074719975635094e-11	0.021325902559092537	1.3785557172001238e-11	-0.024491101443544886	-7.386806365403395e-12	0.02856119041707292	-1.0032569786464968e-11	-0.03398631290852103	3.5439920446126814e-12	0.041602881567299126	2.041071623411612e-13	-0.053181995688817006	-1.4818435110012908e-13	0.07326320669170305	-4.6290019194618473e-14	-0.11829231303531737	-1.1005821949062838e-14	0.3345837499695743	0.49999999999963	0.2911687087471148	2.6347532231189796e-13	-0.08217314413145911	2.703264853678352e-12	0.04201407612801086	1.0879527678609794e-11	-0.02549324466683014	-6.108663751168312e-11	0.016633316853201473	-1.5245980047039233e-10	-0.011123979609015748	-6.586677317275608e-11	0.007319900029846127	7.978009041691464e-11	-0.004449428987026041	-9.425408580176054e-12	0.0020925546292997624	-4.1172313618880775e-11
5.909524243800763e-12	-0.0004172236370414655	-5.277101353707744e-12	0.0008627851481143001	6.074322830908181e-12	-0.0013515688461811115	-4.321211268843249e-12	0.0019062801745077067	-4.141170095015094e-12	-0.0025569868414106983	9.554920358612859e-12	0.003344703368681218	-1.2372934623034491e-11	-0.004327635400175576	9.121123819955864e-12	0.005591895336050238	-5.448545694473641e-12	-0.007271064617256872	-8.346684862139452e-12	0.009584603689400173	-4.159052213308152e-12	-0.012919645915707047	3.3614575925461486e-12	0.018022609080135865	-8.568240974613052e-13	-0.02651682020848832	-1.8612329168940394e-13	0.0426954185795443	1.7183078244114885e-13	-0.08251898309741759	-5.344280975792119e-13	0.2911687087471148	0.500000000000226	0.3349293963190365	-3.178204353166746e-13	-0.11896975053280572	-4.543348953971996e-12	0.0742809142938554	1.3377136182303553e-11	-0.05456584809019956	7.59139470150354e-11	0.04339726746844989	8.176068730791931e-11	-0.03625751255106641	-1.2024628340970933e-11	0.031407725745628244	-3.429852211699803e-11	-0.02806111807213416	3.057922098907304e-11	0.025895078408778804
0.009834060038511824	-1.1873152302248786e-12	-0.01046325436287057	-1.1460473441161704e-12	0.01128443382345134	3.285745613789742e-12	-0.012284997091871303	-5.839926336168985e-12	0.01348539373518929	7.887639725850355e-12	-0.014921453724875739	-1.2330980607510243e-11	0.016645403562481256	1.8870953418523814e-11	-0.018732235084989994	-1.8491245086069436e-11	0.021291836070945643	1.6431119688869773e-11	-0.024491101274455456	1.0441801743082346e-11	0.028595895880784757	-5.146654163367635e-12	-0.03405753251695781	2.061925265791714e-12	0.041713850033245604	5.220708093666098e-13	-0.0533375045920047	3.9739141901104137e-14	0.0734702752705715	1.3664838902745636e-13	-0.11856104273049527	2.6347532231189796e-13	0.3349293963190365	0.4999999999993195	0.29072984197017065	1.3845553582600247e-12	-0.08165601888433105	-2.5119199164278235e-12	0.041402962348625505	-1.6947455868372195e-11	-0.024765005349597823	-2.6384605300266775e-11	0.015756399258317604	-9.313448204212096e-12	-0.010055171344044194	5.498468726983554e-12	0.005998834703106889	6.525593990394719e-13	-0.002792822580446494	-6.106011394202068e-12
-5.516059476770275e-12	0.0003382693979362396	4.891775451478223e-12	-0.0006984728459239073	-5.351004522465362e-12	0.0010914528951783031	3.3420205057815e-12	-0.001533797396218472	4.8653279499892655e-12	0.0020470662936751286	-1.049966034185751e-11	-0.00266002407194159	1.3943347895825615e-11	0.003412458138712215	-1.6159605482083928e-11	-0.004361413905973051	1.8855977071782524e-11	0.005591896184383098	-1.1787509165471233e-11	-0.007236394230108246	5.144128317572833e-12	0.009513245464763394	1.1438750152386402e-12	-0.01280826471268338	8.341717259300059e-13	0.017866145056071665	4.4305808068007764e-13	-0.02630829685884335	-8.824670140773906e-14	0.042425013139781004	-4.2188301150227936e-14	-0.08217314413145911	-3.178204353166746e-13	0.29072984197017065	0.49999999999951866	0.33544637271738387	7.513908096914274e-13	-0.11957817400988878	2.2489762173177554e-12	0.07500663625507743	5.295935231801943e-12	-0.0554421640534047	2.6759293151109608e-12	0.044469928036000396	2.8078542584927046e-12	-0.03759245176686822	8.859077592011542e-14	0.03310898527710037	1.2114714256354172e-12	-0.030346612118656413
-0.008919757418708582	2.8361184356970558e-12	0.009483306367033626	-2.7091835239387087e-12	-0.010212382422144908	3.3780090475213924e-12	0.011093118366487503	-3.838169695816701e-12	-0.012140350831592062	2.422248654727564e-12	0.013380929961391766	2.015396208722074e-12	-0.014853428918790585	-9.000101423983577e-12	0.016611764888501496	1.2402048717873469e-11	-0.018732234618722594	-1.6945925392227527e-11	0.02132590118041195	-3.4039538863432474e-12	-0.024560794088332494	4.635681582110411e-12	0.028703966750087916	-4.6124016969190424e-12	-0.03420815683666891	-1.1397458546954826e-12	0.041913094352252954	-2.0179972764916435e-12	-0.05359356961744858	4.39311331230195e-13	0.07379461840336518	2.703264853678352e-12	-0.11896975053280572	1.3845553582600247e-12	0.33544637271738387	0.49999999999927974	0.2900780717593303	3.1596649631103737e-13	-0.08088699706810319	-6.113658268109631e-13	0.04048702557094085	9.217828669612245e-13	-0.023658454299055793	-1.1660331385164711e-12	0.014397802514597113	-5.777950012773863e-13	-0.00835685318877346	-1.3845494173484576e-12	0.0038349491081699117	-6.274085526287998e-14
2.6550807497337578e-12	-0.00027293941548523263	-2.309703782131929e-12	0.0005628955153638561	3.1815219357610005e-12	-0.0008778501605297916	-2.2555045459947043e-12	0.0012300467447265704	-3.681725433912837e-12	-0.0016351329362087937	7.1782831668465516e-12	0.002113581867835577	-8.919850389961426e-12	-0.0026931066858218973	1.3296242669654604e-11	0.0034124583938230126	-2.0998288596238047e-11	-0.004327637478128883	2.4040081096110167e-11	0.005522543901128486	-7.923520882257275e-12	-0.007128479250537249	-1.7279838177459763e-12	0.0093624161413446	1.2850454772628041e-12	-0.012608406750547035	2.392232769484755e-12	0.017608722586247377	1.7124342426138531e-12	-0.025981957557136882	-1.1615905694969509e-11	0.04201407612801086	-4.543348953971996e-12	-0.08165601888433105	7.513908096914274e-13	0.2900780717593303	0.4999999999997271	0.3362154676873791	5.305517119352504e-13	-0.12049126748724948	-6.018530446805292e-13	0.07611140585705246	6.8631663659023e-13	-0.05680318776561121	2.8203620322216576e-13	0.04618117840475771	7.344791434439533e-13	-0.03980261142719304	3.4304563646775265e-13	0.03611997670325557
0.00812301730683359	-2.9274919337059422e-12	-0.008630862738332579	3.4472271980441493e-12	0.009283015624979227	-5.363432826390821e-12	-0.010065096757851782	7.5405565856102e-12	0.010988013011731902	-6.767705650135298e-12	-0.012072363500256061	3.426883673196116e-12	0.013347465531227294	1.331705431273791e-12	-0.014853430666119959	-4.726403022220461e-12	0.016645405280978187	1.127001278308338e-11	-0.018800849644811105	-1.5752707974293742e-12	0.021432026424206885	-3.549321180523437e-12	-0.02470827228677221	6.1789441677125036e-12	0.028898168169984126	-3.2080969581183067e-12	-0.034456444836612976	-3.2252615244273883e-12	0.04222559523191961	1.6500669583028367e-11	-0.05398370566772689	1.0879527678609794e-11	0.0742809142938554	-2.5119199164278235e-12	-0.11957817400988878	3.1596649631103737e-13	0.3362154676873791	0.4999999999989525	0.28910289951125706	5.797691362414481e-13	-0.07972154462213309	-7.632870130526522e-13	0.039072357682199695	5.335364081679317e-13	-0.021905508722814694	-7.682521688254305e-13	0.01217497356049422	4.1334050718983714e-13	-0.0054669613351474204	-5.298041736226389e-13
-2.674068363988979e-12	0.00021798493996147306	2.663875339664458e-12	-0.00044912009519474717	-3.9428036871220324e-12	0.0006993114955436081	4.012394377045644e-12	-0.000977635728401173	-1.742277461110061e-13	0.0012955203032509377	-1.4789564220086275e-12	-0.0016676610368037607	1.9041546926001323e-12	0.0021135825013455685	-7.408749113174233e-12	-0.002660024171168535	1.8698580172253663e-11	0.0033447047881862146	-3.040683040862453e-11	-0.0042224650148570105	1.2050958599787202e-11	0.0053758852352608	-3.129927694167709e-12	-0.006934720247272608	-1.0513060208895588e-12	0.00911402424216607	5.693546451049997e-12	-0.012295248518718698	-1.7118853603833758e-11	0.017216977605366838	-1.3555825713588969e-11	-0.02549324466683014	1.3377136182303553e-11	0.041402962348625505	2.2489762173177554e-12	-0.08088699706810319	5.305517119352504e-13	0.28910289951125706	0.4999999999994876	0.3373816416651633	5.268396400952925e-13	-0.12190382006437012	-4.3812357355283126e-13	0.07786556465468517	3.6564823811858146e-13	-0.059037855311776785	-1.6529942520285735e-13	0.049119051570695696	1.032240948512288e-13	-0.04388691549187745
-0.007427288869493738	4.837539001812338e-12	0.00788762220358024	-7.785957200032328e-12	-0.00847510258412151	1.2651829124784186e-11	0.009175313493725653	-1.8279723135375402e-11	-0.009996373103759174	2.0527936098995328e-11	0.01095443410971269	-2.086518036663973e-11	-0.012072364655828628	2.098438543263761e-11	0.013380932184170096	-2.0186615875434805e-11	-0.014921455927487223	1.3140755820151142e-11	0.016750279982417814	-7.694462879214645e-12	-0.01894617515455471	5.445641757850199e-12	0.021622911861619253	6.342353713982081e-12	-0.024951626254909477	-2.4307566860441595e-11	0.029203165157700692	4.214891310584182e-11	-0.0348353313879315	-9.09658810190874e-12	0.04269500239996865	-6.108663751168312e-11	-0.05456584809019956	-1.6947455868372195e-11	0.07500663625507743	-6.113658268109631e-13	-0.12049126748724948	5.797691362414481e-13	0.3373816416651633	0.49999999999948797	0.28760013771111714	5.398267320849606e-13	-0.07788155252755084	-4.927994930270997e-13	0.03676635076928241	4.618253716253442e-13	-0.018928862958970963	-4.1998607274320195e-13	0.008203708009904834	4.0886944437795725e-13
-2.2551526266263815e-11	-0.00017095155784859796	2.2909428564139072e-11	0.0003519373690928357	-2.126940161151723e-11	-0.0005473134991195857	1.931853209803205e-11	0.0007637807141944161	-1.8914225497233888e-11	-0.0010096660759555162	1.4826149370903417e-11	0.001295519087393565	-7.656108986169613e-12	-0.0016351315287454196	3.793514613914194e-12	0.0020470630473081713	-3.799670904325693e-12	-0.0025569836937640845	4.5584506687848894e-12	0.0032013529658164396	2.9656755272521534e-11	-0.004033504577456895	-4.9996205151866136e-11	0.0051341788186638395	5.796653362044918e-11	-0.006630831177359193	-3.7465300863717376e-11	0.008735509241829212	-3.321747303632682e-11	-0.011825490028374517	1.0318061123792859e-10	0.016633316853201473	7.59139470150354e-11	-0.024765005349597823	5.295935231801943e-12	0.04048702557094085	-6.018530446805292e-13	-0.07972154462213309	5.268396400952925e-13	0.28760013771111714	0.4999999999994658	0.33922405491518604	4.070364793515448e-13	-0.12421094631165885	-2.816789757127452e-13	0.08085347294548859	1.7821491032273574e-13	-0.0630593804706871	-8.834405673794379e-14	0.05487566608306168
0.006819510478352667	5.5167411254941055e-12	-0.007239203846718502	-1.2944610249308984e-11	0.007772095847818479	1.8375299673895556e-11	-0.00840403185145206	-2.27607980861013e-11	0.009141141443780334	3.0374949628167324e-11	-0.009996372448402499	-3.8275369958791205e-11	0.010988013848927839	4.306717640626874e-11	-0.012140352875252393	-4.6231535897438405e-11	0.013485397087424723	5.067640610606799e-11	-0.01506575041088062	-5.490572465741703e-11	0.01693923083687697	3.1348346839306255e-11	-0.019186386541514822	2.1023987667568864e-12	0.02192319514966752	-5.7271769926398025e-11	-0.025323607216859126	1.1202919520541554e-10	0.02966218886102244	-8.637388887671064e-11	-0.03540193471710196	-1.5245980047039233e-10	0.04339726746844989	-2.6384605300266775e-11	-0.0554421640534047	9.217828669612245e-13	0.07611140585705246	-7.632870130526522e-13	-0.12190382006437012	5.398267320849606e-13	0.33922405491518604	0.4999999999993521	0.2851578099553713	5.243699456589779e-13	-0.07477038009328439	-4.919524734433947e-13	0.03265973260858435	4.680067260953146e-13	-0.013262026591306184	-4.4982333829990395e-13
-4.374850025896312e-11	0.00012994337663111105	4.5310629730314846e-11	-0.00026734340050042885	-4.716156651821988e-11	0.0004153590837338966	4.731487782651048e-11	-0.0005788488297065518	-4.364308137045154e-11	0.0007637848178245607	3.935042308675783e-11	-0.0009776391985323117	-3.286426311945833e-11	0.001230049615384935	1.7184562019598228e-11	-0.0015337972958718803	9.1865663903973e-12	0.0019062779938486222	-4.4608235004699075e-11	-0.002371744493333143	5.192240624266253e-11	0.0029648962902503948	-7.109936496930659e-11	-0.0037368372304371973	7.976483051960875e-11	0.004765437612213259	-5.891524777310215e-11	-0.006174371422720586	-2.1967592159472e-11	0.0081705576586969	1.478795586956865e-10	-0.011123979609015748	8.176068730791931e-11	0.015756399258317604	2.6759293151109608e-12	-0.023658454299055793	6.8631663659023e-13	0.039072357682199695	-4.3812357355283126e-13	-0.07788155252755084	4.070364793515448e-13	0.2851578099553713	0.4999999999996399	0.34234214953768155	2.2962964627144956e-13	-0.12833005098932335	-1.5310889470566493e-13	0.08657500043272466	7.394626830990899e-14	-0.07160829448600667
-0.00628959869008562	6.0291231077078994e-12	0.00667453562863485	-1.0793681620445793e-11	-0.007161320891840059	1.8013397337703142e-11	0.007736247323994383	-2.6688001427314806e-11	-0.008404035244059374	3.2061911390123995e-11	0.009175315506417847	-3.7048012195294874e-11	-0.01006509942909594	4.444899307803467e-11	0.011093121060788197	-4.9182158050001113e-11	-0.012285000795113389	4.52889320791176e-11	0.013674186401801038	-2.1608438346425066e-11	-0.015304996037704398	1.529689004296166e-11	0.017237387434416947	6.745060299240149e-12	-0.01955465875299634	-2.7472013229321868e-11	0.022376397734449882	4.658711822664621e-11	-0.02588139851322467	-4.4707419926099726e-11	0.03035090871046675	-6.586677317275608e-11	-0.03625751255106641	-9.313448204212096e-12	0.044469928036000396	-1.1660331385164711e-12	-0.05680318776561121	5.335364081679317e-13	0.07786556465468517	-4.927994930270997e-13	-0.12421094631165885	5.243699456589779e-13	0.34234214953768155	0.4999999999994476	0.28082552784106396	4.689693540507945e-13	-0.06887362936542293	-4.4650317925319225e-13	0.024143255013528764	4.3055771621614003e-13
8.102037941162858e-12	-9.345449623020333e-5	-8.69329951417591e-12	0.000192172651530753	1.0181287357373923e-11	-0.00029835126701178733	-1.1396553056595786e-11	0.0004153640817209826	1.1061147437340353e-11	-0.0005473226155683513	-1.180761758864135e-11	0.0006993207247203566	1.2747955291799823e-11	-0.0008778587332095905	-8.536766773430994e-12	0.0010914579269465294	-1.8822389183751368e-12	-0.001351569857371068	1.7908520056044793e-11	0.0016739309065646037	-9.482090215904417e-12	-0.0020806793196901587	1.3635611544711084e-11	0.002603763158482938	-1.697606035948478e-11	-0.0032906451191835034	1.6508051121590334e-11	0.004214280514166762	2.781776258425584e-12	-0.005491582193028091	-2.797289506936332e-11	0.007319900029846127	-1.2024628340970933e-11	-0.010055171344044194	2.8078542584927046e-12	0.014397802514597113	2.8203620322216576e-13	-0.021905508722814694	3.6564823811858146e-13	0.03676635076928241	-2.816789757127452e-13	-0.07477038009328439	2.2962964627144956e-13	0.28082552784106396	0.499999999999824	0.34825941095232965	1.0287140278959709e-13	-0.13691081629795646	-4.833151235253256e-14	0.10026696548472486
0.005830425407178578	-6.820897923751215e-12	-0.006185785693465147	1.2610733691299064e-11	0.006633804176807664	-2.0991284414221408e-11	-0.007161330203627498	3.1060720667402776e-11	0.007772107981739231	-3.8078892872045176e-11	-0.008475112011562235	4.5289781978710694e-11	0.009283023860219399	-5.5771712090798955e-11	-0.01021238822920482	6.323387588709087e-11	0.011284438534518429	-6.149767212470088e-11	-0.012526482759806095	3.328792535360064e-11	0.013974038897513568	-2.5164450921358037e-11	-0.015674075878818767	-3.634818080274667e-12	0.01769004462625705	3.417608614033942e-11	-0.020109947770388735	-6.76393745010066e-11	0.023059846496394178	6.186152218538159e-11	-0.026727635854071823	7.978009041691464e-11	0.031407725745628244	5.498468726983554e-12	-0.03759245176686822	-5.777950012773863e-13	0.04618117840475771	-7.682521688254305e-13	-0.059037855311776785	4.618253716253442e-13	0.08085347294548859	-4.919524734433947e-13	-0.12833005098932335	4.689693540507945e-13	0.34825941095232965	0.4999999999995144	0.27188383206295436	4.514974964017684e-13	-0.055066235428960636	-4.3869335247803676e-13
2.4734077348722243e-11	6.0255253150094256e-5	-2.515209927834516e-11	-0.0001238514442885081	2.4252039447729793e-11	0.00019217521297125694	-2.2460485861979815e-11	-0.0002673500609272586	2.0279207873317226e-11	0.0003519473644259547	-1.5614887850526947e-11	-0.0004491304191646714	8.651348514163917e-12	0.0005629050543887001	-2.6985852472082164e-12	-0.0006984788292634929	-1.7892546076231452e-12	0.0008627862107015911	4.932059836154555e-12	-0.0010652576820503043	-2.7085009409525975e-11	0.001319001645353116	3.869527095747419e-11	-0.0016426672481432171	-4.299461645412787e-11	0.0020634822825094444	2.844948642060312e-11	-0.0026223896506211717	9.450966566294695e-12	0.003383157068708563	-7.366211486704259e-11	-0.004449428987026041	-3.429852211699803e-11	0.005998834703106889	8.859077592011542e-14	-0.00835685318877346	7.344791434439533e-13	0.01217497356049422	-1.6529942520285735e-13	-0.018928862958970963	1.7821491032273574e-13	0.03265973260858435	-1.5310889470566493e-13	-0.06887362936542293	1.0287140278959709e-13	0.27188383206295436	0.4999999999999374	0.36214948598905483	3.33675407386525e-14	-0.16163018563708859
-0.0054392387537891265	1.5142026461028854e-12	0.0057698394296646985	-1.9610488175013833e-12	-0.006185790626736453	4.8941150022230545e-12	0.0066745493760002024	-9.560804404620391e-12	-0.007239219593021407	1.1497114108774484e-11	0.007887633958728026	-1.4376416948352078e-11	-0.00863087155857379	2.1915183807761457e-11	0.00948331064421259	-2.8097374086416096e-11	-0.010463255733390284	2.810116119481225e-11	0.011594001092326008	-3.2688922218797106e-12	-0.012905451442349287	7.631305294352715e-12	0.014436521966018257	1.0476424253050446e-12	-0.016238750146860895	-3.1600318037125886e-12	0.01838187223612881	1.1915790558805881e-11	-0.02096274621034574	-9.329260757560854e-12	0.024120208580297908	-9.425408580176054e-12	-0.02806111807213416	6.525593990394719e-13	0.03310898527710037	-1.3845494173484576e-12	-0.03980261142719304	4.1334050718983714e-13	0.049119051570695696	-4.1998607274320195e-13	-0.0630593804706871	4.680067260953146e-13	0.08657500043272466	-4.4650317925319225e-13	-0.13691081629795646	4.514974964017684e-13	0.36214948598905483	0.4999999999995404	0.24661670514304215	4.365522700278124e-13
-2.337365255837308e-11	-2.9327774614530612e-5	2.3889360031440773e-11	6.025845372862209e-5	-2.3493881348642927e-11	-9.346061137906631e-5	2.2274772765287656e-11	0.00012995317729264802	-2.0357762325682884e-11	-0.0001709646339417585	1.6575555900179e-11	0.0002179996890975671	-1.087385937181114e-11	-0.0002729550255568383	4.807549789500475e-12	0.00033828405696764144	1.4895783263525962e-12	-0.00041723598453342024	-7.994909806030121e-12	0.0005142022412971263	2.491885743336593e-11	-0.0006352434788244539	-3.6060349176544684e-11	0.0007889098141205519	4.109362672749291e-11	-0.00098755815337082	-2.950727257344809e-11	0.0012495357981064039	-6.455507823068718e-12	-0.001602957783483717	6.661427490665986e-11	0.0020925546292997624	3.057922098907304e-11	-0.002792822580446494	1.2114714256354172e-12	0.0038349491081699117	3.4304563646775265e-13	-0.0054669613351474204	1.032240948512288e-13	0.008203708009904834	-8.834405673794379e-14	-0.013262026591306184	7.394626830990899e-14	0.024143255013528764	-4.833151235253256e-14	-0.055066235428960636	3.33675407386525e-14	0.24661670514304215	0.4999999999999835	0.41805240418367934
0.00512800807299215	2.7755302758788032e-12	-0.005439253942739256	-6.6740058672549215e-12	0.005830445813717963	8.244076004101746e-12	-0.006289627677770382	-8.134009594413833e-12	0.00681954097856002	1.0524971510850862e-11	-0.007427314463926707	-1.1553280816707428e-11	0.008123038340010963	7.144823376667897e-12	-0.008919771555498375	-2.7768581179729622e-12	0.009834068297455884	2.1126200120617344e-12	-0.010886878053965047	-2.33562207084309e-11	0.012104909909854447	9.546658338258508e-12	-0.013522624911329505	-1.7626730831237294e-12	0.015185180910350034	-1.9553014928203917e-11	-0.017152876876068902	3.297960204083107e-11	0.019508072994619083	-3.4187133484374355e-11	-0.02236632498201679	-4.1172313618880775e-11	0.025895078408778804	-6.106011394202068e-12	-0.030346612118656413	-6.274085526287998e-14	0.03611997670325557	-5.298041736226389e-13	-0.04388691549187745	4.0886944437795725e-13	0.05487566608306168	-4.4982333829990395e-13	-0.07160829448600667	4.3055771621614003e-13	0.10026696548472486	-4.3869335247803676e-13	-0.16163018563708859	4.365522700278124e-13	0.41805240418367934	0.499999999999571
