0.9021447412095389
0.9013692020582851
0.9000618116405809
0.8981994922466804
0.8957484356321104
0.8926628397610675
0.8888833817108054
0.8843353623451841
0.8789264652543738
0.8725441069655129
0.8650524122658431
0.8562889401356277
0.8460614372058036
0.8341451417167932
0.8202815436528781
0.8041800647063745
0.7855248606213008
0.7639897753616371
0.7392650844507167
0.7110993851108748
0.6793577290792645
0.6440916392532661
0.605607762065852
0.5645121716475382
0.5217033554392029
0.47829664456081866
0.43548782835242217
0.394392237934168
0.3559083607467415
0.32064227092073383
0.2889006148891189
0.2607349155492803
0.23601022463836532
0.21447513937869717
0.19581993529362657
0.17971845634712263
0.16585485828320218
0.15393856279419457
0.14371105986437008
0.13494758773415358
0.12745589303448537
0.12107353474562418
0.1156646376548143
0.11111661828919164
0.10733716023893033
0.10425156436788793
0.10180050775331742
0.09993818835941645
0.09863079794171373
0.09785525879045796
