-0.011104061164943932	0.022237072212972372	0.03341686499036728	0.0446433191955168	-0.055897081460761854	-0.06714218443133298	-0.07833012546274283	0.08940372857266343	-0.10030011349687401	0.11095272243827484	-0.1212926164339479	-0.13124932193825228	0.1407515094887198	-0.14972777350022098	0.15810776687515896	0.1658239223383462	-0.17281395236851876	-0.1790242329080025	-0.18441398567962103	-0.1889598016921944	-0.19265945347761368	0.19553325417117726	-0.19762088646241235	0.1989723670575179	-0.1996340985765112	-0.1996340985767025	-0.19897236705734972	0.19762088646247658	0.19553325417113526	0.19265945347758992	0.18895980169220053	0.18441398567971698	-0.17902423290798308	0.1728139523684972	0.16582392233837728	0.15810776687510517	0.14972777350016406	0.14075150948872828	0.1312493219382105	0.12129261643397268	-0.11095272243826267	-0.10030011349688081	-0.0894037285726994	-0.07833012546273421	0.06714218443131682	-0.05589708146080522	-0.04464331919551786	-0.03341686499038507	-0.022237072213005606	-0.011104061164954524
-0.022545303681204984	0.04489000885670344	0.06681137457915322	0.08805236443898472	-0.10832260399460664	-0.1273088144670311	-0.14468911896768444	0.1601472206449814	-0.17338468858613554	0.18413103619790985	-0.19215190161727116	-0.1972557954539371	0.1992998348339523	-0.19819475331437625	0.19390930020716526	0.1864739315866303	-0.17598345679413416	-0.162598045719294	-0.14654174335039613	-0.12809745819019872	-0.10759749455097244	0.08540942103332869	-0.06191867391610836	0.03751149564116814	-0.012563319325958387	0.012563319325964628	0.03751149564116644	-0.061918673916122054	-0.08540942103331055	-0.10759749455096532	-0.12809745819021254	-0.14654174335047926	0.16259804571927816	-0.17598345679411792	-0.18647393158666697	-0.19390930020710107	-0.1981947533143082	-0.19929983483396801	-0.1972557954538777	-0.192151901617315	0.18413103619789387	0.1733846885861521	0.16014722064504547	0.14468911896766815	-0.12730881446700199	0.10832260399469286	0.0880523644389864	0.06681137457918811	0.04489000885676994	0.022545303681225808
-0.034419994303312	0.06788660239705575	0.0994337018126838	0.12808767750730016	-0.15289604642296517	-0.17297222892093522	-0.1875451571443138	0.19600501167727874	-0.19794044496354635	0.19316550126918944	-0.18173586550141987	-0.1639546222598868	0.1403678442460953	-0.11175029992991657	0.0790815012232338	0.04351229762436899	-0.006322354499454893	0.031130776591977587	0.06746956458535772	0.10135873897333428	0.13156746022737426	-0.15702503510178845	0.17686268610237346	-0.1904354819129188	0.19732410514158125	0.19732410514177187	0.19043548191274948	-0.17686268610243944	-0.15702503510176075	-0.131567460227359	-0.10135873897333413	-0.06746956458539352	0.031130776591983527	0.00632235449945153	0.04351229762436515	0.07908150122319436	0.11175029992987602	0.14036784424609663	0.16395462225982724	0.1817358655014551	-0.19316550126916626	-0.19794044496355864	-0.19600501167734086	-0.18754515714427838	0.17297222892088499	-0.1528960464230796	-0.12808767750729338	-0.09943370181272648	-0.06788660239714946	-0.03441999430334204
-0.04642614207120284	0.0903623492146123	0.1293960219340986	0.1612939879111456	-0.18413285952266473	-0.1964395922687387	-0.19731717370568044	0.18653542726251401	-0.16457543165672264	0.13262319809033438	-0.09251323542841502	-0.04662610875935734	-0.002253312931283131	0.05110816400238049	-0.09688197350555763	-0.13667920721130036	0.1679608112339316	0.18872073706067197	0.19762911911728429	0.19412843922731446	0.17847138629684087	-0.15169427068487362	0.11552854124477581	-0.07226404987814493	0.024586685293132876	-0.024586685293121205	-0.07226404987811678	0.1155285412447819	0.1516942706848239	0.17847138629681203	0.194128439227319	0.19762911911738668	-0.1887207370606562	0.16796081123391807	0.13667920721134513	0.09688197350555058	0.05110816400237537	0.002253312931312723	-0.04662610875930992	-0.09251323542840913	0.13262319809029202	0.1645754316567063	0.186535427262535	0.19731717370561191	-0.19643959226865282	0.18413285952277927	0.16129398791111732	0.1293960219341375	0.09036234921472218	0.04642614207123865
-0.058303848076837146	0.11154320161791348	0.15501934081214314	0.1847779730522499	-0.1979808445437003	-0.19321873696391337	-0.1707086606753403	0.13233506511652937	-0.08151996043958906	0.022930495198591996	0.03794829810381026	0.09533360670033689	-0.1437064183573113	0.1783587401109751	-0.19587108944659265	-0.19447023641853417	0.174227212356423	0.1370700000239295	0.08660351856986923	0.027750621879373646	-0.033749648237075436	0.09192915491009694	-0.14119091911575218	0.1768488122679361	-0.1955494737305645	-0.19554947373075782	-0.17684881226776564	0.14119091911582632	0.0919291549100985	0.033749648237078884	-0.027750621879378004	-0.08660351856991244	0.1370700000239058	-0.1742272123564083	-0.19447023641857894	-0.195871089446546	-0.17835874011093292	-0.14370641835735834	-0.09533360670035114	-0.037948298103856096	-0.02293049519854425	-0.08151996043954554	-0.13233506511649937	-0.1707086606752512	0.19321873696379763	-0.1979808445437959	-0.18477797305219765	-0.15501934081217442	-0.1115432016180313	-0.05830384807687516
-0.0699737518838042	0.13103732405751795	0.17532313554398277	0.1969816643610676	-0.19298201607235488	-0.16360191129637333	-0.11249483927008873	0.04628875866028041	0.026248445418043085	-0.09536915311392541	0.15167203590501807	0.1874073183264832	-0.1975750685072189	0.18065680869111891	-0.13886959623011622	-0.07789683241133079	0.006123416931433079	-0.0665248060692206	-0.12997593285750392	-0.175438928956074	-0.19664848135119678	0.1907372123591222	-0.15860509904692838	0.10474487886444209	-0.0365774961047178	0.03657749610473526	0.10474487886442892	-0.15860509904696815	-0.19073721235908236	-0.19664848135117263	-0.1754389289560684	-0.1299759328575571	0.0665248060692074	0.006123416931457516	0.07789683241135846	0.13886959623008835	0.18065680869109307	0.1975750685072683	0.1874073183264636	0.1516720359050855	-0.09536915311395701	-0.026248445418089468	0.046288758660222105	0.1124948392700152	-0.16360191129626026	0.19298201607243648	0.19698166436100972	0.17532313554402176	0.13103732405764856	0.06997375188384664
-0.0813832929522921	0.14853035914579274	0.18958689829758488	0.19713782785100184	-0.1695976314743969	-0.11163293051428412	-0.033464659957253715	-0.050881109448188355	0.12608117955652623	-0.1783247472505806	0.19789573085342818	0.18103252699850161	-0.13069948665349956	0.05610540607606613	0.02896043059036094	0.10867780532180332	-0.1681587320204452	-0.19626271835724277	-0.18771916052874585	-0.14413665056604089	-0.07369344903084885	-0.010431364442658525	0.0925670418341848	-0.1574927924099457	0.19323838345919403	0.19323838345939315	0.15749279240977912	-0.0925670418342772	-0.010431364442707933	0.07369344903080655	0.1441366505660217	0.18771916052881396	-0.19626271835719858	0.16815873202040918	0.10867780532183004	0.028960430590367563	-0.056105406076056255	-0.1306994866534964	-0.1810325269984386	-0.19789573085347922	0.17832474725058073	0.12608117955656065	0.050881109448264975	-0.03346465995719834	0.11163293051417095	-0.16959763147443382	-0.19713782785092057	-0.18958689829761574	-0.1485303591459181	-0.08138329295232791
-0.0924859246646799	0.1637482194428147	0.19731164597497053	0.18523143609581177	-0.13005486350827422	-0.04441828229501335	0.05174364703436255	-0.13580033837607786	0.1877765786678384	-0.19516582483968695	0.15601988971712105	0.0795308569626751	0.016076661537712384	-0.10786870209264708	0.1737163086230343	0.1976686750287926	-0.17386632286594692	-0.108015237520899	-0.016033539793191182	0.07981617540720193	0.15635846926074976	-0.19514700557860565	0.18691193183521565	-0.1337316228988257	0.04845002427687862	-0.04845002427688664	-0.13373162289879323	0.1869119318352763	0.19514700557859121	0.15635846926075897	0.07981617540721986	-0.016033539793178363	0.10801523752085826	-0.1738663228659311	-0.19766867502885002	-0.1737163086230227	-0.10786870209264637	-0.01607666153778061	0.07953085696258899	0.15601988971712508	-0.1951658248396492	-0.18777657866784916	-0.13580033837615582	-0.05174364703439641	-0.044418282294904625	0.13005486350824944	0.1852314360956996	0.19731164597498158	0.16374821944292053	0.09248592466470468
-0.10323356067782048	0.17644630102442938	0.19821591617454323	0.161974853536309	-0.07810685662479615	0.028870044874499325	0.1273712997177986	-0.18806811901013054	0.19269667036091045	-0.13966584450388633	0.04470039015497746	-0.06375263634689285	0.1530264046802562	-0.19610244452391834	0.1798482498950537	0.10908866889183959	-0.005222716069657221	0.1002382138117289	0.17526061180811892	0.19706709516167123	0.15908147878355913	-0.07289491754103752	-0.03532843931743544	0.13284698582049567	-0.19024495641247613	-0.19024495641267392	-0.13284698582031035	0.0353284393175094	-0.07289491754098519	-0.1590814787835256	-0.19706709516166157	-0.1752606118081869	0.10023821381171057	0.005222716069689342	0.10908866889188046	0.17984824989503406	0.19610244452390704	0.15302640468033862	0.0637526363469449	-0.04470039015494464	0.13966584450383404	0.19269667036090146	0.18806811901019155	0.12737129971780506	-0.028870044874586602	-0.07810685662471697	-0.1619748535361792	-0.19821591617453788	-0.17644630102451275	-0.10323356067784006
-0.1135834227301225	0.18642648839152448	0.19226510780680148	0.12878979060406323	-0.01870576576887358	0.0982129776134902	0.17941707951325414	-0.19511899453968162	0.13935602542744793	-0.032399941850822365	-0.08651029715190826	-0.17353662984125165	0.19644647929474418	-0.14663738052677586	0.04245753149894896	-0.07749451338421688	0.16866582677971118	0.19713963017334463	0.15230908520737077	0.05085532193144541	-0.06948557316626573	0.16401748099912455	-0.19772085518098825	0.1581951886860196	-0.06014399853316625	0.06014399853317885	0.15819518868596902	-0.1977208551810657	-0.16401748099912872	-0.0694855731662886	0.05085532193142547	0.15230908520740802	-0.19713963017327973	0.16866582677965808	0.07749451338422773	-0.04245753149893455	-0.14663738052676484	-0.19644647929478767	-0.17353662984123974	-0.08651029715196062	-0.03239994185077769	-0.1393560254274275	-0.19511899453971548	-0.17941707951324018	0.098212977613546	0.01870576576875297	0.12878979060393234	0.19226510780678913	0.18642648839158996	0.11358342273014668
-0.1234954609751398	0.19353488747574984	0.17966513068097417	0.08771091243092827	0.04247995815204802	0.15412502106285308	0.19823993788991048	-0.15525304441912763	0.04387817311824725	0.08687598941161143	-0.17921429014425	-0.19214871599225958	0.11980557155285343	0.005788849181997944	-0.128813390609051	-0.19446233282673409	0.17342027557125891	0.0750254241939447	-0.05684092595249254	-0.1633500828511754	-0.19702451951811006	0.14292030932343316	-0.025207971956933306	-0.10370693547201607	0.18654413836575176	0.1865441383659498	0.10370693547181434	0.025207971956881493	0.14292030932338873	0.1970245195180974	0.1633500828511803	0.05684092595252665	0.07502542419391059	-0.17342027557125042	-0.19446233282679568	-0.12881339060905575	-0.005788849181997696	0.1198055715528385	0.19214871599220174	0.17921429014431245	-0.08687598941163967	0.043878173118221724	0.1552530444191324	0.19823993788989294	-0.15412502106287826	0.042479958152202374	-0.0877109124308047	-0.17966513068096052	-0.19353488747579975	-0.1234954609751752
-0.13293139768502799	0.19766194024623737	0.16085181610641658	0.041256359783835274	0.09961250683436222	0.18895905605289692	0.18035331152415995	-0.0780550311589087	-0.0648681629268593	0.17394961886687518	-0.19214880710397078	-0.10981145957378877	-0.030055028720617848	0.15414891074252313	-0.19729101513774805	-0.13673897428027992	0.004271805991874132	-0.13044105854622515	-0.1965049437107459	-0.15916306632511415	-0.03809713702844719	-0.10299962829250978	0.1900017291986699	-0.17729517291606597	0.07161166052229027	-0.07161166052228493	-0.17729517291598046	0.19000172919876804	0.10299962829255124	-0.03809713702840001	-0.1591630663250877	-0.19650494371080687	0.1304410585461991	0.004271805991906421	0.13673897428032206	0.19729101513773134	0.1541489107425124	0.03005502872068741	-0.10981145957370625	-0.19214880710400795	0.1739496188668712	0.06486816292688384	-0.07805503115887374	-0.1803533115241306	0.18895905605287625	-0.09961250683453067	0.04125635978372094	0.16085181610639032	0.1976619402462512	0.13293139768506382
-0.14185466232700636	0.19874374490141872	0.136475429819443	-0.007726909059157105	0.14724170032107198	0.19795174916489286	0.12906983475536096	0.017911772719779052	-0.15400016338715972	0.19654322859139423	-0.11955526460995494	0.030218324409784933	-0.16154696972165267	0.19427299377483984	-0.10833242737390301	0.043819849628933906	-0.16916022152544727	-0.19099210353917234	-0.09594195909688948	0.057820719206925	0.17622279099410093	-0.18689364644151107	0.08337869796518428	0.07105160208565091	-0.1821410073425522	-0.1821410073427584	-0.07105160208545352	-0.08337869796514073	-0.18689364644147477	-0.17622279099411522	-0.057820719206952524	0.09594195909689107	-0.19099210353910143	0.16916022152540314	0.04381984962895641	-0.10833242737386246	-0.19427299377481308	-0.16154696972172133	-0.03021832440984643	0.11955526460994202	-0.19654322859134435	-0.15400016338716263	-0.017911772719842737	0.12906983475531764	-0.19795174916481384	0.14724170032122796	0.007726909059252741	-0.13647542981939956	-0.19874374490137667	-0.14185466232702917
-0.15023077366478627	0.1967635236569942	0.10737891084465125	-0.05623663902258666	0.1808237026471101	0.17987343186485227	0.05388606958144729	0.10957142215639822	-0.19656637398056892	0.14628141889013183	0.006254283083533557	0.15437233853797794	-0.19430703920446235	0.09798819753013792	0.06707398813613427	0.18501395950501556	-0.1729623595575749	-0.03935736557575083	0.12191028449852746	0.19750026179714206	0.1343199113030528	0.023210057810099615	-0.16447449711278206	0.19038139610919574	-0.08280890413605436	0.08280890413609743	0.1903813961090997	-0.16447449711287684	-0.023210057810115328	0.13431991130305507	0.1975002617971459	0.12191028449856206	0.0393573655757514	-0.17296235955759454	-0.18501395950508448	-0.06707398813614297	0.09798819753015407	0.1943070392045107	0.15437233853798163	0.006254283083562	0.14628141889008775	0.19656637398057125	0.10957142215647049	-0.05388606958142612	0.17987343186476248	-0.18082370264726216	-0.056236639022653225	0.10737891084462384	0.19676352365693137	0.15023077366482293
-0.15802742504609177	0.1917517977068927	0.07456861934117119	-0.10129938875983228	0.19715457853819282	0.137196290678601	-0.03127601531531562	0.17488402611722995	-0.17969605916713186	0.041795571293021166	0.12927998218135986	0.1974224320584633	-0.10831303823568483	-0.06709922801148593	0.18895599625274323	0.16000602481974113	-0.0033223149557275507	0.1560019920391767	0.1907274570372757	0.07312746534049615	-0.10288058484649862	0.1968026072466935	-0.133733622373925	-0.035986571734571274	0.17705010202184354	0.17705010202207253	0.03598657173441534	0.13373362237386513	0.19680260724666518	0.1028805848465494	-0.07312746534043026	-0.1907274570372872	0.15600199203912934	0.0033223149557454457	0.16000602481975695	0.18895599625271509	0.0670992280114718	-0.10831303823564153	-0.1974224320583879	-0.1292799821814089	-0.04179557129296087	-0.1796960591671005	-0.17488402611728593	-0.03127601531533367	-0.1371962906784793	0.19715457853830165	0.10129938875986226	-0.07456861934113981	-0.19175179770677228	-0.15802742504611972
-0.16521454194508778	0.1837857837933856	0.03917933345975548	-0.14015304477026497	0.19467627654871691	0.07575665431713842	-0.1106466084204333	0.19814486471567574	-0.10849041124241542	-0.07818313211830151	0.19476125214183365	0.13675090794534503	0.04387841479434322	-0.18507284061029447	0.16005303703005958	-0.008738689884634082	0.16964916576471328	0.17804862705373764	0.026380618819487393	-0.14901480484219612	-0.19049554075615416	0.06080954096277728	0.12353108287511061	-0.1970094362534473	0.09369324140046963	-0.09369324140056731	-0.19700943625333728	0.12353108287519388	-0.06080954096279966	-0.19049554075621283	-0.14901480484222043	0.02638061881951626	-0.17804862705373473	0.1696491657647123	0.008738689884644836	-0.16005303703006252	-0.18507284061030924	-0.04387841479442232	0.13675090794527997	0.1947612521419143	-0.07818313211834746	0.10849041124240116	0.19814486471573697	0.11064660842045267	0.07575665431702472	-0.19467627654880273	-0.14015304477027254	0.039179333459731375	0.18378578379323166	0.16521454194512952
-0.17176439557746206	0.172988202441897	0.002435004739223449	-0.17041611193416004	0.17362524978913632	0.003956806695973131	-0.16952826078596886	0.17376070806742946	-0.00448011091818222	-0.16918067670704798	0.1735514862228497	0.004233350206743729	0.16925282285704346	-0.17309710402571624	0.003429312178452103	-0.16963324357665688	0.1725008396466529	0.0022896085245336776	-0.17021647358282438	-0.17192845043882093	-0.0011350374369121666	-0.1708416373881157	0.17155339976834458	-0.0002991268485608203	-0.17129018095621334	-0.17129018095646087	0.000299126848678222	-0.17155339976827433	-0.17084163738808653	0.001135037436858455	0.1719284504387402	0.17021647358280767	0.0022896085245488343	-0.17250083964663607	-0.16963324357666976	0.0034293121784644254	0.1730971040257204	0.16925282285708887	-0.004233350206716358	-0.17355148622290414	0.16918067670704398	-0.004480110918188049	-0.17376070806745733	-0.16952826078596794	-0.003956806695883147	0.17362524978917132	0.17041611193412862	-0.002435004739206151	-0.1729882024416954	-0.1717643955775069
-0.17765171877938274	0.15952540600378118	-0.03439354286704049	-0.19023364194644232	0.13600983880944506	-0.06838415384685927	-0.19701757127102995	0.10759484384661945	0.10088486693542213	-0.1974658395422448	0.07509147221644782	-0.13050830671243005	0.19118542681946343	-0.03958078711108108	-0.15593098833891272	-0.17814260353135677	0.002373147543999727	-0.176013061183523	-0.1587242622955415	0.03502145658969131	0.1898758018975406	-0.13374573754384544	-0.07100898465877366	0.19695432972701207	-0.10422349580766847	0.1042234958077926	0.19695432972688426	-0.07100898465887219	0.13374573754387395	0.1898758018976388	0.03502145658975289	-0.15872426229558328	0.17601306118352067	0.002373147543994941	0.178142603531384	0.1559309883389191	-0.03958078711108372	-0.1911854268194732	-0.13050830671242092	0.07509147221646581	-0.19746583954221997	-0.10088486693540873	0.10759484384661866	0.19701757127103683	-0.06838415384692374	-0.1360098388094414	-0.1902336419464008	-0.03439354286705699	0.15952540600355475	0.177651718779459
-0.18285380306600155	0.1436048154019347	-0.0700325648004118	-0.19839092925946303	0.08541866676467223	-0.13137314201064534	-0.18802422135939623	0.01555721693843361	0.1757449056236355	-0.15255378382803012	-0.056792833100014276	-0.19668366309646879	0.09627174854648468	0.12172728055006558	-0.19085987146500194	-0.026622609727842503	-0.1701342736181219	-0.15877151941459997	0.04680802823926788	0.19514865683446914	0.10481226643280193	0.1137425434716076	-0.19329321781061518	0.036574659773959406	0.1648829195465863	0.1648829195468246	-0.03657465977409134	0.1932932178105779	0.11374254347156075	-0.10481226643281825	-0.19514865683443405	-0.04680802823920366	-0.15877151941462755	0.1701342736181107	-0.02662260972787466	-0.19085987146503608	-0.12172728055006257	0.09627174854646921	0.19668366309643712	0.05679283310003181	0.15255378382801182	0.175744905623624	-0.015557216938410015	-0.18802422135942662	0.1313731420106813	0.08541866676463925	0.19839092925942917	0.07003256480043156	-0.14360481540169628	-0.1828538030661264
-0.18735058302298818	0.12547171826071474	-0.10324945803711826	-0.1943879766908019	0.026678286912069343	-0.17639601243112477	-0.14421355410583336	-0.08022122518492707	0.1974642862951196	-0.051092638592718426	-0.16339783468394162	-0.15952559384556633	-0.05748007081006347	0.19756422991195285	-0.07348442039720299	0.14881305472181947	-0.17203544301293489	0.03485949174623803	0.1951175975231815	0.09436755452439634	-0.13264552712984365	0.18230501743753502	0.01183112786504231	-0.19021791651523273	0.11435986000858604	-0.11435986000873137	-0.190217916515069	0.01183112786514303	-0.1823050174375454	-0.13264552712991257	0.09436755452433535	0.1951175975231647	-0.034859491746185994	-0.17203544301292995	-0.1488130547217883	0.0734844203972635	0.19756422991195358	0.057480070810066855	-0.15952559384554987	-0.16339783468397778	-0.05109263859274313	-0.19746428629512447	-0.08022122518495213	0.1442135541059096	-0.17639601243113268	-0.026678286912028174	-0.19438797669079988	-0.1032494580371443	0.1254717182604838	0.18735058302318344
-0.19112471338810982	0.10540548926654494	-0.13289539215048615	-0.17847014300992667	-0.03460728487070788	-0.19729559816761846	-0.07369819324508904	-0.15671004021499704	0.15947563838091564	0.06930767749003883	-0.19727211225143093	-0.038556158831857014	-0.1761019499699286	0.13468095988230377	0.10253088766862739	0.19056673210023686	-0.0014239130783366015	0.18976285494619585	0.10489631242763892	-0.13258033011763629	-0.17724024546251074	-0.03591239023988611	0.1969153868478732	-0.07160946147127284	-0.15785251653148352	-0.15785251653174334	0.07160946147135741	-0.19691538684786478	-0.03591239023987857	0.17724024546253822	0.13258033011766046	-0.10489631242765195	0.18976285494617243	0.0014239130783066417	0.19056673210020256	0.10253088766860653	-0.13468095988227063	-0.1761019499699073	0.0385561588318307	0.19727211225144253	-0.06930767748999207	0.1594756383808964	0.15671004021500706	-0.07369819324516898	0.19729559816756473	-0.03460728487076198	0.1784701430099195	0.13289539215050372	-0.10540548926629696	-0.19112471338834391
-0.19416163641117964	0.0837152868524958	-0.15794504084348018	-0.151613101523165	-0.09259121365385596	-0.19121374635254051	0.010464204848794048	-0.19551708036694543	0.07326573483799237	0.1640168184044491	-0.14333773681501594	0.10266986555250568	-0.187096076988042	-0.022768882644665006	0.19672753872549076	0.06113018881397137	0.17061548110114097	0.13384648059366672	-0.11356049362207261	-0.18227201930153403	0.03586764973423733	-0.19763683350285555	0.048455674071534185	0.1770287099729463	-0.12406402297837549	0.12406402297852685	0.17702870997276202	0.0484556740714167	0.19763683350286773	0.0358676497342986	-0.18227201930149542	-0.11356049362205742	-0.13384648059369184	0.17061548110117905	-0.061130188813951325	-0.19672753872553403	-0.022768882644723806	0.18709607698800648	0.1026698655525445	-0.1433377368149898	0.16401681840440738	-0.07326573483793859	-0.1955170803669389	-0.010464204848738445	-0.1912137463524236	0.09259121365392574	-0.15161310152314136	-0.15794504084348968	0.08371528685222408	0.19416163641144502
-0.1964496380537143	0.06073529014341344	-0.1775320433896657	-0.11546303649922966	-0.14174165212516224	-0.15898218934364333	0.09268889760867831	-0.18731098306776686	-0.03509780780944375	0.1979277201602606	-0.025601674395465387	0.18995531842550656	-0.08374320048388924	-0.16423149700612405	0.1339375173820005	-0.12322092627721232	0.1715660766235355	-0.07076854202030348	-0.1931898341420309	0.011728885114615378	0.19682493436806706	-0.048463263228241446	-0.18208039781746244	0.10421504262687953	0.15022553942701192	0.15022553942726885	-0.104215042626949	0.18208039781748747	-0.04846326322824973	-0.19682493436812123	-0.01172888511465882	0.19318983414202495	-0.07076854202025193	-0.17156607662353912	-0.12322092627718964	0.13393751738207021	0.1642314970061599	-0.08374320048385873	-0.18995531842552466	0.0256016743954195	-0.197927720160226	-0.03509780780951094	0.1873109830677372	0.09268889760865222	0.1589821893434745	-0.14174165212523496	0.11546303649918897	0.17753204338966205	-0.06073529014311827	-0.19644963805400473
-0.1979798930326469	0.03681955002184138	-0.19097896873240497	-0.07223574188817528	-0.17736949544940295	-0.10500879923414967	0.15774995639310152	-0.13406494852536446	-0.1328486927505034	0.15847018968381169	0.10353006115971644	0.1774422722229545	0.07079078166625097	-0.19037855460592365	-0.03573334657063791	-0.19688001629765137	0.0004746404443548293	-0.1967622480835345	-0.03664500767093264	0.190048597843455	0.07160398840865433	0.17694676583930147	-0.10420065639383683	-0.15783412816133938	0.13329930902384543	-0.13329930902397022	-0.15783412816115328	-0.10420065639367627	-0.17694676583932203	0.07160398840858276	0.1900485978434433	-0.036645007670908177	0.196762248083499	0.0004746404442915951	0.19688001629758006	0.03573334657061474	-0.19037855460588915	-0.07079078166626686	0.17744227222291056	0.10353006115975708	0.1584701896837649	0.1328486927505504	-0.13406494852529355	-0.15774995639309136	-0.10500879923393334	0.17736949544944625	-0.07223574188810702	-0.19097896873236223	0.036819550021519105	0.19797989303293373
-0.1987464988302706	0.012336534242958786	-0.19782074501244257	-0.024580805802964886	-0.19607573635782563	-0.036674782952944004	0.19359972262453556	-0.04858227326215131	-0.19042961263119187	0.060270460932491804	0.18657907842004953	0.07170481633155698	0.18205975315622033	-0.08285083336260457	-0.17688934568395145	-0.09367752665821652	-0.17109275297686607	-0.10416014036438323	0.16469826380016017	0.11427864899589592	-0.157727256204898	0.1240058567507111	0.15017875543028672	-0.13328531873098082	-0.14203081262847927	-0.14203081262870948	0.1332853187310645	-0.1501787554303445	0.12400585675075596	0.15772725620497488	-0.11427864899588051	-0.16469826380016292	-0.10416014036443066	0.17109275297692914	-0.09367752665818237	-0.17688934568399028	0.08285083336255324	0.1820597531562197	-0.0717048163314876	-0.1865790784200703	-0.06027046093245744	-0.19042961263120575	0.048582273262062645	0.19359972262454767	0.03667478295271595	-0.19607573635783893	0.02458080580287887	0.19782074501236785	-0.012336534242616621	-0.19874649883055903
-0.19874649848203174	-0.01233654946743619	-0.19782074434911437	0.024580794322315882	-0.19607574115892487	0.03667474491405464	0.19359972853311197	0.048582271897214334	-0.1904296053827045	-0.06027050043182508	0.1865790662194212	-0.07170483055136367	0.18205975730778634	0.08285080803146572	-0.1768893587073603	0.09367751256755376	-0.17109275158078235	0.10416015455552267	0.16469825311452574	-0.11427865828170168	-0.15772725669247797	-0.12400584896582059	0.15017876358109938	0.13328531183995942	-0.1420308149442569	0.1420308149443259	0.13328531183980427	0.1501787635808868	0.1240058489658844	-0.15772725669239102	-0.11427865828175289	0.16469825311444725	-0.10416015455549603	-0.17109275158072446	-0.09367751256756511	0.1768893587073655	0.08285080803152797	-0.1820597573077118	-0.07170483055144979	0.18657906621934978	-0.060270500431858304	0.19042960538261022	0.04858227189731725	-0.19359972853307625	0.03667474491427649	0.19607574115883647	0.02458079432242241	-0.1978207443489427	-0.012336549467795624	0.19874649848225368
-0.19797989198914023	-0.0368195650116987	-0.19097896676539053	0.07223573111096364	-0.17736950939454968	0.1050087663976277	0.1577499730247546	0.134064947488304	-0.1328486731966214	-0.15847021454203966	0.10353002998842102	-0.17744227897100967	0.07079079158373094	0.1903785470620718	-0.03573337524813465	0.19688001486385712	0.0004746432327034145	0.1967622465101262	-0.03664502666473962	-0.19004859471211077	0.07160398765418567	-0.17694677030331238	-0.10420064574908355	0.15783413378163777	0.13329930656512318	0.1332993065653041	-0.15783413378175912	0.10420064574916171	-0.17694677030342615	-0.07160398765425431	0.1900485947121759	0.03664502666474976	0.19676224651018653	-0.0004746432327720426	0.19688001486387074	-0.03573337524814389	-0.19037854706213111	0.0707907915836781	0.177442278971095	-0.10353002998833656	0.1584702145420826	-0.13284867319648982	-0.13406494748841313	0.15774997302472243	-0.1050087663978258	-0.1773695093944105	-0.07223573111109298	0.19097896676517392	0.03681956501207406	-0.19797989198934357
-0.19644963631872578	-0.06073530466725638	-0.17753204018748162	0.11546302708645216	-0.14174167388349942	0.15898216619946087	0.09268892188454604	0.18731098260919782	-0.03509778186143348	-0.19792772116143073	-0.025601710661265105	-0.18995531415806452	-0.08374319086312179	0.16423151254474308	0.13393749593306462	0.12322093879059963	0.17156607801047033	0.07076852642728815	-0.19318983822086075	-0.011728873756433965	0.1968249344465495	0.048463253540378726	-0.18208040270851408	-0.10421503469993597	0.1502255415912367	-0.1502255415912436	-0.10421503469981658	-0.18208040270827291	-0.04846325354048047	0.19682493444647345	-0.011728873756349789	-0.19318983822077962	-0.07076852642729023	0.17156607801048235	-0.1232209387905324	-0.1339374959330728	0.16423151254469778	0.08374319086313939	-0.18995531415804728	-0.02560171066135213	-0.19792772116141602	0.03509778186126512	0.187310982609239	-0.09268892188447544	0.15898216619957017	0.14174167388326156	0.11546302708657127	-0.1775320401871631	-0.06073530466762816	0.1964496363188448
-0.1941616339909865	-0.08371530068597992	-0.1579450365172493	0.15161309405196513	-0.09259124114949994	0.19121373606551487	0.010464232274159383	0.19551708059836542	0.07326575933578032	-0.1640167951753403	-0.14333776203088747	-0.10266985251378785	-0.1870960735460091	0.022768910352698592	0.19672754161865297	-0.061130173591535816	0.17061547969896199	-0.13384649288717643	-0.11356047779465346	0.18227202369448275	0.03586765053847382	0.1976368338386092	0.048455661935901104	-0.17702871412860727	-0.12406402038497798	-0.12406402038510464	0.17702871412876248	-0.04845566193598919	0.1976368338387839	-0.035867650538444824	-0.18227202369459783	0.11356047779465911	-0.13384649288720565	-0.17061547969896926	-0.061130173591573744	0.19672754161872	-0.022768910352645323	-0.18709607354600438	0.10266985251374497	0.14333776203093906	0.16401679517533738	0.07326575933591614	-0.19551708059838238	0.01046423227409836	-0.19121373606556374	-0.09259124114922974	-0.1516130940520971	0.15794503651689443	0.08371530068635698	-0.19416163399108322
-0.19112471029195666	-0.10540550219670321	-0.13289538684889687	0.17847013793617475	-0.03460731548369403	0.19729560214853986	-0.07369816775297168	0.15671004107653272	0.1594756540168307	-0.06930763864564073	-0.19727211519823623	0.03855617379710578	-0.17610195480401505	-0.1346809394529984	0.10253091260312026	-0.19056672785242373	-0.0014239158736747447	-0.1897628502713323	0.10489632880065555	0.13258032168327297	-0.1772402451111837	0.035912400064235295	0.1969153880198343	0.07160945277754646	-0.15785251853597845	0.15785251853592988	0.07160945277745727	0.19691538801959635	-0.03591240006411788	-0.17724024511113692	0.13258032168319914	0.10489632880061135	0.1897628502713099	-0.0014239158737378917	0.19056672785237636	-0.10253091260312774	-0.13468093945303086	0.17610195480393562	0.03855617379718579	-0.19727211519819246	-0.06930763864560043	-0.1594756540168777	0.1567100410764633	0.07369816775301964	0.1972956021484665	0.03460731548338514	0.17847013793626823	-0.13289538684846997	-0.10540550219705565	0.19112471029197634
-0.18735057926187434	-0.1254717300872692	-0.10324945194361083	0.19438797432373744	0.026678256098520932	0.17639603014113303	-0.1442135352741039	0.08022122646230213	0.19746428833413984	0.05109267864611987	-0.16339781405803824	0.15952560288437104	-0.05748008095473943	-0.1975642310931105	-0.07348439330467678	-0.14881306528053348	-0.17203544441665078	-0.0348594752752511	0.19511759440140594	-0.09436756448253786	-0.13264552777012137	-0.1823050136055764	0.011831140337574006	0.19021791905515317	0.11435985728693032	0.11435985728697323	-0.19021791905534163	-0.011831140337520325	-0.1823050136057788	0.13264552777016642	0.09436756448261867	-0.19511759440143206	-0.03485947527529993	0.17203544441671886	-0.14881306528053148	-0.07348439330468143	0.19756423109316132	-0.057480080954714304	-0.15952560288445852	0.16339781405800205	-0.05109267864615111	0.19746428833414548	-0.08022122646222556	-0.14421353527415684	-0.17639603014102337	0.026678256098823447	-0.1943879743238502	0.10324945194317782	0.1254717300876251	-0.1873505792618881
-0.18285379865009174	-0.14360482593496265	-0.07003255813529688	0.1983909297541476	0.08541863869987576	0.1313731710183865	-0.1880242126650617	-0.01555721554021744	0.17574489346430794	0.1525538102616376	-0.056792798061102594	0.19668366143658567	0.09627173926604213	-0.12172730253946193	-0.19085986386331394	0.026622593879416085	-0.17013427218888963	0.15877152934843305	0.04680800947254612	-0.19514865503258427	0.10481226575607777	-0.11374255164272934	-0.19329321515368683	-0.03657465060747938	0.16488292138563232	-0.16488292138552108	-0.036574650607428295	-0.1932932151534617	0.11374255164259955	0.10481226575605937	-0.19514865503250656	0.04680800947252712	-0.15877152934836727	-0.1701342721888144	-0.026622593879427326	0.19085986386328363	-0.12172730253941912	-0.09627173926601254	0.1966836614365651	-0.05679279806102702	0.15255381026162299	-0.17574489346418848	-0.015557215540314225	0.18802421266505034	0.13137317101818352	-0.08541863870012882	0.19839092975418912	-0.07003255813483288	-0.14360482593525598	0.182853798650019
-0.17765171371743993	-0.1595254150661259	-0.03439353587965805	0.19023364529269843	0.13600981619069455	0.0683841901658336	-0.19701757430325356	-0.10759484263903002	0.10088484428568781	0.1974658425971466	0.07509150612030689	0.13050829516977636	0.19118542401250319	0.039580759685164814	-0.15593100636778054	0.1781425967100485	0.002373150459770052	0.17601305345040347	-0.15872427366617542	-0.03502144553692156	0.18987580226395667	0.1337457303079199	-0.07100899625153582	-0.19695433053625178	-0.1042234929584242	-0.10422349295837934	0.1969543305364591	0.07100899625152092	0.13374573030811165	-0.18987580226405817	0.035021445536906726	0.15872427366619057	0.1760130534504842	-0.0023731504598174776	0.17814259671007981	-0.15593100636784027	-0.03958075968521026	0.1911854240124933	-0.13050829516975554	-0.0750915061203684	-0.1974658425971689	0.10088484428555632	0.10759484263913976	-0.19701757430326927	-0.0683841901656173	0.13600981619091665	-0.19023364529274944	0.034393535879205	0.15952541506641005	-0.17765171371735605
-0.1717643898895391	-0.17298820989676011	0.0024350118152901942	0.17041611791027914	0.1736252347466188	-0.003956767992808487	-0.16952827503413373	-0.1737607074001552	-0.00448013727423944	0.16918065518361358	0.17355150383218318	-0.004233365498439776	0.16925282831069832	0.17309709049558875	0.00342928298520882	0.16963325182744154	0.17250084104127078	-0.0022896252521128983	-0.17021646373134128	0.17192845602942422	-0.0011350366117694503	0.1708416424312763	0.17155339353493804	0.0002991175143513781	-0.17129018263411105	0.1712901826339179	0.0002991175143760861	0.17155339353477667	-0.17084164243113834	-0.001135036611823624	0.17192845602938886	-0.1702164637312417	0.002289625252092979	0.17250084104125626	-0.1696332518273644	-0.003429282985210817	0.17309709049560126	-0.16925282831061036	-0.004233365498538027	0.1735515038321768	0.1691806551835523	0.0044801372744136215	-0.1737607074002004	0.16952827503406176	-0.003956767993056787	-0.1736252347467177	0.1704161179102272	0.0024350118157408355	-0.17298820989694186	0.17176438988934786
-0.16521453565760227	-0.1837857895390858	0.03917934040888634	0.14015305295639824	0.19467627043169328	-0.07575661839921476	-0.11064663140866224	-0.19814486494801167	-0.10849043356471343	0.07818309374252662	0.19476124535017364	-0.1367509186731841	0.043878425462793705	0.18507285077210028	0.1600530202744773	0.008738705478644299	0.16964916391356513	-0.1780486338620412	0.02638063752482858	0.14901479780373547	-0.1904955409485976	-0.060809531805759195	0.12353109238427579	0.19700943523444198	0.09369323841108652	0.09369323841099259	-0.19700943523465372	-0.12353109238427092	-0.06080953180594712	0.19049554094872986	-0.14901479780376858	-0.026380637524857437	-0.17804863386210687	-0.16964916391356502	0.008738705478583762	0.1600530202745438	-0.18507285077213517	0.04387842546273435	0.13675091867331413	-0.1947612453501585	-0.07818309374245276	-0.10849043356488063	0.19814486494803144	-0.1106466314085669	0.07575661839946166	0.19467627043170949	-0.14015305295629757	-0.039179340409319745	0.18378578953921304	-0.16521453565735983
-0.15802741814497234	-0.1917518015826522	0.07456862582456719	0.10129939876911692	0.19715458205106545	-0.13719626257500153	-0.031276042680411065	-0.17488402710087775	-0.17969607062705364	-0.04179561222711374	0.12927995407568002	-0.19742243265121928	-0.10831302894344082	0.06709925465108707	0.188956005218596	-0.1600060157978519	-0.0033223181000376985	-0.1560019814608418	0.1907274618229781	-0.07312747568715439	-0.10288058569220007	-0.1968026083004591	-0.13373361315287086	0.03598658095485086	0.17705010358838225	-0.17705010358812595	0.03598658095477791	-0.13373361315278637	0.1968026083003664	-0.10288058569211558	-0.07312747568717161	0.1907274618228869	0.15600198146082841	-0.0033223181001039645	0.16000601579784554	-0.18895600521860037	0.06709925465104492	0.10831302894345335	-0.19742243265125872	0.12927995407558937	-0.041795612227201684	0.1796960706271234	-0.17488402710079867	0.03127604268027575	-0.13719626257518813	-0.1971545820509385	0.10129939876893479	0.07456862582495676	-0.19175180158267086	0.1580274181446384
-0.15023076596804655	-0.19676352519669876	0.10737891605387836	0.0562366509763629	0.18082371630797692	-0.17987341635606363	0.053886043895050514	-0.1095714226431485	-0.1965663700985602	-0.14628144620532524	0.00625424716072878	-0.15437232965359607	-0.19430703792246054	-0.09798817406045747	0.06707401473984281	-0.18501396425088235	-0.1729623599639425	0.039357380956221495	0.12191027028285717	-0.19750026230512463	0.13431991161998802	-0.023210066945609755	-0.16447450345403497	-0.19038139318196792	-0.08280890097989234	-0.08280890097973055	0.1903813931821727	0.16447450345407075	-0.02321006694548104	-0.13431991162011622	0.19750026230521384	-0.1219102702828594	0.03935738095622381	0.1729623599640132	-0.18501396425089392	0.06707401473987316	0.0979881740605117	-0.1943070379224726	0.15437232965362216	-0.0062542471606671785	0.14628144620541453	-0.19656637009859676	0.10957142264307278	0.05388604389518426	0.17987341635622708	0.18082371630781005	-0.056236650976159534	-0.10737891605424395	0.196763525196693	-0.15023076596769652
-0.14185465373931114	-0.19874374383392118	0.13647543320875835	0.007726922702542697	0.14724172340747188	-0.19795174904193052	0.129069816245986	-0.017911771798677666	-0.1540001445124984	-0.19654323133047172	-0.11955529154467627	-0.030218311492657315	-0.16154697795229328	-0.19427299059891018	-0.10833240491703001	-0.04381986342659543	-0.16916021844591214	0.19099210641102268	-0.09594197482835651	-0.057820709191987195	0.17622279190521176	0.18689364339973694	0.08337868653874729	-0.07105161107775118	-0.18214100905000444	0.18214100904970704	-0.07105161107768149	0.08337868653870559	-0.18689364339970096	0.1762227919051593	-0.057820709191983316	-0.09594197482828863	-0.19099210641099532	-0.16916021844587498	0.04381986342657642	0.10833240491700331	-0.19427299059891603	0.16154697795226694	-0.03021831149264088	-0.11955529154467424	-0.19654323133050847	0.15400014451247018	-0.017911771798616246	-0.12906981624608574	-0.19795174904203047	-0.1472417234072642	0.007726922702326339	0.13647543320907715	-0.19874374383386806	0.14185465373893286
-0.1329313886522034	-0.19766193740474453	0.16085181875982688	-0.04125634684125654	0.09961253527802715	-0.1889590692033883	0.18035330128072555	0.07805503077852285	-0.06486813733981638	-0.17394959860884024	-0.19214881561689207	0.10981147219793208	-0.030055039118465934	-0.15414892796470384	-0.19729101284502015	0.13673896216404774	0.004271808054388346	0.1304410468929276	-0.1965049426734648	0.15916307421423978	-0.038097137407883896	0.1029996357247457	0.1900017317701981	0.1772951681774163	0.07161165721080325	0.07161165721060832	-0.17729516817760255	-0.19000173177024643	0.10299963572466106	0.038097137407981846	-0.1591630742143146	0.19650494267345148	0.13044104689296215	-0.0042718080544423605	0.1367389621640702	-0.19729101284505252	0.15414892796472188	-0.03005503911846654	-0.10981147219797277	0.1921488156168642	0.17394959860886927	-0.06486813733977788	-0.07805503077854978	0.1803533012808141	0.188959069203471	0.09961253527784168	0.04125634684147153	-0.16085181876013133	0.19766193740470275	-0.1329313886518433
-0.12349545238260541	-0.1935348845881808	0.17966513498613104	-0.08771090419546335	0.04247998537397097	-0.15412504126472973	0.1982399329309284	0.1552530376083287	0.043878192237239495	-0.08687595921458412	-0.17921428199094033	0.19214872713425607	0.11980557059724634	-0.005788869721420278	-0.12881340565265742	0.19446232899486654	0.17342027066558507	-0.0750254339431845	-0.05684091251142391	0.16335008080578486	-0.1970245230592985	-0.14292030527055266	-0.02520796170635449	0.10370694176234292	0.18654413810866352	-0.18654413810832596	0.10370694176226843	-0.02520796170637207	0.1429203052705877	-0.19702452305928697	0.1633500808057874	-0.05684091251142691	0.07502543394316702	0.17342027066560375	-0.1944623289948358	0.12881340565266858	-0.00578886972140117	-0.11980557059722757	0.19214872713427428	-0.17921428199085626	-0.08687595921455639	-0.04387819223728939	0.155253037608296	-0.198239932930953	-0.1541250412647458	-0.042479985373807115	-0.08771090419565317	0.17966513498637912	-0.19353488458810833	0.12349545238224037
-0.11358341491826515	-0.18642648611303125	0.1922651145150904	-0.12878978874243632	-0.01870574375076713	-0.09821300053765461	0.17941707905102436	0.19511898113526582	0.13935603045187256	0.03239996895580215	-0.08651027774462913	0.17353663534064856	0.19644648994286773	0.14663737253125053	0.04245751240384144	0.07749452017428426	0.1686658189014802	-0.19713962643724145	0.15230909402742754	-0.05085533072233097	-0.06948557505425391	-0.16401748693413226	-0.19772085476677448	-0.1581951828760175	-0.06014399526613604	-0.06014399526594771	0.15819518287619147	0.1977208547668304	-0.1640174869340781	0.06948557505417757	0.050855330722377315	-0.15230909402740292	-0.19713962643727012	-0.16866581890147117	0.07749452017425447	0.04245751240384322	-0.14663737253129278	0.19644648994286099	-0.17353663534066346	0.08651027774455365	-0.032399968955865034	0.13935603045192582	-0.1951189811352031	0.17941707905101048	0.09821300053762139	-0.01870574375089032	0.12878978874260247	-0.1922651145152982	0.18642648611294965	-0.11358341491791257
-0.1032335537355049	-0.1764462995049415	0.1982159252090225	-0.16197485832157618	-0.07810684202378285	-0.028870067368207696	0.12737130395416335	0.18806810252065972	0.19269666026803237	0.13966585922651586	0.04470041323949092	0.06375263192413598	0.1530264187058074	0.1961024526548346	0.1798482396587866	-0.1090886549708138	-0.005222716148962788	-0.10023820384281734	0.17526060851105177	-0.19706710236830013	0.1590814848178779	0.07289491455398574	-0.03532844578858379	-0.1328469873588026	-0.19024495226197605	0.19024495226162152	-0.13284698735877382	-0.03532844578856535	-0.07289491455405106	0.1590814848179033	-0.19706710236832373	0.17526060851102607	0.10023820384285212	-0.005222716148986786	0.1090886549708087	-0.1798482396587898	0.19610245265486706	-0.15302641870581468	0.06375263192414185	0.0447004132395189	0.13966585922658523	-0.19269666026806873	0.18806810252058112	-0.1273713039541182	-0.02887006736813272	0.07810684202385211	-0.16197485832170982	0.1982159252091882	-0.17644629950485283	0.10323355373516996
-0.09248591807164822	-0.1637482176304944	0.19731165544516224	-0.1852314451757456	-0.1300548551999018	0.04441826036952836	0.05174365848237194	0.13580032634435624	0.18777656028958237	0.19516582564011975	0.15601991020452552	-0.07953087301193276	0.016076666382117813	0.10786871677453398	0.17371631174509325	-0.19766866307182418	-0.1738663119540065	0.10801523985705097	-0.016033548730756544	-0.07981617347212804	0.1563584761361906	0.1951470115455105	0.18691193037196727	0.13373161736829578	0.048450021453975756	0.04845002145384509	-0.13373161736847844	-0.18691193037203863	0.195147011545476	-0.15635847613611067	0.07981617347207709	0.016033548730774488	0.10801523985706729	0.17386631195402735	-0.19766866307178174	0.173716311745078	-0.10786871677451894	0.01607666638211619	0.07953087301195239	-0.15601991020449782	-0.19516582564016333	0.18777656028957632	-0.13580032634426364	0.051743658482292426	-0.04441826036964083	-0.1300548551999082	0.18523144517582993	-0.19731165544526974	0.1637482176303859	-0.09248591807132686
-0.08138328660042615	-0.14853035684221866	0.1895869076035964	-0.1971378403666995	-0.16959762989946095	0.11163291172930173	-0.033464642921949055	0.05088110529037605	0.1260811589479359	0.1783247342754448	0.19789574001917196	-0.1810325466120591	-0.13069949430685826	-0.05610539547482908	0.028960444331654848	-0.10867780593487568	-0.16815872104534355	0.19626271054978972	-0.18771916433376407	0.14413665926689076	-0.07369345159161625	0.010431369620661093	0.09256704744686622	0.15749279250354298	0.193238378715008	-0.19323837871465302	0.15749279250359308	0.09256704744690084	-0.010431369620622468	-0.07369345159164437	0.1441366592669211	-0.18771916433374658	-0.19626271054985092	-0.1681587210453708	0.10867780593486999	-0.02896044433166892	-0.05610539547485036	0.13069949430685676	-0.1810325466121019	0.19789574001912577	0.178324734275478	-0.12608115894791916	0.05088110529031356	0.03346464292203866	0.11163291172944183	0.16959762989942062	-0.19713784036675344	0.18958690760366897	-0.14853035684211	0.08138328660013228
-0.06997374552819703	-0.13103732079160368	0.17532314366134957	-0.19698167867101044	-0.19298202033710682	0.16360189700581643	-0.11249481843406686	-0.046288752466818725	0.026248430345607917	0.09536913272523558	0.15167203121908646	-0.18740733273762816	-0.19757508549198516	-0.18065681106961848	-0.13886958419452977	0.07789682100367191	0.006123418032138429	0.06652479587511431	-0.1299759260853589	0.17543893209675013	-0.1966484890368168	-0.19073721566497015	-0.15860509557695196	-0.10474487317455408	-0.03657749353395474	-0.03657749353386945	0.10474487317471673	0.15860509557701918	-0.19073721566494695	0.19664848903674217	-0.1754389320967108	0.1299759260853183	0.06652479587514097	-0.006123418032135839	0.0778968210036377	-0.1388695841944954	0.1806568110696278	-0.19757508549197672	0.1874073327376683	-0.1516720312190423	-0.09536913272524636	0.026248430345587652	0.046288752466833685	-0.11249481843414941	-0.16360189700596667	-0.19298202033702802	0.1969816786710384	-0.17532314366139462	0.13103732079150096	-0.06997374552793666
-0.058303841579650635	-0.1115431972127961	0.1550193472867061	-0.18477798820718247	-0.19798085421254957	0.19321872902355736	-0.1707086396523068	-0.1323350496925635	-0.08151996503223362	-0.022930515156222395	0.03794828178634466	-0.09533360835395695	-0.14370643427758203	-0.1783587538276288	-0.19587108880896154	0.19447022456129903	0.17422720250843546	-0.13707000119841004	0.08660352748324612	-0.02775062836008661	-0.03374964991289684	-0.0919291614592057	-0.1411909236573717	-0.17684881144201656	-0.19554946908397297	0.19554946908361687	-0.17684881144212683	-0.14119092365744282	0.09192916145918029	-0.033749649912854424	-0.02775062836011974	0.08660352748324912	0.1370700011984488	0.17422720250846963	-0.19447022456127053	0.1958710888089516	-0.17835875382764355	0.14370643427758975	-0.09533360835398648	0.03794828178633137	-0.022930515156235017	0.08151996503225256	-0.13233504969253132	0.17070863965237448	0.19321872902370393	0.197980854212446	-0.1847779882071889	0.1550193472867284	-0.1115431972127022	0.05830384157942742
-0.046426135682497566	-0.0903623440830197	0.1293960268314101	-0.1612940030369668	-0.1841328733915242	0.19643959118426424	-0.19731715568747707	-0.18653540573352978	-0.16457542409241135	-0.1326232102478073	-0.09251325632693173	0.04662612092924045	-0.0022533180225248564	-0.051108179583876784	-0.09688198505835985	0.13667920587372887	0.16796080060262858	-0.18872072814620103	0.19762911943913022	-0.1941284467413848	0.17847139306079157	0.15169427114167072	0.11552853633274783	0.07226404431439773	0.024586683002025884	0.024586683001985174	-0.07226404431452947	-0.11552853633280971	0.15169427114166534	-0.17847139306074122	0.19412844674136667	-0.19762911943908917	-0.18872072814625535	-0.16796080060266072	0.13667920587372356	-0.0968819850583745	0.05110817958388707	-0.002253318022541317	-0.046626120929238866	0.09251325632690949	0.13262321024783982	-0.16457542409242426	0.18653540573345942	-0.19731715568752156	-0.1964395911843896	-0.18413287339140766	0.1612940030369541	-0.1293960268314126	0.09036234408293604	-0.04642613568231392
-0.03441998839049062	-0.06788659706288092	0.099433705147913	-0.1280876913097103	-0.15289606221613714	0.17297223361022349	-0.1875451445113314	-0.19600498906602332	-0.19794042836531414	-0.19316550262496632	-0.1817358831434368	0.16395464256039247	0.14036785271271757	0.11175029223000656	0.07908148538080799	-0.043512286468627	-0.006322355288615996	-0.03113076688339466	0.0674695552207882	-0.10135873705035314	0.1315674655200162	0.15702504196575054	0.17686268928163637	0.19043548014947118	0.19732410039873732	-0.19732410039838005	0.190435480149624	0.17686268928173426	-0.15702504196573716	0.13156746551996726	-0.10135873705033306	0.06746955522077411	0.031130766883417003	-0.006322355288605223	0.04351228646859861	-0.07908148538077876	0.11175029223000783	-0.14036785271270735	0.16395464256042835	-0.18173588314340125	-0.19316550262502039	0.19794042836533207	-0.19600498906594815	0.18754514451136525	0.1729722336103287	0.15289606221603547	-0.1280876913096947	0.09943370514790932	-0.06788659706281605	0.034419988390352235
-0.02254529999293517	-0.04489000607782163	0.06681137862326797	-0.08805237697529604	-0.10832261900828924	0.1273088213010411	-0.1446891104960103	-0.16014719989697432	-0.1733846678528237	-0.18413102873393453	-0.19215191216570823	0.1972558168398088	0.19929985310459616	0.19819475742736947	0.19390928917480166	-0.18647391426756604	-0.17598344504557642	0.16259804618582785	-0.1465417537017547	0.128097469999395	-0.10759749997468096	-0.08540941788716265	-0.061918665737296846	-0.03751148800274867	-0.012563316321219226	-0.012563316321204249	0.037511488002823355	0.061918665737333276	-0.08540941788716172	0.10759749997465234	-0.12809746999938473	0.1465417537017221	0.16259804618586257	0.1759834450455988	-0.1864739142675303	0.19390928917478287	-0.19819475742738907	0.1992998531046054	-0.19725581683987273	0.19215191216568717	0.1841310287340033	-0.17338466785285558	0.16014719989692744	-0.14468911049604716	-0.1273088213011298	-0.10832261900822722	0.08805237697529335	-0.06681137862327122	0.044890006077783595	-0.022545299992846452
-0.011104058855114571	-0.02223707020914544	0.03341686676536576	-0.044643326041449105	-0.05589709038296836	0.06714218937570318	-0.07833012159994397	-0.0894037164506904	-0.1003000996047727	-0.11095271534416763	-0.12129262105515284	0.13124933600966399	0.14075152477618824	0.1497277809745503	0.1581077623842843	-0.16582390907008895	-0.17281393859533994	0.1790242265920911	-0.18441398954645416	0.1889598120569545	-0.19265946347638668	-0.19553325874811098	-0.19762088509772188	-0.19897236237777735	-0.19963409302751634	0.19963409302715213	-0.1989723623779424	-0.19762088509781583	0.19553325874807795	-0.19265946347630092	0.18895981205690593	-0.18441398954638819	-0.179024226592113	-0.17281393859534352	0.16582390907004319	-0.15810776238425608	0.14972778097454853	-0.14075152477618177	0.13124933600969482	-0.12129262105512847	-0.11095271534419987	0.10030009960478325	-0.08940371645065744	0.07833012159995753	0.06714218937574519	0.05589709038293263	-0.044643326041444845	0.033416866765365164	-0.022237070209125447	0.011104058855070154
