-0.011104061164942286	0.022237072212989036	0.033416864990424996	0.04464331919551241	-0.05589708146079251	-0.06714218443129907	-0.07833012546273684	0.08940372857270322	0.10030011349689169	0.11095272243828251	-0.12129261643399451	-0.1312493219381798	0.1407515094887211	-0.1497277735001339	0.15810776687510467	0.1658239223383762	-0.17281395236850813	-0.17902423290800365	0.1844139856796993	-0.18895980169219562	0.19265945347758873	-0.1955332541711462	-0.19762088646246925	0.1989723670573861	-0.19963409857670159	-0.19963409857648062	-0.19897236705750668	0.19762088646243045	0.1955332541712004	0.1926594534776395	0.1889598016921757	-0.18441398567959938	-0.1790242329080119	0.17281395236852432	-0.16582392233833299	0.15810776687514957	0.14972777350022817	-0.1407515094887368	-0.1312493219382402	0.12129261643394477	0.11095272243826262	-0.1003001134968794	-0.08940372857266658	-0.0783301254627508	-0.06714218443131861	0.055897081460741474	-0.044643319195494545	0.03341686499035538	-0.022237072212984047	-0.011104061164947932
-0.022545303681200116	0.04489000885673624	0.06681137457926926	0.088052364438977	-0.10832260399466828	-0.12730881446696962	-0.14468911896767697	0.16014722064505557	0.17338468858617	0.1841310361979274	-0.19215190161735152	-0.19725579545383412	0.19929983483396033	-0.1981947533142687	0.1939093002071025	0.18647393158666575	-0.1759834567941294	-0.1625980457192976	0.14654174335046719	-0.12809745819020912	0.10759749455096318	-0.08540942103331634	-0.06191867391611835	0.037511495641171906	-0.012563319325965902	0.01256331932595759	0.03751149564116817	-0.061918673916118216	-0.0854094210333388	-0.10759749455098694	-0.1280974581901884	0.14654174335038075	0.16259804571930683	-0.17598345679414107	0.1864739315866186	-0.193909300207156	-0.19819475331439057	0.19929983483398114	0.19725579545392452	-0.19215190161726914	-0.1841310361978948	0.17338468858614997	0.16014722064499023	0.14468911896770018	0.12730881446700668	-0.10832260399457178	0.08805236443894271	-0.06681137457912968	0.044890008856726976	0.022545303681213172
-0.034419994303298715	0.06788660239709686	0.09943370181284984	0.12808767750728056	-0.152896046423041	-0.17297222892083877	-0.18754515714429326	0.19600501167735693	0.1979404449635735	0.19316550126919405	-0.1817358655014853	-0.1639546222597901	0.14036784424609128	-0.11175029992985105	0.07908150122319606	0.043512297624362394	-0.006322354499450192	0.03113077659198685	-0.06746956458538397	0.1013587389733312	-0.1315674602273588	0.15702503510176682	0.1768626861024313	-0.19043548191278162	0.19732410514176701	0.1973241051415464	0.19043548191290263	-0.17686268610238204	-0.1570250351018021	-0.13156746022738697	-0.10135873897331689	0.06746956458534328	0.03113077659196917	0.006322354499459215	-0.043512297624372656	0.07908150122323365	0.11175029992993374	-0.14036784424612533	-0.1639546222598869	0.18173586550142287	0.19316550126918436	-0.19794044496357177	-0.19600501167729423	-0.18754515714433445	-0.17297222892090636	0.15289604642292431	-0.1280876775072407	0.09943370181264677	-0.06788660239709081	-0.03441999430332651
-0.04642614207117503	0.09036234921464983	0.12939602193429792	0.16129398791109972	-0.18413285952272734	-0.1964395922685948	-0.19731717370562737	0.18653542726255196	0.16457543165670788	0.13262319809029832	-0.092513235428414	-0.04662610875929343	-0.00225331293131706	0.05110816400237433	-0.0968819735055544	-0.13667920721135168	0.16796081123393447	0.18872073706068085	-0.19762911911736902	0.1941284392273132	-0.17847138629680714	0.15169427068483024	0.11552854124477087	-0.07226404987812265	0.02458668529311903	-0.024586685293135378	-0.07226404987814802	0.11552854124479546	0.15169427068489258	0.17847138629686493	0.19412843922729628	-0.19762911911726064	-0.1887207370606799	0.16796081123393597	-0.13667920721128593	0.09688197350554976	0.05110816400237168	-0.002253312931268885	0.04662610875937382	-0.0925132354284244	-0.13262319809034684	0.16457543165675678	0.18653542726253888	0.19731717370570914	0.19643959226871577	-0.1841328595226294	0.16129398791107882	-0.12939602193405386	0.09036234921466	0.046426142071225966
-0.05830384807679256	0.1115432016179417	0.1550193408123663	0.1847779730521778	-0.19798084454374043	-0.19321873696373756	-0.17070866067526305	0.13233506511651547	0.08151996043953574	0.022930495198527117	0.03794829810387831	0.09533360670033669	-0.14370641835735745	0.17835874011090555	-0.19587108944655254	-0.19447023641858288	0.17422721235642213	0.13707000002392497	-0.08660351856991096	0.027750621879377414	0.03374964823708259	-0.09192915491010122	-0.141190919115823	0.17684881226779833	-0.19554947373075451	-0.19554947373053153	-0.17684881226792082	0.14119091911575457	0.09192915491010487	0.033749648237076685	-0.027750621879380048	0.08660351856986696	0.13707000002394992	-0.17422721235643482	0.19447023641852615	-0.19587108944658696	-0.17835874011098615	0.1437064183573268	0.09533360670031442	-0.037948298103797996	0.022930495198621653	-0.08151996043962559	-0.1323350651165662	-0.17070866067538323	-0.19321873696390954	0.1979808445436835	-0.1847779730521883	0.15501934081209928	-0.1115432016179758	-0.05830384807687002
-0.06997375188374934	0.13103732405754745	0.1753231355442413	0.19698166436099682	-0.19298201607239396	-0.16360191129621535	-0.11249483927002964	0.04628875866024286	-0.026248445418098006	-0.09536915311398263	0.1516720359051209	0.18740731832642704	-0.19757506850726778	0.18065680869106487	-0.13886959623010373	-0.0778968324113666	0.0061234169314668945	-0.06652480606920294	0.12997593285753017	-0.17543892895605642	0.1966484813511666	-0.19073721235909175	-0.1586050990469606	0.10474487886444855	-0.036577496104745644	0.03657749610470665	0.10474487886443189	-0.15860509904694112	-0.19073721235913696	-0.19664848135121776	-0.1754389289560513	0.12997593285748482	0.06652480606921372	0.006123416931433323	-0.07789683241133066	0.13886959623010944	0.18065680869113693	-0.1975750685072493	-0.18740731832646232	0.1516720359050053	0.09536915311388981	-0.02624844541801596	0.04628875866032061	0.11249483927013706	0.16360191129638546	-0.19298201607235216	0.19698166436100886	-0.1753231355439401	0.1310373240575898	0.06997375188384208
-0.08138329295221862	0.14853035914580293	0.18958689829784617	0.19713782785090975	-0.16959763147440501	-0.11163293051414347	-0.033464659957209465	-0.050881109448246975	-0.12608117955656215	-0.17832474725059633	0.19789573085350332	0.18103252699839628	-0.130699486653497	0.05610540607604664	0.02896043059035335	0.10867780532182318	-0.1681587320204116	-0.19626271835721473	0.18771916052879684	-0.14413665056601832	0.0736934490308032	0.010431364442702241	0.09256704183427694	-0.15749279240981162	0.19323838345939398	0.19323838345916738	0.15749279240993636	-0.09256704183418354	-0.01043136444266269	0.07369344903085752	0.14413665056603248	-0.1877191605287279	-0.19626271835725623	0.16815873202045523	-0.10867780532179325	0.028960430590362338	-0.056105406076080354	0.13069948665352596	0.18103252699849412	-0.19789573085342052	-0.17832474725055378	0.12608117955651346	0.050881109448148526	-0.03346465995730318	-0.11163293051431346	0.16959763147440973	-0.19713782785094905	0.18958689829754763	-0.14853035914587198	-0.08138329295233056
-0.09248592466457728	0.16374821944278226	0.1973116459752006	0.1852314360956771	-0.1300548635082244	-0.044418282294888374	0.05174364703439475	-0.13580033837614428	-0.18777657866783523	-0.19516582483963818	0.15601988971711422	0.07953085696255147	0.016076661537787685	-0.10786870209263527	0.1737163086230203	0.19766867502884375	-0.1738663228659317	-0.1080152375208649	0.01603353979318228	0.07981617540721786	-0.1563584692607572	0.19514700557859407	0.18691193183525914	-0.1337316228988071	0.048450024276889006	-0.048450024276872374	-0.1337316228988164	0.18691193183522709	0.1951470055786172	0.15635846926076083	0.07981617540717932	0.016033539793199925	0.10801523752092201	-0.17386632286595638	0.19766867502878005	-0.1737163086230259	-0.10786870209264193	0.01607666153770026	-0.07953085696269323	0.15601988971712605	0.19516582483968353	-0.18777657866784447	-0.13580033837604588	-0.05174364703431535	0.044418282295063054	-0.1300548635083084	0.18523143609577394	-0.19731164597494638	0.16374821944290355	0.09248592466472182
-0.10323356067769686	0.17644630102436276	0.19821591617474768	0.16197485353615196	-0.07810685662469845	0.028870044874592875	0.1273712997178196	-0.1880681190101997	-0.19269667036088492	-0.13966584450380706	0.044700390154905685	-0.06375263634696336	0.1530264046803599	-0.196102444523895	0.17984824989505843	0.10908866889189012	-0.005222716069693375	0.10023821381172124	-0.1752606118081751	0.19706709516167029	-0.15908147878353499	0.07289491754100565	-0.03532843931750904	0.13284698582034157	-0.190244956412681	-0.19024495641245973	-0.1328469858204974	0.03532843931743551	-0.07289491754103161	-0.15908147878357018	-0.19706709516164764	0.17526061180809674	0.10023821381172635	0.005222716069646836	-0.10908866889182635	0.17984824989503223	0.19610244452392064	-0.15302640468026457	-0.06375263634686057	-0.04470039015498305	-0.13966584450389707	0.19269667036092408	0.18806811901010914	0.12737129971776162	0.028870044874440563	0.07810685662483906	-0.16197485353627525	0.1982159161745169	-0.1764463010245132	-0.10323356067786325
-0.1135834227299819	0.18642648839142623	0.1922651078069806	0.12878979060389836	-0.018705765768736515	0.09821297761354339	0.1794170795132652	-0.19511899453973858	-0.1393560254274077	-0.03239994185074177	-0.08651029715201085	-0.17353662984122933	0.1964464792948087	-0.14663738052675374	0.04245753149896128	-0.07749451338421455	0.1686658267796519	0.19713963017328856	-0.15230908520739492	0.05085532193142517	0.06948557316628547	-0.16401748099911742	-0.19772085518103663	0.15819518868597376	-0.060143998533172115	0.060143998533162976	0.15819518868600624	-0.19772085518098864	-0.16401748099912572	-0.06948557316626149	0.05085532193145803	-0.15230908520736183	-0.1971396301733631	0.1686658267797261	-0.077494513384213	-0.04245753149893595	-0.14663738052678993	0.19644647929477208	0.1735366298412265	-0.08651029715190704	0.032399941850844716	-0.13935602542746958	-0.19511899453968437	-0.17941707951324298	-0.09821297761343448	-0.018705765768921325	0.12878979060403603	-0.1922651078067765	0.1864264883916065	0.11358342273017222
-0.12349546097499348	0.19353488747563577	0.17966513068114195	0.0877109124307769	0.04247995815221534	0.15412502106287226	0.19823993788992997	-0.15525304441917506	-0.043878173118212835	0.08687598941166542	-0.17921429014435017	-0.19214871599217434	0.11980557155285693	0.005788849181992859	-0.12881339060904456	-0.19446233282679312	0.1734202755712541	0.07502542419391668	0.05684092595251681	-0.16335008285118724	0.1970245195181083	-0.14292030932341404	-0.025207971956882003	-0.10370693547183811	0.1865441383659563	0.18654413836574346	0.10370693547203305	0.025207971956922526	0.14292030932341776	0.1970245195181192	0.16335008285115427	-0.05684092595249463	0.07502542419394824	-0.17342027557125156	0.19446233282671638	-0.12881339060905647	-0.005788849181998825	-0.11980557155286829	-0.19214871599224803	0.1792142901442549	0.0868759894115967	0.043878173118255676	0.15525304441914273	0.1982399378899214	0.1541250210628063	-0.042479958152006475	-0.08771091243089661	0.17966513068093753	-0.1935348874758179	-0.1234954609751919
-0.13293139768487247	0.19766194024610023	0.16085181610656424	0.04125635978370366	0.09961250683454534	0.18895905605287666	0.18035331152417944	-0.0780550311589262	0.06486816292688302	0.17394961886688134	-0.19214880710401921	-0.10981145957367702	-0.030055028720684707	0.15414891074249662	-0.19729101513774677	-0.13673897428033413	0.004271805991921013	-0.13044105854619778	0.19650494371078636	-0.15916306632509697	0.03809713702841606	0.10299962829252099	0.19000172919873684	-0.177295172915993	0.07161166052228701	-0.07161166052228228	-0.17729517291605695	0.19000172919867744	0.10299962829252247	-0.03809713702845489	-0.15916306632511762	0.19650494371074537	0.1304410585462454	0.0042718059918493215	-0.136738974280269	0.19729101513774797	0.15414891074254441	-0.030055028720627545	0.10981145957380044	-0.1921488071039827	-0.17394961886687954	0.06486816292686959	-0.07805503115893364	-0.18035331152419373	-0.1889590560528687	0.09961250683433362	0.04125635978380138	-0.1608518161063739	0.19766194024629305	0.13293139768508402
-0.14185466232685004	0.19874374490126961	0.13647542981958113	-0.007726909059250866	0.14724170032125455	0.19795174916484765	0.1290698347553958	0.01791177271978188	0.1540001633871606	0.19654322859135745	-0.11955526460994716	0.030218324409849933	-0.16154696972174334	0.19427299377481727	-0.10833242737391649	0.04381984962892561	-0.16916022152539045	-0.19099210353912005	0.09594195909690696	0.05782071920693857	-0.17622279099411467	0.1868936464414979	0.08337869796514782	0.07105160208545942	-0.18214100734275668	-0.18214100734254937	-0.07105160208568541	-0.08337869796515715	-0.18689364644148296	-0.17622279099410312	-0.057820719206915554	-0.09594195909686018	-0.1909921035391688	0.1691602215254524	-0.04381984962893577	-0.10833242737387107	-0.19427299377483664	0.1615469697216601	0.03021832440975308	0.11955526460994856	0.19654322859138978	-0.15400016338716482	-0.017911772719746782	0.12906983475539743	0.1979517491648649	-0.14724170032104475	0.0077269090591885045	0.13647542981938354	-0.19874374490143576	-0.14185466232704563
-0.15023077366464818	0.19676352365685804	0.10737891084479778	-0.05623663902263191	0.18082370264728972	0.179873431864813	0.05388606958151304	0.10957142215641671	0.1965663739805614	0.14628141889008914	0.0062542830835758505	0.154372338537964	-0.19430703920454073	0.09798819753016122	0.0670739881361064	0.1850139595050685	-0.17296235955759032	-0.03935736557575462	-0.1219102844985434	0.19750026179715066	-0.13431991130306145	-0.023210057810089144	-0.16447449711285592	0.19038139610911498	-0.08280890413609221	0.0828089041360607	0.19038139610920518	-0.16447449711279913	-0.023210057810116435	0.1343199113030767	0.19750026179715371	-0.12191028449855322	0.039357365575738566	-0.17296235955756986	0.18501395950501953	-0.0670739881361741	0.09798819753012505	-0.19430703920447784	-0.1543723385379486	0.006254283083549267	-0.14628141889013596	0.1965663739805808	0.10957142215636959	-0.053886069581492814	-0.1798734318648512	0.18082370264710476	-0.05623663902261256	-0.10737891084459575	0.196763523656994	0.15023077366482304
-0.15802742504596595	0.1917517977067566	0.07456861934131502	-0.10129938875982417	0.1971545785383427	0.1371962906785601	-0.031276015315235745	0.1748840261172526	0.1796960591671046	0.04179557129297642	0.1292799821814206	0.19742243205836701	-0.10831303823568553	-0.0670992280114437	0.1889559962527172	0.16000602481978246	-0.0033223149557772232	0.15600199203912982	-0.190727457037294	0.07312746534046431	0.10288058484653205	-0.1968026072466775	-0.13373362237387634	-0.03598657173440867	0.17705010202207064	0.17705010202184915	0.03598657173461145	0.1337336223739045	0.19680260724667623	0.10288058484649358	-0.07312746534051057	0.19072745703726537	0.15600199203918483	0.0033223149557123723	-0.16000602481973916	0.18895599625275653	0.06709922801150017	0.10831303823569538	0.19742243205844837	-0.12927998218137712	0.041795571293026405	-0.17969605916713927	-0.17488402611721124	-0.03127601531527374	0.13719629067862177	-0.1971545785382065	0.1012993887598471	0.07456861934111757	-0.19175179770686213	-0.15802742504611625
-0.1652145419450031	0.18378578379328145	0.039179333459904736	-0.14015304477022517	0.1946762765488608	0.0757566543171266	-0.11064660842036299	0.19814486471573686	0.10849041124241796	-0.07818313211832442	0.19476125214192191	0.13675090794526834	0.0438784147943953	-0.18507284061028492	0.16005303703010454	-0.008738689884606115	0.1696491657646832	0.17804862705374258	-0.02638061881954072	-0.1490148048422068	0.1904955407562121	-0.060809540962833794	0.12353108287516885	-0.19700943625334988	0.09369324140056419	-0.09369324140047332	-0.1970094362534603	0.12353108287513002	-0.06080954096275055	-0.19049554075617134	-0.14901480484219468	-0.026380618819455446	-0.17804862705373434	0.16964916576472083	-0.008738689884634969	-0.16005303703003912	-0.1850728406103017	0.04387841479433851	-0.1367509079453632	0.19476125214184972	0.0781831321182972	0.10849041124242237	0.19814486471568016	0.11064660842040545	-0.07575665431718116	0.194676276548753	-0.14015304477026974	-0.039179333459705035	0.18378578379332378	0.16521454194509924
-0.17176439557741746	0.17298820244182242	0.002435004739374688	-0.17041611193408684	0.17362524978925514	0.003956806695992669	-0.16952826078591446	0.17376070806750393	0.004480110918208885	-0.16918067670703293	0.1735514862229129	0.004233350206717952	0.1692528228571088	-0.17309710402572753	0.003429312178513384	-0.16963324357666085	0.17250083964664406	0.0022896085245556873	0.17021647358279865	-0.17192845043876706	0.0011350374368748262	0.1708416373880815	0.17155339976827363	-0.00029912684868731973	-0.171290180956452	-0.17129018095621235	0.00029912684852264053	-0.17155339976832365	-0.17084163738810343	0.0011350374369227991	0.17192845043882524	-0.17021647358283254	0.0022896085245205002	-0.17250083964663468	0.16963324357665127	0.0034293121784073613	0.17309710402570197	-0.16925282285704346	0.0042333502067844	-0.1735514862228503	-0.1691806767070438	-0.0044801109181858	-0.17376070806745347	-0.1695282607859581	0.0039568066960329945	-0.1736252497891939	0.17041611193415535	0.0024350047391790393	-0.17298820244181	-0.17176439557746592
-0.17765171877937933	0.15952540600373155	-0.03439354286689741	-0.19023364194634382	0.136009838809524	-0.06838415384681852	-0.19701757127100922	0.10759484384668722	-0.10088486693538998	-0.1974658395422076	0.07509147221646016	-0.1305083067124006	0.19118542681951323	-0.03958078711110945	-0.15593098833889144	-0.17814260353139408	0.0023731475440251304	-0.17601306118351107	0.1587242622955848	0.03502145658972693	-0.1898758018976163	0.13374573754388894	-0.0710089846588533	0.19695432972688187	-0.10422349580777214	0.1042234958076786	0.19695432972702104	-0.07100898465877946	0.13374573754382066	0.18987580189754508	0.03502145658967029	0.15872426229552794	0.17601306118352952	0.0023731475439873915	-0.1781426035313659	0.15593098833894992	-0.03958078711106832	0.19118542681948567	0.13050830671239308	0.07509147221644384	0.19746583954226163	-0.10088486693542974	0.10759484384666684	0.1970175712710548	0.06838415384679886	0.1360098388095279	-0.19023364194644388	0.034393542867082294	0.1595254060036818	0.17765171877939367
-0.18285380306606622	0.1436048154019296	-0.0700325648002876	-0.19839092925937393	0.08541866676472362	-0.13137314201059933	-0.18802422135944513	0.015557216938493558	-0.17574490562362408	-0.152553783828015	-0.056792833100045806	-0.19668366309641885	0.09627174854651496	0.121727280550036	-0.19085987146505665	-0.026622609727896002	-0.17013427361809008	-0.15877151941463083	-0.04680802823918942	0.19514865683444782	-0.10481226643282794	-0.11374254347154734	-0.19329321781057865	0.036574659774107926	0.16488291954681827	0.16488291954659723	-0.03657465977391475	0.19329321781060396	0.11374254347162338	-0.10481226643280553	-0.19514865683446886	0.046808028239302836	-0.15877151941458845	0.17013427361812658	0.02662260972784332	-0.19085987146499672	-0.12172728055007902	-0.09627174854650093	-0.19668366309645072	0.05679283310003237	-0.15255378382804857	0.1757449056236512	-0.015557216938477858	-0.18802422135943847	-0.13137314201059724	-0.0854186667647565	0.19839092925945886	-0.07003256480045411	-0.14360481540181008	-0.18285380306600874
-0.1873505830231416	0.12547171826077033	-0.1032494580370185	-0.19438797669075003	0.02667828691211026	-0.17639601243108055	-0.14421355410596842	-0.08022122518486934	-0.1974642862951395	-0.05109263859275783	-0.16339783468398847	-0.15952559384553738	-0.05748007081004485	0.19756422991193995	-0.0734844203973107	0.1488130547217767	-0.17203544301293683	0.03485949174617418	-0.19511759752315502	0.0943675545243723	0.13264552712988242	-0.18230501743755764	0.011831127865117799	-0.19021791651506	0.11435986000871712	-0.11435986000858922	-0.19021791651524836	0.01183112786505575	-0.18230501743750907	-0.13264552712984762	0.0943675545244108	-0.19511759752318994	-0.03485949174625507	-0.17203544301291812	0.14881305472182138	0.0734844203971561	0.1975642299119505	-0.057480070810058605	0.15952559384557508	-0.16339783468395738	0.051092638592739846	-0.1974642862951371	-0.08022122518488761	0.14421355410589493	0.17639601243109776	0.026678286912157453	-0.1943879766908066	0.10324945803716264	0.12547171826058293	0.18735058302300983
-0.19112471338831263	0.1054054892666275	-0.1328953921503976	-0.1784701430098749	-0.03460728487069223	-0.1972955981675466	-0.07369819324525345	-0.1567100402149435	-0.15947563838092071	0.0693076774899727	-0.1972721122514407	-0.038556158831829404	-0.17610194996992226	0.1346809598822786	0.10253088766856709	0.19056673210020666	-0.0014239130783352352	0.18976285494616	-0.10489631242765887	-0.13258033011764872	0.1772402454625299	0.03591239023986047	0.19691538684786025	-0.07160946147137091	-0.1578525165317418	-0.1578525165314963	0.07160946147123536	-0.19691538684786997	-0.03591239023991451	0.17724024546251643	0.13258033011762638	0.10489631242760934	0.18976285494619938	0.0014239130783107036	-0.19056673210023553	0.10253088766868002	-0.13468095988228204	0.17610194996993367	-0.03855615883188719	0.19727211225143165	0.06930767749002201	0.15947563838092763	0.1567100402149736	-0.0736981932451569	-0.1972955981676183	0.03460728487062662	0.1784701430099411	-0.13289539215053647	-0.10540548926640944	-0.19112471338815235
-0.19416163641141834	0.08371528685259041	-0.15794504084340502	-0.151613101523104	-0.09259121365387414	-0.1912137463524409	0.010464204848643403	-0.19551708036690943	-0.07326573483796761	0.16401681840439142	-0.14333773681497874	0.10266986555253385	-0.18709607698805417	-0.022768882644697553	0.19672753872553306	0.06113018881396672	0.17061548110115582	0.13384648059369383	0.1135604936220385	-0.18227201930152567	-0.035867649734268744	0.19763683350287042	0.048455674071445014	0.1770287099727459	-0.12406402297851887	0.12406402297837195	0.17702870997297013	0.04845567407151324	0.19763683350283937	0.0358676497342495	-0.1822720193015338	0.1135604936221085	-0.1338464805936444	0.17061548110114785	0.06113018881395999	-0.1967275387254983	-0.022768882644693525	-0.18709607698804095	-0.10266986555246307	-0.1433377368149907	-0.16401681840443308	-0.07326573483799394	-0.19551708036693644	-0.010464204848730535	0.19121374635256122	-0.09259121365378627	-0.15161310152318128	0.1579450408435312	0.08371528685235552	0.19416163641123746
-0.19644963805397772	0.06073529014351248	-0.17753204338959877	-0.11546303649915889	-0.14174165212520462	-0.15898218934351963	0.09268889760856483	-0.18731098306774643	0.03509780780949005	0.19792772016022325	-0.02560167439539631	0.18995531842551547	-0.08374320048391087	-0.16423149700613532	0.1339375173821039	-0.12322092627718642	0.1715660766235444	-0.07076854202024703	0.1931898341420245	0.011728885114633372	-0.19682493436810664	0.04846326322826611	-0.18208039781748828	0.10421504262696114	0.15022553942727904	0.15022553942703099	-0.1042150426268556	0.1820803978174714	-0.048463263228210623	-0.19682493436808637	-0.0117288851146033	-0.19318983414203225	-0.07076854202032218	-0.17156607662351872	0.12322092627721899	0.133937517381961	0.16423149700613895	0.0837432004838839	0.1899553184254667	0.025601674395426585	0.19792772016024476	-0.035097807809448114	0.18731098306777283	0.09268889760862695	-0.15898218934368186	0.14174165212510764	0.11546303649924486	-0.1775320433897139	-0.06073529014326878	-0.1964496380537858
-0.19797989303291025	0.03681955002193446	-0.19097896873232648	-0.07223574188808696	-0.17736949544944247	-0.10500879923399943	0.15774995639302875	-0.1340649485253394	0.13284869275054706	0.15847018968377855	0.1035300611597851	0.17744227222290826	0.0707907816662405	-0.19037855460587516	-0.03573334657057706	-0.1968800162975859	0.00047464044431778495	-0.1967622480834902	0.036645007670926384	0.19004859784344985	-0.07160398840860158	-0.1769467658393102	-0.10420065639370213	-0.15783412816112719	0.13329930902396112	-0.133299309023835	-0.15783412816136222	-0.10420065639381369	-0.176946765839292	0.07160398840864587	0.19004859784343997	0.03664500767089379	0.196762248083522	0.0004746404443283023	-0.19688001629764024	0.03573334657069032	-0.19037855460591283	0.07079078166625553	-0.17744227222293302	0.10353006115974889	-0.15847018968379598	0.13284869275050779	-0.13406494852538267	-0.15774995639306835	0.10500879923420092	-0.1773694954493645	-0.07223574188818731	0.1909789687324464	0.03681955002169414	0.1979798930327293
-0.19874649883053483	0.012336534243045056	-0.1978207450123568	-0.024580805802870004	-0.19607573635785863	-0.03667478295279515	0.19359972262451874	-0.04858227326213759	0.19042961263122019	0.06027046093248912	0.18657907842008797	0.07170481633150032	0.182059753156223	-0.08285083336255462	-0.17688934568397513	-0.09367752665819089	-0.17109275297690024	-0.10416014036442571	-0.16469826380014013	0.11427864899590882	0.15772725620494277	-0.12400585675076684	0.15017875543033024	-0.13328531873107027	-0.14203081262871067	-0.14203081262849837	0.13328531873095326	-0.15017875543030137	0.12400585675066564	0.15772725620492356	-0.11427864899588744	0.1646982638001925	-0.10416014036434372	0.17109275297687865	0.09367752665818202	-0.17688934568397413	0.08285083336256349	-0.1820597531562207	0.07170481633154391	-0.1865790784200529	0.060270460932461	-0.19042961263117925	0.04858227326216112	0.1935997226245097	-0.0366747829529901	0.19607573635779016	0.024580805802966454	-0.19782074501245903	-0.012336534242809045	-0.19874649883034629
-0.1987464984822242	-0.012336549467365324	-0.19782074434895236	0.024580794322424524	-0.19607574115887397	0.036674744914200356	0.19359972853308247	0.04858227189723843	0.1904296053826375	-0.06027050043182859	0.18657906621934775	-0.07170483055143852	0.1820597573077377	0.08285080803152514	-0.1768893587073875	0.09367751256756875	-0.17109275158072226	0.10416015455549642	-0.16469825311445155	-0.11427865828174176	0.15772725669239374	0.12400584896586626	0.1501787635809121	0.13328531183977493	-0.14203081494432376	0.14203081494424574	0.1332853118399933	0.15017876358108417	0.12400584896583963	-0.15772725669248708	-0.11427865828170221	-0.16469825311451824	-0.10416015455555555	-0.17109275158077458	0.09367751256759418	0.1768893587073386	0.08285080803151788	0.18205975730778698	0.07170483055137428	0.18657906621939083	0.06027050043187258	0.19042960538266956	0.04858227189722548	-0.19359972853308927	-0.036674744914027696	-0.19607574115888735	0.024580794322329545	0.1978207443490976	-0.01233654946758743	0.19874649848209044
-0.1979798919893092	-0.03681956501165143	-0.1909789667652049	0.0722357311110915	-0.17736950939446364	0.1050087663977656	0.15774997302476237	0.13406494748835224	0.13284867319652205	-0.15847021454206595	0.10353002998831307	-0.17744227897108963	0.0707907915837031	0.19037854706212942	-0.035733375248185185	0.1968800148638776	0.0004746432327513897	0.1967622465101794	0.03664502666472586	-0.19004859471219346	-0.07160398765422636	0.17694677030343192	-0.10420064574914382	0.15783413378176153	0.13329930656530892	0.13329930656514616	-0.15783413378162275	0.1042006457491039	-0.17694677030327807	-0.07160398765420754	0.19004859471210747	-0.036645026664779076	0.19676224651011814	-0.0004746432327228954	-0.19688001486387005	-0.035733375248085016	-0.19037854706209614	-0.07079079158373587	-0.17744227897101425	-0.10353002998837457	-0.15847021454208718	-0.13284867319658042	-0.13406494748833345	0.15774997302474905	0.10500876639762384	0.17736950939452692	-0.07223573111099228	-0.19097896676535692	0.03681956501184938	-0.19797989198919808
-0.19644963631882606	-0.06073530466722339	-0.17753204018723687	0.1154630270865725	-0.14174167388334888	0.1589821661995436	0.09268892188456183	0.18731098260922496	0.035097781861309484	-0.19792772116143334	-0.02560171066137466	-0.18995531415806682	-0.08374319086312539	0.16423151254471435	0.13393749593304158	0.1232209387905488	0.17156607801046259	0.07076852642729897	0.1931898382207704	-0.01172887375638774	-0.19682493444646587	-0.048463253540442085	-0.18208040270829884	-0.10421503469976912	0.15022554159125243	-0.15022554159120707	-0.10421503469998303	-0.18208040270848905	-0.048463253540427235	0.19682493444655685	-0.0117288737564159	0.19318983822087457	-0.07076852642723262	0.17156607801047552	0.12322093879055838	-0.13393749593310111	0.1642315125447052	-0.0837431908631139	0.18995531415804487	-0.02560171066130831	0.19792772116144255	0.0350977818613934	0.18731098260921863	-0.09268892188454901	-0.1589821661994634	-0.14174167388347875	0.11546302708648172	0.17753204018741492	-0.06073530466739753	0.196449636318763
-0.19416163399107486	-0.08371530068597732	-0.15794503651700517	0.1516130940521014	-0.09259124114934093	0.19121373606557165	0.010464232274212776	0.1955170805984166	-0.0732657593358736	-0.1640167951753791	-0.1433377620309502	-0.10266985251377636	-0.18709607354600796	0.022768910352666084	0.19672754161871722	-0.06113017359156631	0.1706154796989684	-0.13384649288719064	0.11356047779467657	0.18227202369459003	-0.03586765053846859	-0.19763683383877617	0.04845566193596408	-0.17702871412876078	-0.12406402038510982	-0.12406402038500731	0.17702871412860646	-0.048455661935928505	0.19763683383859934	-0.03586765053845577	-0.18227202369449266	-0.11356047779462494	-0.13384649288721426	-0.17061547969894353	0.06113017359158767	0.1967275416186438	-0.02276891035262722	0.187096073545996	-0.10266985251375453	0.14333776203090018	-0.16401679517530593	0.0732657593358026	-0.19551708059836295	0.010464232274171892	0.19121373606551328	0.09259124114948139	-0.1516130940519851	-0.15794503651714784	0.08371530068610408	-0.19416163399099762
-0.19112471029197248	-0.10540550219670422	-0.13289538684861102	0.17847013793627137	-0.034607315483508455	0.1972956021484999	-0.07369816775289774	0.15671004107652967	-0.1594756540168452	-0.06930763864564332	-0.19727211519817947	0.03855617379716593	-0.17610195480394344	-0.13468093945302634	0.10253091260313855	-0.1905667278523865	-0.001423915873738611	-0.18976285027129983	-0.10489632880060597	0.132580321683218	0.17724024511113154	-0.03591240006413734	0.19691538801962147	0.07160945277743022	-0.15785251853593862	0.15785251853596913	0.07160945277758184	0.19691538801983083	-0.03591240006419868	-0.17724024511120337	0.13258032168328288	-0.10489632880068499	0.1897628502713287	-0.0014239158736855724	-0.19056672785244727	-0.10253091260309075	-0.1346809394530538	-0.1761019548040221	-0.03855617379712846	-0.19727211519822563	0.06930763864558379	-0.1594756540168372	0.15671004107652026	0.07369816775295358	-0.19729560214854563	-0.03460731548368235	0.17847013793619007	0.13289538684876956	-0.10540550219681272	0.19112471029194886
-0.18735057926191284	-0.12547173008732435	-0.10324945194335927	0.1943879743238776	0.026678256098699223	0.17639603014109884	-0.14421353527406136	0.0802212264623233	-0.1974642883341518	0.051092678646118994	-0.16339781405799017	0.15952560288446715	-0.05748008095473404	-0.19756423109318738	-0.07348439330466404	-0.1488130652805619	-0.17203544441672103	-0.0348594752753146	-0.19511759440145357	-0.09436756448259799	0.1326455277701957	0.1823050136057629	0.011831140337558887	0.19021791905533886	0.1143598572869728	0.11435985728696635	-0.19021791905515995	-0.011831140337545256	-0.182305013605587	0.13264552777011138	0.09436756448254198	0.19511759440140491	-0.034859475275211944	0.17203544441664775	0.1488130652805094	-0.07348439330470345	0.19756423109311633	0.057480080954763535	0.15952560288437512	0.16339781405800988	0.05109267864618079	0.1974642883341318	-0.08022122646228275	-0.14421353527408665	0.17639603014114663	-0.026678256098525126	-0.1943879743237453	-0.10324945194346154	0.12547173008735985	-0.18735057926184537
-0.1828537986500801	-0.14360482593501644	-0.07003255813505116	0.1983909297542461	0.08541863870001563	0.1313731710182952	-0.18802421266500108	-0.015557215540204936	-0.17574489346423747	0.15255381026161371	-0.05679279806102587	0.1966836614366	0.09627173926599254	-0.12172730253945432	-0.19085986386327275	0.026622593879408817	-0.17013427218880772	0.15877152934834404	-0.046808009472540435	-0.19514865503250362	-0.10481226575604255	0.11374255164259794	-0.19329321515346554	-0.036574650607412655	0.16488292138550917	-0.1648829213856226	-0.03657465060749307	-0.19329321515367448	0.11374255164270473	0.10481226575608259	-0.19514865503259302	-0.046808009472534384	-0.15877152934845226	-0.1701342721888866	0.026622593879450908	0.19085986386331955	-0.1217273025394314	0.09627173926601129	-0.1966836614365819	-0.056792798061077315	-0.15255381026168513	-0.17574489346429908	-0.015557215540235342	0.18802421266505767	-0.13137317101841844	0.08541863869987128	0.19839092975415729	0.07003255813514053	-0.14360482593503637	0.18285379865005044
-0.17765171371744193	-0.1595254150662257	-0.034393535879450515	0.19023364529282247	0.1360098161908174	0.06838419016574628	-0.19701757430326491	-0.1075948426390391	-0.10088484428563035	0.197465842597177	0.07509150612035308	0.13050829516979287	0.19118542401247404	0.0395807596851897	-0.155931006367834	0.17814259671007746	0.0023731504598325853	0.1760130534504637	0.15872427366619452	-0.03502144553691867	-0.189875802264062	-0.1337457303080937	-0.07100899625155081	-0.19695433053644207	-0.10422349295837734	-0.10422349295845143	0.1969543305362533	0.07100899625150484	0.13374573030793355	-0.18987580226394285	0.03502144553692396	-0.158724273666176	0.17601305345038157	-0.002373150459765837	-0.17814259671006258	-0.15593100636776383	-0.03958075968520679	-0.19118542401248925	0.1305082951697736	-0.07509150612032196	0.1974658425971711	0.10088484428568067	0.10759484263905	-0.19701757430326963	0.06838419016587706	-0.13600981619068794	-0.19023364529271006	-0.0343935358794979	0.15952541506618192	-0.1776517137173857
-0.17176438988945952	-0.17298820989681368	0.002435011815471897	0.17041611791031502	0.1736252347466386	-0.003956767992922726	-0.1695282750341055	-0.1737607074001307	0.004480137274330926	0.16918065518357772	0.1735515038321499	-0.004233365498513627	0.1692528283106049	0.1730970904956088	0.0034292829852063792	0.16963325182738082	0.17250084104126892	-0.0022896252520879247	0.17021646373126606	0.17192845602938409	0.0011350366118044542	-0.17084164243113736	0.17155339353477672	0.00029911751436521644	-0.17129018263391313	0.1712901826341098	0.0002991175143621739	0.17155339353494217	-0.17084164243126368	-0.0011350366117851391	0.17192845602944057	0.17021646373133517	0.0022896252521563245	0.17250084104127555	0.16963325182742445	-0.00342928298524778	0.17309709049562286	0.16925282831070446	0.004233365498452188	0.1735515038321844	-0.1691806551835964	0.004480137274254648	-0.17376070740017088	0.16952827503415496	0.003956767992767613	0.17362523474660638	0.17041611791027994	-0.0024350118154529065	-0.17298820989679195	0.1717643898894644
-0.16521453565749925	-0.18378578953914376	0.039179340409034334	0.14015305295639935	0.19467627043165991	-0.07575661839933866	-0.1106466314086534	-0.19814486494801206	0.10849043356481428	0.07818309374248864	0.1947612453501344	-0.13675091867331612	0.04387842546274623	0.18507285077216462	0.16005302027453505	0.008738705478600051	0.16964916391356494	-0.17804863386208633	-0.02638063752484196	0.14901479780378057	0.19049554094872803	0.06080953180592613	0.12353109238430708	0.19700943523463982	0.09369323841098447	0.09369323841112243	-0.19700943523444747	-0.12353109238424329	-0.06080953180578742	0.19049554094859328	-0.14901479780374524	0.026380637524838248	-0.17804863386205763	-0.16964916391357174	-0.008738705478613265	0.16005302027450774	-0.18507285077210694	-0.04387842546281892	-0.13675091867319916	-0.19476124535016173	0.07818309374247893	-0.10849043356473029	0.1981448649480234	-0.1106466314086911	-0.07575661839918027	-0.19467627043168242	-0.1401530529563958	0.03917934040904533	0.1837857895391021	-0.16521453565751856
-0.15802741814480806	-0.19175180158266383	0.07456862582466371	0.10129939876904985	0.19715458205092917	-0.13719626257509338	-0.03127604268039653	-0.1748840271008452	0.17969607062709625	-0.04179561222716005	0.1292799540755904	-0.19742243265128906	-0.1083130289434247	0.0670992546510829	0.18895600521859918	-0.1600060157978412	-0.0033223181001097134	-0.1560019814608228	-0.19072746182290082	-0.07312747568715326	0.10288058569213969	0.19680260830035992	-0.13373361315277454	0.03598658095479075	0.17705010358812542	-0.1770501035883841	0.035986580954839115	-0.13373361315288607	0.19680260830045943	-0.10288058569217684	-0.07312747568716835	-0.19072746182297806	0.15600198146080899	-0.003322318100040017	-0.1600060157978663	-0.18895600521858807	0.06709925465106069	-0.10831302894340898	0.19742243265122508	0.12927995407565723	0.04179561222717024	0.17969607062706344	-0.17488402710088444	0.0312760426804465	0.13719626257497733	0.19715458205106196	0.10129939876911624	-0.07456862582471652	-0.19175180158265823	0.15802741814488605
-0.15023076596787951	-0.19676352519672985	0.10737891605394843	0.056236650976269315	0.18082371630782504	-0.17987341635616486	0.05388604389505825	-0.10957142264316058	0.19656637009860825	-0.14628144620538286	0.006254247160684443	-0.15437232965365333	-0.19430703792243775	-0.09798817406049641	0.06707401473986879	-0.18501396425089095	-0.17296235996401382	0.03935738095621609	-0.12191027028287088	-0.19750026230520124	-0.13431991162010382	0.023210066945486486	-0.16447450345408826	-0.19038139318215103	-0.08280890097972862	-0.08280890097991432	0.19038139318196717	0.1644745034540116	-0.02321006694559294	-0.13431991161998505	0.19750026230514084	0.12191027028285588	0.03935738095625146	0.17296235996394219	0.18501396425087138	0.06707401473981643	0.0979881740604854	0.19430703792244233	-0.15437232965360337	-0.0062542471607161575	-0.14628144620536754	-0.19656637009856903	0.10957142264316143	0.05388604389501071	-0.17987341635606008	-0.1808237163079916	-0.05623665097636943	0.10737891605401521	0.1967635251967002	-0.15023076596796348
-0.1418546537391291	-0.19874374383394966	0.13647543320879152	0.007726922702422085	0.1472417234073026	-0.19795174904201246	0.12906981624598268	-0.017911771798723605	0.15400014451252284	-0.19654323133050608	-0.1195552915446522	-0.030218311492660604	-0.16154697795225603	-0.19427299059894057	-0.1083324049170066	-0.04381986342658335	-0.1691602184458783	0.190992106410986	0.09594197482828884	-0.05782070919199954	-0.1762227919051822	-0.18689364339969622	0.08337868653868688	-0.07105161107769863	-0.1821410090497159	0.18214100905000827	-0.07105161107773264	0.08337868653877686	-0.1868936433997491	0.176222791905182	-0.05782070919197231	0.0959419748283695	-0.1909921064110163	-0.16916021844589432	-0.04381986342655419	0.10833240491705852	-0.19427299059891215	-0.1615469779522855	0.030218311492653447	-0.11955529154467213	0.19654323133047394	0.1540001445124901	-0.01791177179868786	-0.1290698162459455	0.1979517490419371	0.14724172340749214	0.007726922702551835	-0.13647543320887104	-0.1987437438339025	0.1418546537392197
-0.13293138865204482	-0.19766193740481658	0.16085181875985555	-0.041256346841392864	0.09961253527789452	-0.18895906920348912	0.18035330128074625	0.07805503077844893	0.0648681373398516	-0.17394959860889234	-0.19214881561684535	0.10981147219797711	-0.03005503911848153	-0.15414892796476207	-0.19729101284505016	0.13673896216406237	0.0042718080544478015	0.13044104689295333	0.19650494267345975	0.1591630742142947	0.03809713740796628	-0.10299963572465819	0.19000173177025356	0.17729516817758054	0.07161165721061025	0.0716116572108183	-0.1772951681774158	-0.19000173177018806	0.10299963572474012	0.03809713740789227	-0.1591630742142665	-0.1965049426734825	0.1304410468929044	-0.004271808054403021	-0.1367389621640878	-0.19729101284503908	0.15414892796469046	0.03005503911847626	0.10981147219795101	0.19214881561688332	-0.17394959860881118	-0.0648681373397954	-0.07805503077852352	0.1803533012807028	-0.18895906920341476	-0.09961253527805448	0.041256346841249354	0.16085181875992097	0.19766193740471416	-0.13293138865210943
-0.12349545238244557	-0.19353488458825183	0.1796651349861214	-0.08771090419559568	0.042479985373869995	-0.15412504126479706	0.19823993293093214	0.1552530376082241	-0.04387819223721291	-0.08687595921459983	-0.17921428199085057	0.19214872713429731	0.11980557059718902	-0.005788869721434729	-0.12881340565266586	0.19446232899482824	0.17342027066560337	-0.07502543394315786	0.05684091251143675	0.16335008080578828	0.1970245230592974	0.1429203052705791	-0.025207961706347672	0.10370694176228426	0.18654413810833648	-0.18654413810866743	0.10370694176232184	-0.02520796170638815	0.14292030527057106	-0.19702452305927431	0.16335008080578842	0.05684091251142303	0.07502543394320084	0.17342027066558502	0.19446232899487065	0.12881340565264912	-0.005788869721400335	0.11980557059722483	-0.19214872713428074	-0.1792142819909287	0.08687595921453575	-0.04387819223726575	0.1552530376083399	-0.19823993293092929	0.1541250412647756	0.04247998537400514	-0.08771090419545824	-0.17966513498620662	-0.19353488458814141	0.1234954523825111
-0.11358341491811833	-0.1864264861131167	0.19226511451506326	-0.1287897887425674	-0.018705743750821388	-0.0982130005376994	0.17941707905104118	0.19511898113517823	-0.1393560304518686	0.03239996895581339	-0.08651027774456922	0.17353663534069885	0.19644648994282593	0.14663737253128964	0.04245751240383983	0.07749452017425908	0.1686658189014734	-0.19713962643726007	-0.15230909402740508	-0.05085533072235265	0.0694855750542065	0.16401748693408283	-0.19772085476683537	-0.15819518287616702	-0.06014399526594245	-0.06014399526615622	0.15819518287602305	0.19772085476677406	-0.16401748693413043	0.06948557505422741	0.05085533072235529	0.152309094027443	-0.19713962643722902	-0.16866581890146004	-0.0774945201742469	0.042457512403871606	-0.1466373725312611	-0.19644648994284383	0.17353663534066202	0.08651027774461358	0.0323999689558533	0.13935603045189365	-0.19511898113528073	0.17941707905104506	-0.09821300053771186	0.0187057437507297	0.12878978874243205	0.19226511451514422	0.1864264861129811	-0.1135834149181698
-0.10323355373536867	-0.1764462995050311	0.19821592520897374	-0.1619748583216932	-0.07810684202378168	-0.028870067368224547	0.12737130395419	0.18806810252060518	-0.1926966602680451	0.13966585922654293	0.04470041323948884	0.06375263192417022	0.15302641870580305	0.19610245265489382	0.17984823965878302	-0.10908865497079855	-0.005222716148987243	-0.10023820384285136	-0.17526060851103906	-0.1970671023683086	-0.1590814848178979	-0.07289491455403915	-0.03532844578858797	-0.13284698735878023	-0.1902449522616283	0.19024495226197902	-0.13284698735878217	-0.03532844578855192	-0.0728949145540051	0.15908148481786316	-0.19706710236830988	-0.17526060851105243	0.10023820384278648	-0.00522271614898269	-0.10908865497085189	-0.17984823965880473	0.19610245265482065	0.15302641870578962	-0.06375263192413086	0.04470041323950176	-0.1396658592265452	-0.19269666026803486	0.18806810252067077	-0.127371303954199	0.028870067368269876	-0.07810684202374392	-0.16197485832157124	-0.19821592520905462	-0.17644629950488208	0.10323355373541002
-0.0924859180715071	-0.16374821763055478	0.19731165544506393	-0.18523144517581938	-0.13005485519983745	0.04441826036955114	0.05174365848238188	0.13580032634431866	-0.1877765602895828	0.1951658256401387	0.15601991020446468	-0.07953087301194882	0.01607666638212824	0.10786871677454689	0.1737163117450679	-0.1976686630717724	-0.17386631195403315	0.10801523985706368	0.01603354873077058	-0.07981617347208893	-0.1563584761361368	-0.1951470115454814	0.18691193037204484	0.13373161736846123	0.04845002145384383	0.04845002145399336	-0.13373161736830846	-0.18691193037198545	0.19514701154552858	-0.15635847613616544	0.07981617347211639	-0.016033548730772743	0.1080152398570725	0.17386631195401833	0.19766866307184291	0.17371631174509558	-0.10786871677451292	-0.016076666382115818	-0.07953087301196124	-0.15601991020453884	0.19516582564013038	0.18777656028957687	-0.13580032634436937	0.051743658482418665	0.044418260369473585	0.13005485519987514	0.18523144517575363	0.1973116554451876	0.1637482176304385	-0.09248591807156135
-0.0813832866002984	-0.14853035684227714	0.18958690760349267	-0.19713784036676604	-0.16959762989937016	0.11163291172937513	-0.03346464292195028	0.05088110529039198	-0.12608115894796587	0.17832473427549428	0.19789574001911853	-0.18103254661213605	-0.13069949430683464	-0.056105395474843174	0.02896044433166711	-0.10867780593487411	-0.1681587210453833	0.196262710549854	0.1877191643337613	0.14413665926690092	0.0736934515916276	-0.010431369620636744	0.09256704744692412	0.15749279250359596	0.19323837871466173	-0.1932383787150144	0.1574927925035296	0.09256704744684828	-0.010431369620654798	-0.07369345159161039	0.14413665926690394	0.18771916433377556	-0.19626271054978017	-0.16815872104533916	-0.10867780593486762	-0.028960444331649193	-0.05610539547483246	-0.13069949430683858	0.18103254661209758	0.197895740019186	-0.1783247342754409	-0.12608115894792973	0.0508811052903916	0.03346464292190038	-0.11163291172926518	-0.16959762989945262	-0.19713784036672008	-0.18958690760361466	-0.14853035684216442	0.08138328660034604
-0.0699737455280827	-0.1310373207916549	0.1753231436612434	-0.19698167867106595	-0.19298202033699874	0.16360189700593222	-0.11249481843408275	-0.04628875246675754	-0.026248430345653866	0.09536913272529225	0.15167203121906148	-0.18740733273772153	-0.19757508549195885	-0.1806568110696481	-0.13886958419449058	0.07789682100362923	0.006123418032134803	0.06652479587514162	0.1299759260853286	0.1754389320967025	0.19664848903675355	0.19073721566494245	-0.1586050955770187	-0.1047448731747032	-0.03657749353387307	-0.036577493533960496	0.10474487317455408	0.1586050955769592	-0.1907372156649779	0.19664848903678103	-0.1754389320967478	-0.1299759260853583	0.066524795875098	-0.006123418032140962	-0.07789682100368353	-0.13886958419452525	0.1806568110695927	0.19757508549195224	-0.18740733273766197	-0.15167203121910414	0.09536913272523538	0.02624843034562102	0.04628875246678823	-0.11249481843401613	0.16360189700580427	0.19298202033712858	0.19698167867105945	0.175323143661382	0.1310373207915692	-0.06997374552813428
-0.05830384157955193	-0.11154319721283902	0.1550193472866052	-0.1847779882072279	-0.19798085421243788	0.19321872902370255	-0.17070863965233865	-0.1323350496924725	0.08151996503218327	-0.02293051515617326	0.037948281786371704	-0.09533360835403293	-0.14370643427758686	-0.1783587538276729	-0.1958710888089405	0.1944702245612598	0.17422720250847729	-0.13707000119845006	-0.08660352748325756	-0.027750628360112203	0.03374964991286533	0.0919291614591808	-0.14119092365745226	-0.17684881144211664	-0.19554946908362061	0.1955494690839801	-0.17684881144200962	-0.14119092365736804	0.0919291614592123	-0.03374964991289161	-0.027750628360093874	-0.08660352748325532	0.13707000119841556	0.17422720250843787	0.19447022456130938	0.1958710888089543	-0.1783587538275957	-0.14370643427755572	0.09533360835396737	0.03794828178635355	0.02293051515622074	0.08151996503220511	-0.1323350496925223	0.17070863965225808	-0.19321872902356502	-0.19798085421259276	-0.18477798820724992	-0.15501934728674827	-0.11154319721277865	0.058303841579604145
-0.046426135682417546	-0.09036234408305573	0.12939602683132373	-0.16129400303700553	-0.18413287339142378	0.19643959118442136	-0.19731715568752198	-0.18653540573343008	0.16457542409236872	-0.13262321024777862	-0.09251325632685754	0.04662612092921383	-0.0022533180225653105	-0.05110817958391303	-0.0968819850583754	0.13667920587372556	0.16796080060267418	-0.18872072814626098	-0.19762911943910857	-0.19412844674135374	-0.17847139306074597	-0.15169427114165834	0.11552853633280405	0.07226404431451504	0.024586683001982346	0.024586683002035772	-0.07226404431440417	-0.11552853633276146	0.15169427114168454	-0.17847139306076681	0.19412844674139462	0.19762911943914233	-0.1887207281461945	-0.16796080060262772	-0.13667920587372742	-0.0968819850583504	0.05110817958385527	0.0022533180225147026	0.04662612092926361	0.0925132563269396	-0.13262321024780518	-0.1645754240923729	0.1865354057334817	-0.19731715568743016	0.19643959118427945	0.1841328733915718	0.16129400303703417	0.1293960268314495	0.09036234408301007	-0.04642613568246261
-0.03441998839043439	-0.06788659706291635	0.0994337051478565	-0.12808769130975442	-0.152896062216072	0.1729722336103847	-0.18754514451139662	-0.19600498906594954	0.19794042836530013	-0.19316550262497337	-0.18173588314335098	0.16395464256042738	0.14036785271266086	0.11175029222999423	0.07908148538075753	-0.04351228646857978	-0.006322355288593931	-0.031130766883425885	-0.067469555220786	-0.10135873705033434	-0.1315674655199818	-0.15702504196573686	0.1768626892817421	0.1904354801496111	0.19732410039838408	-0.1973241003987453	0.19043548014946585	0.17686268928163865	-0.15702504196576206	0.13156746551999574	-0.10135873705035228	-0.06746955522078686	0.031130766883383273	-0.006322355288622778	-0.043512286468641054	-0.07908148538081507	0.11175029223000281	0.14036785271270594	-0.16395464256043657	-0.18173588314345446	0.19316550262496038	0.19794042836527068	-0.19600498906597344	0.18754514451128806	-0.1729722336102376	-0.15289606221617774	-0.12808769130976574	-0.09943370514794345	-0.06788659706287457	0.03441998839046502
-0.022545299992903705	-0.04489000607785663	0.06681137862324563	-0.08805237697534656	-0.10832261900826771	0.12730882130118812	-0.1446891104960894	-0.16014719989694656	0.17338466785284548	-0.18413102873397727	-0.19215191216565228	0.19725581683989024	0.19929985310455975	0.19819475742739334	0.19390928917475683	-0.18647391426751056	-0.1759834450456013	0.16259804618586107	0.1465417537017328	0.12809746999937238	0.1075974999746517	0.08540941788715586	-0.06191866573732864	-0.03751148800281478	-0.012563316321202202	-0.012563316321223587	0.03751148800275238	0.06191866573730502	-0.08540941788717131	0.10759749997466769	-0.1280974699994053	-0.14654175370176864	0.16259804618583173	0.17598344504558305	0.18647391426758084	0.19390928917480071	-0.198194757427344	-0.19929985310456982	0.1972558168398524	0.19215191216572589	-0.18413102873392667	-0.1733846678527864	0.160147199896934	-0.14468911049597802	0.1273088213010527	0.10832261900831952	0.08805237697533622	0.06681137862328942	0.044890006077818574	-0.022545299992918908
-0.011104058855099377	-0.022237070209163632	0.03341686676535533	-0.04464332604147546	-0.055897090382957905	0.06714218937578101	-0.07833012159998577	-0.0894037164506734	0.10030009960478259	-0.1109527153441896	-0.12129262105511167	0.1312493360097116	0.14075152477615477	0.1497277809745582	0.15810776238423974	-0.16582390907003258	-0.17281393859535213	0.1790242265921167	0.1844139895464059	0.18895981205689466	0.19265946347631008	0.1955332587480712	-0.19762088509781733	-0.19897236237792304	-0.19963409302715177	0.19963409302752075	-0.19897236237776977	-0.19762088509772568	0.19553325874812494	-0.19265946347635834	0.18895981205696272	0.1844139895464666	-0.1790242265920886	-0.17281393859534316	-0.16582390907009745	-0.15810776238428054	0.14972778097452724	0.14075152477616756	-0.13124933600969116	-0.12129262105516454	0.11095271534416333	0.10030009960475264	-0.08940371645066958	0.0783301215999286	-0.0671421893757115	-0.05589709038298624	-0.04464332604147175	-0.03341686676537818	-0.022237070209145247	0.011104058855107226
