0.029649371630803664
0.029620644491885693
0.029584511670198654
0.029547776000991358
0.029513394907499622
0.0294824319804252
0.02945566094620878
0.029434297996438326
0.029419573190952626
0.029411593990542894
0.029409115600024082
0.029410221633702615
0.02941282227822069
0.02941514444853018
0.029416274788233242
0.02941616676109244
0.029415192128501733
0.029413794876302416
0.029412416071314264
0.02941155958033049
0.02941186766826391
0.029414087987384728
0.029418720488204268
0.02942504936373813
0.029430074176680643
0.029430074176688945
0.0294250493637325
0.029418720488206523
0.02941408798738493
0.02941186766826397
0.02941155958033077
0.02941241607131416
0.02941379487630251
0.02941519212850177
0.029416166761093
0.029416274788233297
0.029415144448529346
0.02941282227821998
0.029410221633703586
0.02940911560002364
0.02941159399054288
0.029419573190952227
0.029434297996437663
0.029455660946209314
0.029482431980425782
0.029513394907500528
0.029547776000990622
0.02958451167019801
0.02962064449189492
0.029649371630777525
