0.9021447412095396
0.901369202058284
0.9000618116405814
0.8981994922466808
0.8957484356321104
0.8926628397610674
0.8888833817108066
0.8843353623451845
0.8789264652543743
0.8725441069655134
0.8650524122658448
0.8562889401356287
0.8460614372058044
0.8341451417167952
0.8202815436528761
0.8041800647063697
0.7855248606213
0.7639897753616327
0.7392650844507191
0.7110993851108788
0.6793577290792623
0.6440916392532585
0.6056077620658289
0.5645121716475753
0.5217033554391836
0.47829664456079557
0.4354878283524598
0.3943922379341426
0.35590836074673515
0.32064227092073727
0.28890061488912466
0.2607349155492835
0.23601022463836055
0.21447513937870005
0.19581993529362413
0.1797184563471216
0.16585485828320473
0.1539385627941949
0.14371105986436952
0.1349475877341559
0.1274558930344852
0.12107353474562424
0.11566463765481319
0.11111661828919209
0.10733716023892945
0.10425156436788677
0.1018005077533172
0.09993818835941601
0.09863079794171245
0.09785525879045831
