0.029649371630771054
0.029620644491895068
0.02958451167019728
0.029547776000991125
0.029513394907500344
0.029482431980426087
0.029455660946209092
0.029434297996437927
0.029419573190952376
0.02941159399054293
0.029409115600023527
0.02941022163370373
0.029412822278219918
0.0294151444485295
0.029416274788233367
0.029416166761092752
0.029415192128501723
0.029413794876302517
0.029412416071314146
0.029411559580330746
0.029411867668263838
0.02941408798738523
0.029418720488206363
0.029425049363732504
0.029430074176691336
0.029430074176680025
0.02942504936373829
0.029418720488204653
0.029414087987384194
0.02941186766826393
0.029411559580330593
0.0294124160713142
0.02941379487630235
0.029415192128501747
0.029416166761092735
0.029416274788233283
0.029415144448530037
0.02941282227822086
0.029410221633702452
0.029409115600024283
0.029411593990542793
0.0294195731909526
0.029434297996438104
0.029455660946208828
0.029482431980425473
0.029513394907500174
0.0295477760009916
0.029584511670198876
0.029620644491888063
0.029649371630808413
