0.029357599727953244
0.02934556180247369
0.02933052298205371
0.029316796618645148
0.029307403715002404
0.029304186571586358
0.02930818891755041
0.029319628927781775
0.029337556982434065
0.02936019884173705
0.029385744816549226
0.029411027282386867
0.029429710416760797
0.02943609924640142
0.029430927404729246
0.029419250439300822
0.029405349724235447
0.029391392749302095
0.029378259630575602
0.02936634814737037
0.02935593891585797
0.02934726999836266
0.029340518383404932
0.02933583406993688
0.02933340364426197
0.029333403644258203
0.029335834069937977
0.029340518383405675
0.02934726999836154
0.029355938915858443
0.029366348147370415
0.029378259630575526
0.029391392749301498
0.029405349724235242
0.029419250439301114
0.02943092740472926
0.029436099246401178
0.029429710416761297
0.029411027282386745
0.029385744816549757
0.029360198841737364
0.029337556982434766
0.02931962892778075
0.029308188917551062
0.029304186571586427
0.029307403715001797
0.02931679661864609
0.029330522982057603
0.029345561802477212
0.029357599727878107
