0.029357599727951645
0.02934556180249063
0.02933052298206386
0.02931679661865019
0.029307403715007126
0.02930418657158998
0.02930818891754973
0.029319628927779187
0.02933755698243576
0.029360198841737368
0.029385744816547682
0.029411027282385174
0.029429710416761096
0.02943609924640122
0.029430927404728593
0.029419250439300382
0.029405349724235384
0.02939139274930195
0.02937825963057538
0.029366348147369055
0.02935593891585826
0.02934726999836436
0.02934051838341099
0.029335834069940003
0.029333403644253783
0.029333403644258287
0.029335834069938803
0.02934051838341003
0.0293472699983654
0.02935593891585757
0.029366348147369353
0.029378259630575054
0.029391392749302504
0.029405349724235565
0.029419250439300465
0.029430927404728597
0.029436099246401295
0.029429710416760894
0.029411027282385455
0.029385744816547096
0.029360198841737028
0.029337556982435366
0.029319628927779957
0.029308188917549122
0.02930418657159053
0.029307403715007906
0.029316796618649436
0.029330522982062877
0.029345561802493283
0.029357599727944893
