-0.01312163855566537	-0.026209125069323273	-0.03922241253914155	-0.05211138234636655	0.06481434115342163	0.07725911211254584	0.08936589457107992	0.10105084554537956	0.11222952705100352	-0.12281971925398785	-0.13274343519802703	-0.14192821687582285	0.15030794912451073	-0.1578235326962015	-0.16442385259195155	0.1700675944041014	-0.17472660093623069	-0.1783915589061729	0.18108067456892285	0.1828512673100698	0.18381235861011938	0.1841330577959108	-0.18403776423531595	0.1837783428629192	-0.1835807864670655	-0.1835807864670412	0.18377834286278816	-0.18403776423530227	0.18413305779590727	-0.18381235861012993	-0.18285126731009912	-0.18108067456897656	-0.17839155890614203	0.17472660093611636	-0.170067594403968	-0.164423852592039	0.15782353269623234	0.1503079491245503	-0.1419282168757534	0.13274343519806323	0.12281971925403071	-0.11222952705103556	0.10105084554533787	-0.08936589457102803	-0.07725911211257523	-0.06481434115345851	0.052111382346400274	0.03922241253911395	0.026209125069426478	-0.013121638555749401
-0.025114346753935948	-0.04987138109057941	-0.07390763350609698	-0.09685124760298822	0.11832579644641525	0.13795980739447444	0.15539987960004623	0.17032475310191816	0.18245815730347004	-0.1915791437197089	-0.1975294363699365	-0.20021791529279434	0.19962266576332133	-0.19579113252087688	-0.18883887793498594	0.17894729045144214	-0.16636030872465518	-0.15137975030583856	0.13435808434660107	0.11568650174649464	0.09577532480642009	0.07502429302757273	-0.053783879917823435	0.03231660167057589	-0.01077623148451142	0.010776231484508209	-0.032316601670563286	0.053783879917832934	-0.07502429302757004	0.09577532480643244	0.11568650174651707	0.1343580843466479	0.15137975030580644	-0.16636030872454646	0.17894729045130875	0.18883887793509077	-0.19579113252091432	-0.19962266576337362	0.20021791529269437	-0.1975294363699892	-0.191579143719775	0.18245815730351697	-0.17032475310184236	0.15539987959995102	0.137959807394523	0.1183257964464803	-0.09685124760304817	-0.07390763350604374	-0.049871381090776316	0.0251143467540981
-0.036875885494426476	-0.07249500632171511	-0.1056258245123958	-0.13509347000920993	0.15981999388784562	0.17887114851508595	0.1915039653082576	0.19720858657243404	0.1957391118808565	-0.18713042601746357	-0.1717000942592325	-0.15003596960465848	0.12297107087112706	-0.09154765945734346	-0.0569724141306944	0.020564310350011945	0.016303627343501288	0.05226793015246159	-0.08604283888480709	-0.11649095221275788	-0.14269077113053746	-0.16398909007258908	0.18001882331956123	-0.19066181559296086	0.1959523255761679	0.19595232557614434	-0.19066181559282697	0.1800188233195493	-0.16398909007260037	0.1426907711305546	0.11649095221279136	0.08604283888484478	0.052267930152488415	-0.016303627343519353	-0.02056431034998003	-0.05697241413070185	0.09154765945732492	0.12297107087112938	-0.1500359696045522	0.1717000942592498	0.1871304260175038	-0.19573911188087373	0.197208586572314	-0.19150396530810904	-0.17887114851512345	-0.15981999388791382	0.13509347000927271	0.1056258245123042	0.07249500632199402	-0.03687588549466381
-0.048713643411054844	-0.09445964437897553	-0.1344264726357204	-0.1661171694258669	0.18750614994029327	0.1971821921319189	0.1944607232713387	0.17944945032228854	0.15305682776445947	-0.11694018974421601	-0.07339734979611619	-0.02521089626734047	-0.024542040944833168	0.07269994338514604	0.11623188248146597	-0.15244267574372988	0.17915452100036464	0.19485239184604086	-0.19878105021136502	-0.1909816103341425	-0.17225626946848233	-0.14405449839807744	0.10828825148049695	-0.06711075404917896	0.022723171772813713	-0.022723171772804137	0.06711075404915035	-0.1082882514805141	0.14405449839807688	-0.17225626946850867	-0.19098161033418956	-0.198781050211445	-0.19485239184603304	0.17915452100027868	-0.15244267574363685	-0.11623188248156206	0.07269994338521123	0.024542040944884554	0.025210896267276878	-0.07339734979608879	-0.11694018974421658	0.15305682776443572	-0.179449450322146	0.1944607232711609	0.19718219213193758	0.18750614994035464	-0.16611716942592458	-0.13442647263559207	-0.09445964437933228	0.04871364341136616
-0.0603868897659253	-0.115031855110829	-0.1587068867491065	-0.1871816089456954	0.19763864830433056	0.1889749104434086	0.16194503228021356	0.11911803700807373	0.06464200581809541	-0.0038376486341908504	0.057335909193184854	0.11288449701908358	-0.15738582693781047	0.1865354029420052	0.19757462166234946	-0.18955719244690403	0.1634263202996943	0.12189326612217131	-0.06912698453534818	-0.010284692978696107	0.04906432094168901	0.10354420082258564	-0.14850782001297183	0.18040177962204337	-0.1969081910498551	-0.19690819104983398	0.1804017796219149	-0.1485078200129546	0.10354420082260851	-0.04906432094169535	0.010284692978687839	0.06912698453537164	0.12189326612212438	-0.1634263202995831	0.1895571924467697	0.1975746216624713	-0.18653540294206752	-0.1573858269378835	0.11288449701907088	-0.05733590919324382	0.003837648634151725	-0.06464200581802985	0.11911803700793706	-0.16194503228003496	-0.18897491044339626	-0.19763864830436573	0.18718160894573233	0.1587068867489399	0.11503185511125076	-0.06038688976630306
-0.07185964407277089	-0.13392196927773406	-0.17768598561659227	-0.19709435341046883	0.1893849389962922	0.15551742561835089	0.10009110995299826	0.030742090840787235	-0.04290797219491015	0.11060363747579041	0.16290928910966365	0.19254893038949114	-0.19543460530864878	0.17123399941836903	0.12339690643902514	-0.05863945429925496	-0.014036900035650595	-0.08464748317742125	0.14365503269094967	0.1833117974276465	0.19870044747701185	0.18830159162279117	-0.15400208340364957	0.10059100833037124	-0.034932407397369636	0.03493240739732976	-0.1005910083303039	0.15400208340364965	-0.18830159162278093	0.19870044747703072	0.183311797427693	0.1436550326910104	0.08464748317747116	-0.014036900035696801	-0.0586394542991785	-0.12339690643904948	0.17123399941835107	0.19543460530866913	-0.1925489303893831	0.16290928910971433	0.110603637475853	-0.04290797219500793	-0.030742090840670665	0.10009110995282763	0.15551742561827483	0.189384938996258	-0.19709435341044357	-0.17768598561636584	-0.13392196927819103	0.07185964407319563
-0.08304574388582044	-0.1507589188995279	-0.19059160567369285	-0.19509017699805736	0.1633137729286956	0.1010752707366229	0.019919943245352827	-0.06499981842483882	-0.13776630462227976	0.1847111926332447	0.19701575658633655	0.17238783998626117	-0.11548919370960077	0.037032869261261696	-0.0482704341422681	0.1245164027816692	-0.17761782238404067	-0.19793947800455627	0.1820469861612898	0.13323161952128737	0.060720124931046275	-0.022238622971065967	0.10095762471794648	-0.16196124961356273	0.1951436618192129	0.19514366181920348	-0.16196124961346556	0.10095762471795483	-0.02223862297113893	-0.0607201249310141	-0.13323161952127585	-0.18204698616133932	-0.19793947800453945	0.17761782238397822	-0.12451640278163384	-0.04827043414238469	-0.037032869261140376	-0.11548919370952108	0.1723878399860817	-0.19701575658633522	-0.18471119263329752	0.1377663046223754	-0.06499981842491377	-0.019919943245203978	-0.10107527073646422	-0.1633137729285582	0.19509017699793185	0.1905916056733868	0.15075891889998888	-0.08304574388626977
-0.0939256334532692	-0.16533385213781165	-0.19705372181119885	-0.1813780756641915	0.12197303472589482	0.033080529682090604	-0.06385292062757063	-0.14534605421418448	-0.19160141177983409	0.19135795770856653	0.14466391213835908	0.06287231548479033	0.034142421117829516	-0.12285452114048771	-0.18183420829944827	0.19695102193885738	-0.16475325837981475	-0.09320181990829521	-0.00040087379422732247	-0.09373969047233366	-0.1649495712822172	-0.19779883086180794	0.18528428542187306	-0.13083873832520024	0.04710573528447255	-0.047105735284476556	0.13083873832516357	-0.18528428542190875	0.19779883086183564	-0.16494957128223767	-0.09373969047235296	-0.0004008737941975361	0.09320181990827076	-0.16475325837974675	0.19695102193877365	0.18183420829962382	-0.12285452114061961	-0.03414242111793553	-0.06287231548466633	0.14466391213834393	0.19135795770862313	-0.1916014117799157	0.14534605421420627	-0.06385292062766483	0.03308052968188425	0.12197303472568632	-0.18137807566399275	-0.197053721810848	-0.16533385213828616	0.09392563345374683
-0.10444924251810088	-0.17740928665239394	-0.1968286526317346	-0.15675342594175495	0.06920448583073281	-0.039358368910591905	-0.13599531175826823	-0.1912952946166807	-0.1883768564116823	0.12809077756164386	0.02879227919147604	-0.07926499530150981	0.16318730736494405	-0.1974930798093178	-0.1718620838058431	0.09420812916287431	0.011843054597424452	0.11425574653962778	-0.1823753686569063	-0.1961588757558106	-0.15199843795555645	-0.0634167586094407	-0.04339189920951257	0.13753239305261777	-0.192272894512159	-0.19227289451216678	0.13753239305256684	-0.04339189920956276	-0.06341675860930619	0.15199843795548174	0.19615887575577834	0.18237536865693005	0.11425574653966668	-0.0118430545974853	-0.09420812916276079	-0.17186208380588788	0.19749307980933203	0.16318730736500422	-0.07926499530153222	-0.02879227919141444	-0.12809077756163567	0.18837685641167412	-0.19129529461661104	0.13599531175827995	0.03935836891083239	-0.06920448583043982	0.15675342594144687	0.19682865263130286	0.17740928665283284	-0.10444924251857965
-0.11457901642386469	-0.1868069357681434	-0.18992922552713698	-0.12270234421084053	0.009954258033863682	-0.10650911409137481	-0.18338010609758573	-0.19199197483054053	-0.12907583418418633	0.01804713540214154	-0.09970899113564256	-0.1803006665166783	0.19372988597422394	-0.13506782734769318	-0.02622324726509963	-0.0923233789258329	0.1766711764713676	0.19581499720850312	-0.14300551232815975	-0.03795398465384226	0.08080199847699206	0.17030043172250278	-0.198754211124237	0.15657017129922057	-0.059119304540001645	0.05911930454003818	-0.15657017129920967	0.19875421112430536	-0.17030043172258588	0.08080199847702732	-0.03795398465383815	-0.1430055123282504	-0.19581499720853587	0.17667117647136998	-0.09232337892586089	0.026223247265008267	-0.13506782734760991	-0.19372988597422808	0.1803006665165999	-0.09970899113572139	0.01804713540208789	-0.12907583418410648	0.19199197483041278	-0.1833801060975268	-0.10650911409161883	0.009954258033523832	-0.12270234421045165	-0.18992922552665345	-0.18680693576855092	0.11457901642434447
-0.12427493103438852	-0.1933816821514898	-0.1765854441279117	-0.08126893730387762	-0.050230222365384915	-0.15934956116987253	-0.1973782416852789	-0.14726658389573166	-0.03134667400706863	-0.09858735531903416	-0.18444470877807423	-0.1878543427827807	0.10733319465090828	0.02110231867633269	0.14012145264876782	-0.19674423898553908	0.1659389885831496	0.06159541691926386	0.06993850558671826	0.1706838818833596	0.19671825272739252	0.13718806248117874	-0.01840548520499957	-0.10823186369967153	0.18859042502687223	0.18859042502687562	-0.10823186369960525	-0.018405485204997834	0.13718806248109078	-0.19671825272734578	-0.1706838818833215	-0.06993850558664513	0.061595416919273664	-0.16593898858311	0.19674423898546392	0.14012145264890763	-0.02110231867642792	0.10733319465088666	-0.18785434278266538	0.1844447087781432	0.09858735531910062	0.03134667400696525	-0.1472665838956052	0.1973782416851827	0.15934956117009366	0.050230222365729216	0.0812689373034468	0.17658544412741708	0.19338168215188103	-0.12427493103487539
-0.13350131657269826	-0.19703603545156964	-0.15725229216737477	-0.03494784481990368	-0.10570889732591718	-0.1907780732195654	-0.17544041870689686	-0.06770025030844579	0.07571512186375702	-0.17921391146705257	-0.18822626278291135	-0.09801483920584803	-0.043847340502879334	0.16262516418454429	0.1958522395627472	-0.12617589482127864	-0.009690509584908582	-0.14049950224637628	0.19799622590222477	0.1525301490384277	0.028074787321255384	-0.11086566037308763	0.19302630785089214	-0.1768289707998211	0.07090718384584689	-0.0709071838458599	0.1768289707997878	-0.19302630785095412	0.1108656603732204	0.028074787321176176	0.1525301490383694	0.19799622590223684	0.14049950224640106	-0.009690509584976277	-0.12617589482113342	-0.19585223956279063	0.16262516418456974	0.04384734050292793	0.09801483920571433	-0.18822626278289542	-0.17921391146707957	0.07571512186385655	0.06770025030831174	-0.17544041870672705	-0.1907780732196886	-0.10570889732621887	-0.03494784481943102	-0.15725229216683723	-0.19703603545188125	0.13350131657314507
-0.14222299042637698	-0.19771428085433967	-0.1325850004020277	0.013475188639833359	-0.15128475488757848	-0.19657126453915216	-0.12156012361554239	0.02788355755158601	0.16023557331883664	-0.19438386549609607	-0.10939288988520679	0.04264121406676475	-0.16856140429677255	0.19128253938127154	0.09697537204814688	0.0566170901659938	-0.17569135200738603	-0.1877717797816953	0.08573750923449185	-0.06829618253692311	-0.18118047051763017	-0.18521494148753614	0.0784279101583612	0.07512960752894218	-0.18416034701606968	-0.1841603470161058	0.07512960752895115	0.0784279101583119	-0.18521494148746556	0.18118047051764913	0.06829618253699017	-0.0857375092345044	-0.1877717797816788	0.1756913520074251	-0.05661709016613436	0.09697537204798803	-0.19128253938115264	-0.1685614042968107	0.04264121406688921	0.10939288988504407	0.19438386549601497	-0.16023557331888105	0.02788355755172878	0.12156012361526028	0.19657126453909282	0.15128475488777712	-0.013475188640339437	0.13258500040141172	0.19771428085449785	-0.14222299042672454
-0.15040703542178435	-0.19540623559449102	-0.10342029684544496	0.06108775046843272	-0.18268878114061884	-0.17595134686491856	-0.04554796759069281	0.11687034654606558	0.19705061042546296	-0.13855598953624182	0.017454680080637185	0.16118969359959043	-0.19153277810325395	0.08718685095059528	-0.0784537761758619	0.18905313997486237	-0.16710363060454062	-0.028128891805237574	-0.13058476657891338	-0.19837520283970667	-0.1283490838995934	0.03062934829580616	-0.1686374573518792	0.19089333163580488	-0.08241909545805758	0.08241909545811907	-0.19089333163579889	0.1686374573519318	-0.030629348295921347	-0.12834908389958488	-0.19837520283972054	-0.13058476657889412	0.028128891805243493	-0.1671036306045683	0.18905313997490497	0.0784537761760815	0.08718685095046173	0.19153277810331254	-0.16118969359966723	0.01745468008086092	-0.1385559895361283	0.1970506104254817	-0.11687034654620587	-0.04554796759036154	-0.1759513468647219	-0.18268878114073303	0.0610877504689553	-0.10342029684479363	-0.19540623559452702	0.15040703542204706
-0.1580224621356533	-0.19014668312707975	-0.07074741366865135	0.1050260099979168	-0.19697906718957306	-0.1316888943840211	0.03875689101769404	0.17820726711283777	0.1751996676442557	-0.03212106024759791	0.1366413147342822	0.1961678979252551	-0.09889580646450731	-0.07741797963280157	-0.19195100216333283	0.15334111129836106	0.007538737753556197	0.16251084819348433	-0.1884108318517401	-0.06486585716740605	0.11014605676700112	0.19848354382745398	-0.13086727795367262	-0.039392805122888105	0.17900869207226106	0.1790086920723205	-0.03939280512294647	-0.13086727795360187	0.1984835438274245	-0.11014605676705448	0.06486585716730162	0.18841083185170934	0.1625108481934669	-0.00753873775360025	-0.15334111129823677	-0.19195100216342334	0.0774179796328675	-0.09889580646452417	0.19616789792521805	-0.1366413147344616	0.03212106024747836	-0.17519966764421177	0.17820726711292897	-0.03875689101802715	0.13168889438369152	0.19697906718957084	-0.10502600999841667	0.07074741366797538	0.19014668312696428	-0.1580224621357996
-0.16504051922467924	-0.18201512864615665	-0.03567472050714709	0.14264706617126885	-0.19281688187225132	-0.06973139267826457	0.11600542679832054	0.19738307766559057	0.10118840326317878	0.08604586518759051	0.19585408812787006	0.12944083661961286	0.053434349646265505	-0.18829341109054443	-0.15392130974021928	-0.01875562313038323	0.1746895685963037	0.17407181230687738	-0.017554405546876834	0.15483323765871151	0.18930915284932015	0.05535429392910022	0.12794272884992544	-0.19826793115870775	0.09360916948807896	-0.09360916948814813	0.19826793115871888	-0.12794272884998836	-0.05535429392897891	0.18930915284935582	0.1548332376587979	-0.01755440554688608	-0.17407181230687316	0.17468956859638202	-0.01875562313055446	0.15392130974012405	-0.18829341109050554	-0.05343434964629856	-0.12944083661949096	0.19585408812793764	0.08604586518767068	0.10118840326309435	-0.19738307766562477	0.11600542679860086	-0.06973139267786156	-0.1928168818721549	0.14264706617172684	-0.035674720506482786	-0.18201512864591887	0.1650405192247214
-0.17143466796173443	-0.17113438216919838	0.0006080867031275318	0.17168805066384646	-0.17059211317212158	0.0015959412779405048	0.17213324506082084	0.16986105368222304	-0.0029486085559060683	0.17278494025368743	0.1691036902714006	-0.00439617320861603	0.17351178135524095	-0.16848985891868778	0.005614554536811471	-0.17417066833500305	0.16824764664128566	-0.006185539923608056	0.1746086280248978	0.16879973757507732	-0.005373516694955441	-0.1745039070464532	0.17065235794699418	0.002275104794138852	-0.17315714273133748	-0.1731571427313892	0.002275104794175813	0.17065235794695274	-0.17450390704646593	0.005373516694968784	-0.16879973757503516	-0.17460862802484545	-0.006185539923581993	-0.1682476466413255	0.17417066833505923	0.00561455453699652	0.1684898589185791	0.17351178135530004	-0.004396173208742825	-0.1691036902713452	-0.17278494025370325	0.002948608555996683	0.16986105368220744	-0.1721332450610096	-0.0015959412783556886	0.1705921131719553	-0.17168805066424703	-0.0006080867037517367	0.1711343821688614	-0.17143466796167928
-0.17718073569796813	-0.15766878507544263	0.03687026868039462	0.19040220075247877	-0.13238674315215473	0.0727088234007209	0.19692130446233833	0.10215246423531496	-0.10620776850358918	0.1964151960176598	0.06813130434783207	-0.13595392641413406	0.18885814721575844	-0.03175128957122608	0.160718283190246	-0.17467465207945962	-0.0053854695028408865	-0.1796267082739076	0.15484156345965763	-0.04152424139934004	-0.19228313419424153	-0.13094978727406287	-0.07487654527041812	0.19869382512474984	-0.10443349545997872	0.10443349546005853	-0.1986938251247665	0.07487654527046937	0.13094978727395404	-0.19228313419427984	-0.04152424139943679	0.15484156345964126	0.17962670827387217	-0.005385469502862865	-0.1746746520793643	-0.16071828319036516	-0.03175128957113848	-0.1888581472158151	0.13595392641419005	0.06813130434769982	0.1964151960176194	-0.1062077685036524	-0.10215246423526962	0.19692130446242007	0.07270882340109258	-0.1323867431519506	0.19040220075281497	0.03687026868095741	-0.15766878507503065	0.17718073569782533
-0.18225699869630588	-0.1418217225498799	0.07188177636332264	0.19766388124474457	-0.08177974591828495	0.13405181426368254	0.1858565194872422	0.010276136473717213	-0.17784680108063833	0.14830579699445057	-0.06274486731038516	-0.19702499094212356	0.09021044403110487	0.12702325951321863	0.1889502530923468	-0.019819304358892377	-0.1736669195095083	-0.15512839717639623	-0.05286344109428755	-0.19667344235613546	-0.10104493863138424	0.11777616795564891	-0.1939359911758852	0.03492239441412949	0.16662886143921316	0.16662886143926994	0.034922394414091146	-0.1939359911758601	0.11777616795571924	0.10104493863138858	0.1966734423561579	0.05286344109424943	-0.15512839717638155	0.17366691950957494	0.019819304358730125	0.1889502530923111	-0.12702325951323518	0.0902104440311165	-0.19702499094208367	0.0627448673105481	-0.14830579699436414	0.17784680108066175	0.010276136473636973	-0.18585651948720333	-0.13405181426397336	0.08177974591805072	-0.19766388124499973	-0.07188177636381311	0.14182172254939832	-0.1822569986960707
-0.18664426855906271	-0.12383255469229479	0.10445498072717241	0.19303630700697802	-0.023511843330336946	0.17738226094807258	0.1409534284583578	-0.08403136842013528	-0.19653735273386963	0.04602845006498512	-0.16608143114009383	-0.15594647279510496	-0.06288793501399065	0.19764137119331673	0.06802399785193251	0.15266375884028752	-0.16937190376773095	0.04031348208517201	-0.19640578509809348	-0.09049536120507887	0.1363601671633815	0.18197067973377082	0.014570098003962351	-0.19215598829447322	0.11484973673338862	-0.11484973673349258	0.19215598829449146	-0.01457009800398113	-0.18197067973370884	0.13636016716340207	-0.09049536120502788	-0.1964057850980583	-0.040313482085135084	-0.16937190376780006	0.15266375884037012	-0.06802399785179938	0.19764137119326922	0.06288793501402393	0.1559464727950141	-0.16608143114023116	0.04602845006489994	-0.1965373527338702	0.08403136842023701	0.14095342845823217	0.17738226094826662	-0.02351184333010086	0.19303630700716648	0.10445498072758844	-0.12383255469177447	0.1866442685587542
-0.19032595975945152	-0.10397299368866006	0.1334849653224136	0.17679782074145828	0.03695858607414402	0.19687785057701643	0.07038739477808774	-0.15845831845843372	-0.1567148793787105	-0.07306055887398526	-0.19652250671508714	-0.03401594129643857	-0.17802739372235193	0.13109280402545145	-0.10660072507817415	0.18936443841072995	0.0032315342040335365	0.19133195814124498	-0.10156190272250398	0.1359272566327926	0.17651300940643566	-0.03894608023108543	0.19846671162595386	-0.07089596054187394	-0.159449422954135	-0.15944942295417422	-0.07089596054186964	0.19846671162593363	-0.03894608023116252	-0.1765130094064685	-0.13592725663283345	0.1015619027225438	0.191331958141197	-0.003231534204011297	-0.18936443841067999	-0.10660072507828729	-0.1310928040253926	-0.17802739372241472	-0.034015941296366925	0.19652250671516389	0.07306055887403003	0.15671487937872067	-0.15845831845854697	-0.07038739477792991	-0.1968778505771223	-0.03695858607435402	-0.17679782074161352	-0.13348496532276757	0.10397299368814251	-0.19032595975910838
-0.19328815410481073	-0.08254300221332281	0.15798700432410784	0.14992514973737867	0.09396683522760374	0.18991895896834374	-0.012993849023021968	-0.1953964228513503	-0.07023531448948506	-0.16546456579410337	-0.1407070724257189	0.10555049734900931	-0.18571019718392023	-0.026436532233094213	-0.1970743319896411	0.0576403666988017	0.17262373016212992	0.13151238299662227	0.11655206509584107	0.18173830100838703	-0.0386696502194511	-0.1988422058949932	0.047145218586813	0.17888353574565585	-0.12481718144797276	0.12481718144805345	-0.17888353574568255	-0.04714521858677456	0.19884220589496204	-0.038669650219472794	0.18173830100835223	0.11655206509578797	-0.13151238299658854	0.17262373016218183	0.05764036669864876	0.19707433198964097	-0.026436532233142882	0.18571019718395815	-0.10555049734903392	-0.1407070724256853	-0.16546456579409013	-0.07023531448948665	0.1953964228514375	-0.012993849023187344	0.18991895896833694	0.09396683522776669	0.14992514973748494	0.15798700432438598	-0.08254300221281423	0.19328815410441816
-0.1955196534295444	-0.059866263382544894	0.17712996372304549	0.11403465419671743	0.14217252588493712	0.15744065237363417	-0.09400934428243937	-0.18610668381849357	0.037154680026053474	-0.19743347202995415	-0.023133312187142083	0.19039322079770324	-0.08129903432184347	-0.1656184376675878	-0.131976531578732	-0.12535027115501085	0.17047609332767985	-0.07322712550044505	0.19320173396577936	-0.013933055461031584	-0.1979145957515794	-0.047192785076149255	-0.18380640784079336	0.1043847919289832	0.15164689781088322	0.15164689781089058	0.10438479192903527	-0.18380640784077085	-0.04719278507610312	0.19791459575163536	0.013933055461050841	-0.19320173396581006	-0.07322712550040052	-0.17047609332779398	0.12535027115511488	-0.13197653157867084	0.16561843766760093	-0.0812990343218757	0.19039322079769042	0.023133312187051915	0.19743347202993095	-0.037154680026039354	-0.18610668381858875	0.09400934428258596	-0.1574406523735734	-0.14217252588506693	-0.11403465419681556	-0.1771299637232932	0.059866263382079586	-0.19551965342915895
-0.19701202198072823	-0.03628529165634205	0.19026449471417012	0.0712851057926068	0.1770598800039592	0.10380704192463616	-0.15790885609541852	-0.13278691292035497	0.13348299796641713	-0.15729079604839638	0.10459398601170646	0.17652466589432353	0.0721839158718794	-0.18985816076870762	0.03730416462002823	-0.19685171751442862	-0.001077225581034152	-0.19727407930893984	0.03535407683072324	-0.19109104550396994	-0.07086550262749307	0.17839819206069835	-0.10430175792365166	-0.1593416315277802	0.1342968779152274	-0.13429687791529674	0.15934163152779782	0.10430175792360892	-0.17839819206068996	-0.07086550262750028	-0.19109104550394954	0.035354076830800045	0.19727407930886506	-0.0010772255809793731	-0.19685171751439498	-0.037304164620102165	-0.18985816076867815	-0.07218391587187949	-0.1765246658942848	0.10459398601181516	-0.157290796048381	0.13348299796639615	0.1327869129204449	-0.1579088560955287	0.10380704192454292	0.17705988000405737	0.07128510579270271	0.1902644947144044	-0.03628529165593433	0.19701202198036608
-0.19775961809920636	-0.012156259112558711	0.19694506063186681	0.0242478404896572	0.19536074491405417	0.036224877062296594	-0.19305840280883543	-0.04805176295110765	0.19007081061210435	-0.05969844830583547	0.18641350340776552	0.07113512425063857	0.182096929836169	-0.08233289651539792	0.17713677724094712	-0.09326906878076759	-0.17156008299568726	-0.10393506598857256	-0.165404356915427	-0.11433929816738368	0.1586943270172953	0.1244752594074814	0.15137267701873056	-0.13421517959234128	-0.14325177990323568	-0.14325177990321916	-0.1342151795924296	0.15137267701869503	0.12447525940745637	-0.15869432701733038	0.11433929816738235	0.16540435691538705	-0.1039350659885722	0.17156008299574435	0.0932690687806589	0.17713677724097507	0.0823328965153721	0.1820969298362138	0.07113512425061688	-0.1864135034078546	0.0596984483058585	-0.1900708106120913	-0.04805176295119386	0.19305840280891148	-0.03622487706220596	-0.19536074491414068	-0.02424784048976432	-0.19694506063211978	0.012156259112226458	-0.1977596180988965
-0.19775961560274724	0.01215638417657992	0.19694504994249248	-0.024247904443147974	0.19536074514926857	-0.036224825309578705	-0.19305841796584838	0.048051708725869606	0.1900708165813911	0.05969845730927633	0.18641349612356345	-0.07113513726261433	0.18209693114701767	0.0823328827350022	0.1771367831125118	0.09326906894365503	-0.17156007521827155	0.10393508566723676	-0.16540434682820318	0.11433930190889935	0.15869433275317504	-0.12447524652099784	0.15137268671930626	0.13421517304826316	-0.14325178178993306	0.14325178178995118	-0.13421517304829944	-0.15137268671921367	0.12447524652103913	0.15869433275315625	0.11433930190890958	-0.1654043468282053	-0.10393508566719244	-0.17156007521833547	0.09326906894376179	-0.1771367831124271	0.08233288273502161	-0.1820969311470437	0.07113513726261819	0.1864134961235534	0.059698457309231255	0.19007081658134442	-0.04805170872581399	-0.19305841796584178	-0.036224825309658204	0.19536074514930127	-0.024247904443036896	0.19694504994272813	0.01215638417683044	0.19775961560244681
-0.19701201450070666	0.036285414831895534	0.1902644630085243	-0.07128516589821923	0.17705988068777107	-0.10380699712762684	-0.15790889880661885	0.132786871521635	0.13348301409754487	0.15729080176666416	0.104593967355176	-0.17652467215556994	0.07218391901446032	0.1898581565577633	0.03730417759804704	0.1968517175254295	-0.0010772099795254525	0.19727407731144975	0.03535409485114601	0.19109104426368714	-0.07086549371702668	-0.17839819937511406	-0.10430174520355316	0.15934163683775132	0.13429687591693923	0.13429687591691467	0.1593416368378674	-0.10430174520352822	-0.17839819937512402	0.07086549371705682	-0.19109104426372	-0.0353540948510865	0.1972740773114281	0.001077209979547446	-0.1968517175254651	0.037304177597936514	-0.18985815655777863	0.07218391901447953	-0.1765246721555699	-0.10459396735509557	-0.15729080176662577	-0.13348301409749824	0.13278687152163088	0.15790889880655867	0.1038069971276897	-0.17705988068777354	0.07128516589811489	-0.19026446300876665	-0.0362854148320633	-0.19701201450043493
-0.19551964099396557	0.05986638280837401	0.1771299120777568	-0.11403470684111747	0.1421725269511072	-0.15744062054877192	-0.09400940677429874	0.18610666504435708	0.037154701512859226	0.19743347236931597	-0.023133334022393422	-0.19039321706903603	-0.08129903125063541	0.16561844594013847	-0.13197652173197577	0.1253502710145035	0.17047610125912172	0.07322710401410595	0.193201738033861	0.013933050905755393	-0.19791459657413038	0.04719276904386474	-0.18380641356403538	-0.10438478436635377	0.15164689959671754	-0.15164689959675148	0.10438478436633308	0.1838064135639568	-0.04719276904387335	-0.19791459657413787	0.013933050905803617	0.1932017380338176	-0.07322710401415702	0.17047610125915763	0.1253502710144745	0.13197652173201402	0.16561844594016456	0.0812990312506133	0.1903932170690586	-0.023133334022483226	0.19743347236932313	0.0371547015128532	-0.1861066650444199	-0.0940094067742304	-0.1574406205488225	0.14217252695111332	-0.11403470684103793	0.17712991207803994	0.05986638280846325	0.19551964099375133
-0.19328813675970347	0.08254311608368312	0.15798693449330348	-0.1499251917568725	0.09396683657341684	-0.18991894438802615	-0.012993919922477122	0.19539643114999244	-0.07023529405133525	0.1654645606214585	-0.1407070878463734	-0.10555048557509925	-0.1857101960498639	0.02643654723290557	-0.19707433303112404	-0.05764036684601092	0.1726237225622065	-0.13151240031788344	0.11655205025311942	-0.18173830280441927	-0.03866965960151061	0.1988422062799646	0.047145204095564865	-0.17888353963174777	-0.12481717933790246	-0.12481717933791678	-0.17888353963183842	0.04714520409559677	0.1988422062799648	0.038669659601442634	0.1817383028044214	-0.11655205025310612	-0.13151240031783384	-0.17262372256222439	0.05764036684609989	-0.19707433303103125	-0.026436547232887027	-0.1857101960498287	-0.10555048557509421	0.14070708784642114	-0.16546456062146847	0.0702352940512992	0.19539643115006283	0.012993919922401523	0.1899189443880212	-0.09396683657340234	0.14992519175679914	-0.15798693449359183	-0.08254311608368223	-0.19328813675950604
-0.19032593757246918	0.10397310028735424	0.1334848796701264	-0.17679784960324474	0.036958587579581745	-0.19687785520789003	0.07038732838907089	0.1584583518539109	-0.15671486605856058	0.07306055009689925	-0.19652250897268522	0.03401595503272178	-0.17802739518751048	-0.13109279268351026	-0.10660073621396435	-0.18936443846780499	0.0032315185844529345	-0.19133195216137946	-0.1015619184047534	-0.13592725334678665	0.1765130051049876	0.03894609635686343	0.19846671276768652	0.07089595217446544	-0.15944942468567877	0.15944942468571338	-0.07089595217441857	-0.1984667127676263	-0.038946096356857	0.17651300510503676	-0.13592725334685102	-0.10156191840471576	0.19133195216139326	0.0032315185844423557	-0.18936443846788528	0.10660073621383025	-0.13109279268356436	0.17802739518749708	-0.034015955032748894	-0.1965225089726815	0.07306055009691856	-0.1567148660584984	-0.158458351853979	0.07038732838914107	-0.19687785520783777	0.036958587579549736	-0.17679784960319062	0.13348487967041728	0.1039731002872701	0.1903259375722857
-0.18664424161561619	0.12383265241318993	0.104454882151331	-0.19303632096306458	-0.023511841789796695	-0.17738228418851426	0.14095337869059002	0.0840314189856653	-0.1965373504695444	-0.04602845920961651	-0.16608141927986927	0.15594648141614156	-0.06288793814043717	-0.19764137131667683	0.06802398533967523	-0.15266375883576908	-0.1693719119665125	-0.04031345931461311	-0.19640578251360105	0.09049536514398096	0.13636017421563632	-0.1819706731725194	0.014570112823459032	0.19215599059766653	0.1148497345103815	0.11484973451038402	0.19215599059775793	0.014570112823438574	-0.1819706731725198	-0.13636017421561608	-0.09049536514392029	0.1964057825135722	-0.04031345931468958	0.1693719119665395	0.15266375883579905	0.06802398533972805	0.197641371316748	-0.06288793814047994	0.1559464814161863	0.1660814192798477	0.04602845920958851	0.1965373504694995	0.08403141898573281	-0.14095337869065933	0.177382284188449	0.023511841789842853	0.19303632096305945	-0.10445488215163246	-0.12383265241304131	-0.18664424161546136
-0.18225696709954597	0.1418218099174773	0.07188166821141312	-0.19766387946704023	-0.08177974450815512	-0.13405185295958752	0.18585649536216448	-0.010276080655927496	-0.17784681059461116	-0.1483058032171403	-0.06274484648404323	0.19702498991737835	0.09021044105784806	-0.12702327110601833	0.18895024919168996	0.019819304555255757	-0.17366691198293888	0.15512841146750786	-0.052863423574848946	0.19667344192156308	-0.10104493064200941	-0.11777618101951796	-0.19393598748820814	-0.03492238539390422	0.16662886325328816	-0.16662886325332593	0.03492238539382412	0.19393598748815313	0.11777618101951444	-0.10104493064206062	0.19667344192159034	-0.05286342357487837	-0.15512841146745265	-0.17366691198296075	0.019819304555290677	-0.18895024919162245	-0.1270232711060646	-0.09021044105777022	-0.19702498991742595	-0.06274484648402366	-0.14830580321711742	-0.1778468105946059	0.010276080655872	0.1858564953622337	-0.13405185295953284	-0.08177974450821104	-0.19766387946710307	0.07188166821172862	0.14182180991727716	0.1822569670994269
-0.17718069954304683	0.15766886072558972	0.03687015467900701	-0.19040218341210893	-0.13238674206974954	-0.07270887228742304	0.19692131030381355	-0.10215241629117448	-0.10620778706424587	-0.19641519717729083	0.06813132516823504	0.13595391606712282	0.1888581459480866	0.03175127428726903	0.16071829125945095	0.1746746525693564	-0.0053854534705281756	0.1796266981051711	0.15484157445226313	0.04152423732906806	-0.19228313694809	0.13094977514308503	-0.07487655888361824	-0.1986938257052305	-0.10443349311273678	-0.10443349311273105	-0.1986938257053113	-0.0748765588836058	0.13094977514307957	0.19228313694811203	-0.04152423732916603	-0.1548415744522043	0.17962669810521184	0.0053854534705427524	-0.17467465256943202	0.16071829125934445	-0.031751274287266144	0.18885814594803502	0.13595391606717622	-0.06813132516823603	0.19641519717730502	0.10620778706430374	-0.10215241629114569	-0.19692131030390206	0.07270887228740827	0.13238674206982137	0.19040218341227	-0.03687015467934262	-0.15766886072536546	-0.1771806995429859
-0.17143462740688636	0.17113444499790956	0.0006079706710064152	-0.17168801875372375	-0.1705921124723478	-0.0015959938288143108	0.17213327984865479	-0.16986102500985364	-0.0029486305555649983	-0.17278493580268586	0.1691037017676574	0.004396159148640936	0.17351178287121344	0.16848985092903426	0.0056145677707641764	0.17417066820173144	0.1682476547339079	0.006185517034610708	0.17460861969216157	-0.1687997404178148	-0.005373525667478863	0.17450391432102358	0.1706523494994395	-0.002275114443726971	-0.17315714491595882	0.17315714491596826	0.0022751144437852043	-0.17065234949940122	-0.1745039143209858	-0.005373525667403436	-0.1687997404177842	0.17460861969211972	-0.0061855170346626805	0.1682476547339158	0.17417066820175614	-0.005614567770679136	0.16848985092907023	-0.17351178287119093	-0.004396159148652879	0.16910370176762868	-0.17278493580270363	-0.0029486305556486263	0.16986102500984032	0.17213327984871582	-0.0015959938288271202	-0.17059211247240588	-0.17168801875393935	0.0006079706713436512	0.1711344449976381	0.17143462740684226
-0.165040474444194	0.18201517775174123	-0.03567483471782709	-0.1426470214766883	-0.19281688142056153	0.06973134324283542	0.11600548457485342	-0.19738307552669973	0.10118838495525431	-0.08604585607581428	0.19585408450001637	-0.12944084629490074	0.05343435386312231	0.1882934167642981	-0.15392130257314118	0.018755621774162772	0.1746895600755108	-0.17407182215959718	-0.017554422658016957	-0.15483323583340813	0.18930915088739217	-0.055354278822714945	0.12794273972172995	0.1982679298686733	0.09360916698380023	0.09360916698379979	0.19826792986874217	0.12794273972171566	-0.055354278822728926	-0.1893091508874515	0.15483323583349048	0.017554422657979078	-0.17407182215958658	-0.1746895600755349	-0.018755621774129285	-0.15392130257313247	-0.18829341676434902	0.05343435386315206	-0.12944084629493008	-0.19585408449997377	0.08604585607583992	-0.1011883849551637	-0.19738307552670495	-0.11600548457488713	-0.06973134324279288	0.19281688142060538	0.14264702147695368	0.03567483471749895	-0.18201517775143683	-0.16504047444416725
-0.15802241346052545	0.19014671806047884	-0.07074752255074875	-0.10502595483885874	-0.19697906673601603	0.13168885456026325	0.03875696121211834	-0.17820729173558325	0.1751996579722693	0.03212106997810946	0.13664129845822745	-0.196167899205667	-0.09889580317208259	0.0774179939216681	-0.1919510056138272	-0.15334111159116848	0.0075387221265090145	-0.1625108351470891	-0.18841083792189517	0.0648658621429898	0.11014606378239619	-0.19848354371675317	-0.13086726530773846	0.03939281533249512	0.17900869489358961	-0.17900869489360585	-0.03939281533259429	0.13086726530768458	0.19848354371672777	0.1101460637823784	0.06486586214288668	-0.1884108379218265	0.162510835147146	0.007538722126546085	-0.15334111159123018	0.19195100561375772	0.07741799392172104	0.09889580317201464	0.1961678992057426	0.1366412984582167	0.032121069978074464	0.17519965797221176	0.17820729173562913	0.0387569612121369	0.1316888545602065	-0.19697906673607174	-0.10502595483918169	-0.07074752255044808	0.190146718060181	0.1580224134605384
-0.1504069827213648	0.19540625520128865	-0.1034203957737267	-0.061087689385389395	-0.18268878221775964	0.17595132372675	-0.04554789966775389	-0.11687039006537858	0.19705061016072506	0.13855599421703826	0.01745466036308266	-0.1611896877839984	-0.19153277954868808	-0.08718683963001223	-0.07845378602359494	-0.1890531376188064	-0.1671036366504924	0.028128912374376216	-0.1305847550904865	0.19837520506199768	-0.12834907862628914	-0.03062936291474183	-0.16863746398007895	-0.19089332824883745	-0.08241909271578293	-0.08241909271572886	-0.19089332824887273	-0.16863746398009935	-0.03062936291477927	0.12834907862632042	-0.1983752050620329	0.13058475509053916	0.02812891237426494	0.16710363665047315	0.189053137618896	-0.07845378602358993	0.08718683962996483	-0.19153277954865516	-0.16118968778414722	-0.017454660363155607	-0.1385559942170163	-0.19705061016076905	-0.11687039006550635	0.04554789966774079	-0.17595132372672428	0.18268878221788015	0.06108768938578241	0.10342039577348565	-0.19540625520105945	-0.15040698272145597
-0.14222293399213853	0.1977142850149548	-0.13258508626701615	-0.013475125008804382	-0.15128475706096903	0.1965712608376876	-0.12156006995306126	-0.02788361006897352	0.16023558296167043	0.1943838638681647	-0.10939290487227529	-0.04264120365962539	-0.16856140907893372	-0.19128253835530495	0.09697536306509022	-0.05661708772877504	-0.17569134287743635	0.18777178554786011	0.08573752459869678	0.06829617887031239	-0.1811804745032374	0.18521493499242303	0.07842789544527816	-0.07512961708046442	-0.18416034962710914	0.18416034962709193	0.07512961708051476	-0.078427895445264	-0.18521493499239372	-0.1811804745032057	0.06829617887038465	0.0857375245986246	-0.18777178554781485	-0.17569134287741184	-0.05661708772877027	-0.09697536306504868	-0.19128253835528045	0.16856140907891862	0.042641203659734894	-0.10939290487216004	0.19438386386814482	0.160235582961763	0.027883610069124827	-0.12156006995305436	0.19657126083766768	-0.15128475706111025	-0.013475125009229628	-0.13258508626683127	0.1977142850147666	0.14222293399227373
-0.13350125742723568	0.19703602569534762	-0.15725236438191836	0.03494791015997459	-0.10570889683095316	0.1907780854270576	-0.1754403847076855	0.06770019663733258	0.07571514320502341	0.17921390873691168	-0.18822627089911048	0.09801485296226677	-0.04384734195488827	-0.16262517082218336	0.19585223566821447	0.12617589279121827	-0.00969049626133057	0.14049948833229264	0.19799622759189334	-0.15253015450404622	0.028074780373869703	0.11086567183540985	0.19302630969792325	0.17682896551697444	0.07090718090711653	0.0709071809070093	0.17682896551697164	0.19302630969796422	0.11086567183548383	-0.028074780373854847	0.15253015450400478	-0.19799622759191113	0.1404994883324064	0.009690496261373811	-0.1261758927912912	0.19585223566817997	0.16262517082224226	-0.04384734195494442	0.0980148529622397	0.18822627089902721	-0.1792139087369469	-0.07571514320516926	0.06770019663718829	0.17544038470771386	-0.19077808542708635	0.10570889683113348	-0.03494791015954016	0.15725236438182735	-0.19703602569524623	-0.1335012574274369
-0.12427487040974326	0.19338166063090872	-0.17658550321555938	0.08126900431496366	-0.05023021450509955	0.1593495821347131	-0.19737822735950933	0.147266535037618	-0.0313466401730497	0.09858735990519864	-0.18444471400988421	0.18785436028916927	0.10733320478624322	-0.021102321262920404	0.1401214501782458	0.19674422799208377	0.16593898703658166	-0.06159542984978786	0.06993849640039315	-0.17068388628787282	0.19671825687660377	-0.137188054701645	-0.018405473345802597	0.10823186900586922	0.18859042428478875	-0.18859042428474665	-0.1082318690058879	0.018405473345802437	0.1371880547016054	0.19671825687655603	-0.1706838862878915	0.06993849640045616	0.0615954298496631	0.16593898703650983	0.1967442279921416	-0.1401214501782218	-0.0211023212630051	-0.10733320478614432	-0.18785436028921884	-0.1844447140098477	0.09858735990526585	-0.031346640172892445	-0.14726653503749856	-0.19737822735955157	0.1593495821347728	-0.05023021450530099	0.081269004314537	-0.1765855032155559	0.19338166063088452	0.124274870409996
-0.11457895514103708	0.1868069039680753	-0.18992927117447828	0.12270241104204377	0.009954275140111955	0.10650913801151941	-0.18338011078628233	0.19199193888622823	-0.1290757943682206	-0.018047121592176835	-0.09970899470541433	0.1803006820699225	0.19372990473853327	0.13506783350350043	-0.026223248962024773	0.09232336646293413	0.17667115963442961	-0.19581499327182197	-0.14300551990969868	0.03795398610964005	0.08080200852536325	-0.17030044040061848	-0.1987542096791637	-0.15657016525117667	-0.05911930172224423	-0.05911930172211923	-0.15657016525114784	-0.19875420967920376	-0.17030044040068631	-0.08080200852538111	-0.037953986109560876	0.143005519909653	-0.19581499327182567	-0.17667115963441546	-0.09232336646294882	-0.026223248962008575	-0.13506783350345183	0.19372990473846274	0.18030068207003483	0.0997089947054475	0.01804712159210256	0.12907579436810576	0.19199193888616914	0.1833801107863401	-0.10650913801160254	-0.009954275139911572	-0.12270241104165613	0.18992927117457264	-0.1868069039681338	-0.11457895514133579
-0.10444918101728612	0.1774092454643052	-0.1968286838859703	0.15675348932270675	0.06920451145241203	0.03935839159854867	-0.13599533354916327	0.19129527897551812	-0.18837682134890535	-0.12809075850865176	0.028792277887301328	0.07926500168091326	0.16318732414504383	0.19749309100154372	-0.17186208378733087	-0.09420813222779856	0.01184303915707855	-0.11425573018383386	-0.18237536567803664	0.19615888150521105	-0.1519984370138552	0.0634167476185845	-0.043391910020054394	-0.13753239659810276	-0.19227289295258276	0.1922728929525271	0.13753239659811103	0.04339191002006319	-0.06341674761852961	-0.15199843701379545	0.19615888150516675	-0.1823753656780532	0.11425573018394114	0.011843039157128372	-0.09420813222783604	0.1718620837872794	0.19749309100154971	-0.16318732414503137	-0.07926500168101971	0.028792277887215355	-0.1280907585085907	-0.18837682134884948	-0.1912952789755117	-0.1359953335492135	0.03935839159863648	0.06920451145222695	0.15675348932236688	-0.1968286838861442	0.17740924546442738	0.10444918101761234
-0.09392557246624886	0.16533380310158924	-0.19705373885318755	0.18137813330455857	0.12197306828094258	-0.03308051340574402	-0.06385295314802529	0.1453460599926434	-0.1916013892532895	-0.19135793771820012	0.14466391105906948	-0.06287231904086052	0.03414242822763897	0.1228545318986866	-0.18183420869778422	-0.19695101479402255	-0.16475325877304411	0.09320183212124658	-0.00040086263669350585	0.09373969185322492	-0.1649495799830252	0.19779883414434932	0.1852842801731363	0.13083873135713095	0.04710573248097988	0.047105732480894155	0.1308387313571204	0.18528428017318596	0.19779883414439214	0.16494957998300003	-0.09373969185325173	0.00040086263672925557	0.09320183212118356	0.164753258772994	0.19695101479408067	-0.18183420869772468	-0.12285453189871537	0.03414242822766764	-0.06287231904083067	-0.1446639110589679	0.1913579377181583	0.1916013892532767	0.14534605999265948	0.06385295314804233	0.03308051340566581	-0.12197306828077528	-0.18137813330425984	0.1970537388534088	-0.16533380310174808	-0.09392557246658093
-0.08304568441311	0.1507588642823387	-0.1905916101741155	0.19509022834948986	0.16331381481253998	-0.10107526718871555	0.01991991061622388	0.06499983903743048	-0.1377662957096519	-0.18471117310517532	0.19701575013640746	-0.17238784543311764	-0.11548919422710849	-0.03703285997021673	-0.04827044106747653	-0.12451639806279363	-0.17761781339989394	0.19793947847106172	0.18204699765649177	-0.133231629907127	0.06072012456170881	0.022238630206515866	0.10095762890806914	0.1619612469859635	0.19514365526485367	-0.19514365526478944	-0.16196124698597136	-0.10095762890809842	-0.02223863020657922	0.060720124561663986	-0.13323162990706816	0.18204699765648333	-0.19793947847111001	-0.1776178133998922	-0.12451639806282626	0.04827044106745724	-0.037032859970189846	0.11548919422705917	0.17238784543318184	0.19701575013633327	-0.1847111731051628	-0.13776629570967067	-0.0649998390374511	0.019919910616249856	-0.10107526718865685	0.16331381481239643	0.1950902283492332	-0.19059161017436296	0.15075886428251595	0.08304568441343237
-0.07185958674103524	0.13392191054301378	-0.17768597812309686	0.19709439612631044	0.18938498621990718	-0.15551743657152445	0.10009108481831787	-0.03074206210048244	-0.04290797781281703	-0.11060362402000078	0.1629092787167071	-0.19254893341931395	-0.19543461146892083	-0.1712339962702153	0.12339689679270896	0.05863945101155094	-0.014036891696035883	0.08464747229736239	0.14365503141623942	-0.1833118065791089	0.19870045666669683	-0.1883015922838141	-0.15400207715974595	-0.10059100199557265	-0.034932405040858705	-0.0349324050408102	-0.10059100199557627	-0.1540020771597946	-0.1883015922838348	-0.1987004566666402	0.1833118065790783	-0.14365503141624564	0.08464747229742761	0.014036891696052151	-0.0586394510115904	0.12339689679267928	0.17123399627019972	-0.19543461146885946	-0.19254893341940876	-0.1629092787166613	0.11060362401999618	0.04290797781284054	-0.03074206210046918	-0.1000910848183762	0.1555174365714765	-0.18938498621977853	-0.19709439612608737	0.177685978123345	-0.13392191054319158	-0.07185958674133398
-0.06038683483722164	0.11503179337156134	-0.15870686807603615	0.1871816413928023	0.19763869765397193	-0.18897493575367622	0.1619450205761562	-0.11911800836163589	0.06464198890320423	0.003837652821402594	0.05733589761743546	-0.11288449427564727	-0.15738583328150957	-0.18653540636613572	0.19757461508160734	0.18955718221937748	0.16342631796100693	-0.1218932748365049	-0.06912699569916941	0.010284695916454522	0.04906432780985245	-0.1035442098461891	-0.14850782370193188	-0.18040177705901686	-0.1969081854333652	0.1969081854332918	0.18040177705901383	0.14850782370195914	0.10354420984622813	0.049064327809840255	0.010284695916443631	-0.06912699569917657	0.12189327483651684	0.16342631796099924	0.18955718221945622	-0.19757461508154467	-0.1865354063661222	0.1573858332814507	0.11288449427569712	0.05733589761741329	0.003837652821416432	0.06464198890319564	0.11911800836163397	0.1619450205762285	-0.18897493575362667	0.1976386976538464	0.18718164139260085	-0.15870686807625872	0.11503179337172065	0.06038683483748284
-0.04871359125575687	0.09445958074355408	-0.13442644344667337	0.16611718952505367	0.1875061966702092	-0.19718222848019792	0.19446072746437432	-0.1794494289665819	0.15305680483354814	0.1169401830859049	-0.07339735728382733	0.025210903343781527	-0.02454204328144684	-0.07269995037719555	0.11623188364544655	0.15244266760568087	0.1791545106785781	-0.1948523892328808	-0.1987810578087215	0.1909816210996685	-0.1722562743265417	0.14405449484337038	0.10828824416784658	0.06711074847113123	0.022723169912638022	0.0227231699126149	0.06711074847114083	0.10828824416788774	0.1440544948433808	0.1722562743264902	-0.190981621099626	0.19878105780872826	-0.19485238923294362	-0.17915451067857752	-0.15244266760572886	0.11623188364539921	0.07269995037718933	-0.0245420432814267	0.025210903343802125	0.07339735728381636	-0.11694018308592398	-0.15305680483355608	-0.17944942896658841	-0.19446072746444587	0.19718222848014408	-0.18750619667008622	-0.16611718952487178	0.13442644344685298	-0.094459580743682	-0.04871359125597035
-0.03687583777174064	0.07249494404695081	-0.10562578792824263	0.1350934775832802	0.1598200331243725	-0.17887118930280294	0.19150398262363566	-0.19720857631787087	0.1957390899148665	0.18713041231609143	-0.1717000960736088	0.15003597832609275	0.1229710736608809	0.09154765249167164	-0.05697240486799662	-0.020564308813022583	0.01630361845431025	-0.05226791765337261	-0.08604283265424113	0.11649095651959095	-0.14269078164315974	0.16398909870635686	0.1800188252860295	0.19066181161012757	0.1959523188131539	-0.195952318813077	-0.190661811610123	-0.18001882528606783	-0.16398909870638556	-0.14269078164311277	0.11649095651956572	-0.08604283265423783	0.052267917653403585	0.016303618454313343	-0.020564308813043303	0.056972404867987256	0.09154765249166365	-0.12297107366084593	-0.1500359783261693	-0.1717000960735673	0.18713041231610897	0.195739089914886	0.19720857631788352	0.19150398262369894	-0.17887118930275353	0.15982003312426563	0.13509347758312965	-0.10562578792837765	0.07249494404704641	0.0368758377719033
-0.025114307148826252	0.04987132665394022	-0.0739075960600271	0.09685124519740561	0.11832582432096996	-0.13795984433381117	0.15539990312886293	-0.1703247535158944	0.18245814198783492	0.19157912902241062	-0.19752943352437377	0.20021792229419375	0.1996226716477196	0.19579112876160884	-0.18883886599538388	-0.17894727973500035	-0.16636030819651432	0.15137976126910896	0.1343580996876453	-0.11568651162466437	0.09577532394429472	-0.07502428366638793	-0.0537838685706115	-0.03231659367528268	-0.010776228765563068	-0.010776228765554275	-0.032316593675289995	-0.05378386857063533	-0.07502428366639524	-0.09577532394427049	0.11568651162464308	-0.1343580996876592	0.1513797612691547	0.166360308196519	0.17894727973508204	-0.18883886599533345	-0.1957911287615988	0.19962267164765746	0.2002179222942945	0.19752943352432456	-0.19157912902242602	-0.18245814198785923	-0.17032475351590984	-0.15539990312891294	0.13795984433377517	-0.11832582432089203	-0.09685124519729876	0.07390759606012046	-0.04987132665400613	-0.025114307148938354
-0.013121613512480956	0.026209089322212147	-0.03922238525223458	0.05211137584317559	0.06481435491136926	-0.07725913495435877	0.089365912487436	-0.10105085030713933	0.11222952054772921	0.12281971062752052	-0.1327434328335503	0.141928221781104	0.15030795511641634	0.15782353254639536	-0.16442384429589899	-0.17006758261906527	-0.1747265932943443	0.17839156047753643	0.1810806843532668	-0.18285127906927676	0.1838123655159694	-0.18413305736814375	-0.1840377593997204	-0.18377833825800383	-0.1835807838134856	0.1835807838134118	0.18377833825799852	0.18403775939976041	0.18413305736816465	0.18381236551590657	-0.18285127906923151	0.1810806843532687	-0.17839156047758895	-0.17472659329434076	-0.1700675826191281	0.16442384429584303	0.1578235325463789	-0.15030795511635897	-0.14192822178116574	-0.1327434328335078	0.12281971062752106	0.11222952054773784	0.10105085030714252	0.089365912487458	-0.07725913495433387	0.06481435491132266	0.05211137584311509	-0.03922238525228143	0.026209089322245322	0.013121613512539194
