0.909530009530103
0.9087893838268558
0.9075399265463145
0.905758372122542
0.9034108781845258
0.9004517732885129
0.8968219356509867
0.8924467621994591
0.8872336777843647
0.881069143469201
0.8738151577840844
0.8653053189930232
0.8553406532168242
0.843685649265675
0.830065327513378
0.8141647685758144
0.7956333887690178
0.7740973571696224
0.7491847018318725
0.720568260551944
0.688030463242769
0.6515490163081538
0.6113918201797868
0.5681931612929245
0.522968724470331
0.4770312755296492
0.4318068387070836
0.3886081798202202
0.34845098369183436
0.31196953675723305
0.279431739448053
0.2508152981681354
0.22590264283036549
0.20436661123098038
0.18583523142418992
0.16993467248662636
0.15631435073432584
0.14465934678317685
0.1346946810069796
0.126184842215919
0.11893085653080263
0.1127663222156361
0.10755323780054254
0.10317806434901663
0.09954822671148977
0.09658912181547652
0.09424162787746075
0.09246007345368878
0.09121061617314619
0.0904699904698993
