0.9095300095301064
0.9087893838268594
0.9075399265463188
0.9057583721225485
0.9034108781845333
0.9004517732885191
0.8968219356509883
0.8924467621994574
0.8872336777843572
0.8810691434691857
0.8738151577840664
0.8653053189930076
0.8553406532168163
0.8436856492656795
0.8300653275133942
0.8141647685758419
0.7956333887690589
0.7740973571696718
0.7491847018318893
0.7205682605519478
0.688030463242741
0.6515490163081212
0.6113918201797262
0.5681931612928773
0.5229687244703393
0.4770312755296871
0.43180683870712255
0.38860817982026674
0.3484509836918982
0.3119695367572619
0.27943173944805855
0.25081529816811077
0.2259026428303434
0.20436661123094924
0.18583523142415875
0.1699346724866088
0.15631435073432756
0.14465934678318784
0.1346946810069968
0.1261848422159371
0.11893085653081756
0.11276632221564861
0.10755323780054765
0.10317806434901486
0.09954822671148512
0.09658912181547112
0.09424162787745596
0.09246007345368401
0.09121061617314469
0.09046999046990115
