-0.0036246929177275026	-0.008660292509893691	-0.015487498549634446	-0.02393029885586143	0.03368622173156444	-0.04444092896816196	0.055914561774753915	0.06787687589567565	0.08014600698885051	0.09257406746908385	-0.10504597538208729	0.11746341279502005	0.1297457342392867	0.1418152416913344	0.15360047850892167	0.1650088640135883	-0.1759385407701903	0.18620323918571657	-0.1955632602998166	0.2035605292842273	-0.20958373497285707	0.21248977972074204	-0.21122727473184452	-0.2053717993136735	0.19871086372630214	-0.19870515889843587	-0.20536983209466936	0.21122609905197803	-0.21248896858171418	-0.20958314824716864	-0.20356010278876485	0.19556296193762537	0.1862030485625398	-0.17593844589859697	0.1650088531698886	0.15360054427596181	0.14181537475949452	0.12974592889156616	0.11746365956049268	-0.10504626791632465	0.09257439900954476	-0.08014636842554752	-0.06787725906324167	0.055914954727475076	-0.044441317537384936	-0.03368658717767501	0.02393061879173451	0.01548775052541801	0.008660460172732276	0.003624774934023783
-0.00805121753304139	-0.01908317486254956	-0.033737456250511506	-0.05135925015691309	0.07097864872124839	-0.09159179430767775	0.11227326236109081	0.13222843671758017	0.15078553792824814	0.16738460537667843	-0.1815572916457857	0.1929202105145652	0.2011487588785182	0.20598797930282478	0.20721723908273587	0.20466678486439105	-0.1981844367389833	0.18764641642242874	-0.17294633119976258	0.1540308315050278	-0.13095276116513654	0.10399190679420281	-0.07407428022551109	-0.04311570591008582	0.013794917516967112	0.013795015824858967	0.043115708160535435	-0.07407418540778186	0.1039917343179894	0.13095253756113265	0.15403058412837728	-0.17294608880969822	-0.18764620340127733	0.19818427576870692	-0.2046666931876736	-0.2072172328078774	-0.20598806649619072	-0.20114894859513335	-0.19292050271655664	0.1815576870961308	-0.16738510048175942	0.15078612197164395	0.13222909806522554	-0.11227397870389334	0.09159253528340491	0.07097937201129732	-0.05135990310672716	-0.03373798316912412	-0.019083531762459877	-0.00805139426311855
-0.01378439328718235	-0.0322788093310344	-0.05607543993428919	-0.08342729795677331	0.11202207187930695	-0.13954382671695434	0.16392648782350827	0.18348284897680198	0.19691958338799848	0.2033368289053677	-0.20220055266530262	0.1933348225585749	0.17687399793511915	0.1532685326903289	0.12322033027534028	0.08769760266094294	-0.04787216781458718	0.005170301301665355	0.03877752599746343	-0.08198384223760773	0.12215915069225174	-0.15633636091732944	0.18139812272601913	0.19475329685748757	-0.19831332553010045	0.19830765772667575	0.19475153313093474	-0.18139732642783965	0.15633610805321263	0.12215928825256861	0.08198428025384073	-0.03877819543291577	0.0051694642435888465	-0.04787122439134774	0.08769661393698314	0.12321935592581444	0.15326762675807556	0.17687321283910948	0.193334200023156	-0.2022001300242156	0.20333663365685323	-0.1969196277465123	-0.18348313623222262	0.1639269981669764	-0.13954451863995387	-0.11202287477827291	0.08342811362283262	0.05607615489774891	0.03227932210090094	0.01378465752397904
-0.020869806898557844	-0.04809996169339722	-0.08164150426987686	-0.11776453914287072	0.15198497014343987	-0.18010954557863396	0.1987722820214298	0.20569108142791323	0.19973535245661372	0.1808813217189661	-0.15013316280218	0.10937736301047307	0.06122947331277121	0.008827971067073958	-0.0443424294185013	-0.09469414330476533	0.13868647755403474	-0.17306259082208858	0.194970199549014	-0.2022128326850128	0.19342110158897485	-0.1684173738141852	0.12893504406276368	0.07936626305343987	-0.02636193632524572	-0.02636226323050743	-0.07936647091456175	0.12893517326304615	-0.1684174914549958	-0.19342127879706117	-0.2022131305706608	0.19497066627899648	0.17306324926824862	-0.1386873281346923	0.09469516145403481	0.0443435707217836	-0.008826770392497728	-0.061228288695676994	-0.10937627498765491	0.15013225337885389	-0.18088066798513308	0.19973501419862286	0.20569110140588004	-0.19877266772296773	0.18011026455763426	0.1519859347117521	-0.11776560574206124	-0.08164249226924633	-0.048100697274813004	-0.020870195518989818
-0.02918604169128895	-0.0659409726512901	-0.10866723254463866	-0.15057747116248046	0.18428791942022968	-0.20366287175443706	0.2047843228753609	0.18632802023117098	0.14953225650769034	0.09785490698514913	-0.03649598487069425	-0.02825626357055232	-0.08967869962499149	-0.1413549036546717	-0.1777507326042547	-0.1948358947476324	0.1903968575827631	-0.16440510556673443	0.1190120200477205	-0.05870126552376821	-0.01004571435682248	0.07869777091754113	-0.13773576084244415	-0.1781333756549414	0.19670288389302687	-0.19669729071727834	-0.17813187676761774	0.13773540445022173	-0.07869807800639689	-0.010046441386622106	0.05870032097910382	-0.11901104707889006	-0.16440427613775568	0.1903963158724348	-0.19483574496921377	-0.1777510318878452	-0.14135565065045178	-0.08967984225945876	-0.028257698073851086	-0.036494400007773944	0.0978533416736815	-0.14953088640292442	-0.1863270099169337	0.20478379604379568	-0.20366288758305104	-0.18428843868778258	0.15057834256184874	0.10866821165182824	0.06594178533822666	0.02918650097724349
-0.03859597915330691	-0.0851298959265006	-0.13528435661191524	-0.1781630387533667	0.20325174113148536	-0.20343656949514696	0.1764130031938908	0.12487808216774347	0.055804004297143744	-0.02089709269576645	0.09402856554543956	-0.15285188043919642	-0.18869199625569907	-0.19619966545321177	-0.174125330116485	-0.1255124660412603	0.05735446795149638	0.02032568746775764	-0.09569789534095617	0.15677165895375555	-0.19305886817631562	0.1974608777619642	-0.16831731356153481	-0.11121316042924563	0.038433325276410774	0.03843394015148119	0.11121365006224483	-0.16831776498118464	0.1974613965489404	0.19305953845347623	0.15677251426521685	-0.09569891123355306	-0.02032677459238875	-0.05735344419401283	0.12551166237558425	0.17412489714108184	0.19619971519669882	0.1886925835851659	0.15285297880661897	-0.09403007169144453	0.02089882778250528	0.055802273998127476	0.12487661281524659	-0.17641202979710335	0.20343625489444095	0.20325211554980713	-0.17816396066021012	-0.13528552219546278	-0.08513092268750627	-0.038596579315231305
-0.04902271774791679	-0.10511312902192885	-0.15989426884650507	-0.19759785349130154	0.20527566634614927	-0.17724379687247155	0.11651995117079378	0.03386538561019156	-0.054885767988762296	-0.13236952972272786	0.18337173577868005	-0.1978848298300019	-0.17311509604153003	-0.11397859548739835	-0.03221735583399012	0.055914151304669236	-0.13260577236273696	0.18203355047021721	-0.1933059883271269	0.1630892242542333	-0.09652684696097244	0.00743688609728816	0.08417409431519675	0.15623784159183432	-0.19407559551722384	0.19407010843986305	0.15623665556765257	-0.0841741914109534	-0.0074361241120480415	-0.09652583857947503	-0.16308833348861015	0.19330550408347696	0.18203364308270642	-0.1326064680015083	0.0559153299777043	-0.03221593361059506	-0.11397724078100495	-0.1731141271911088	-0.19788449903145913	0.18337218011082407	-0.13237072968660163	0.054887535474335274	-0.033863376244585755	0.11651810520142909	-0.1772425029874759	-0.20527517787453142	0.19759818256854705	0.15989514763740365	0.10511409261335639	0.04902334453666035
-0.06034780654358813	-0.12524524313960372	-0.18089458505194658	-0.20651805643734564	0.18875330602676532	-0.12733385756392537	0.035317157170329676	-0.06494221026409787	-0.14825540928171405	-0.19353549421155686	0.1893749646402974	-0.13696920514985073	-0.04977320927309959	0.04992333963410723	0.13659407673908577	0.18787931830362323	-0.1902172098849455	0.14240069107108805	-0.05623677950674449	-0.046009578525051914	0.1368218623368379	-0.19053963227761125	0.19110647157756025	0.13857580406610154	-0.05015800401833447	-0.05015893586133399	-0.13857660008691852	0.19110724995930153	-0.1905405005138569	-0.13682285311701825	-0.04601061235722483	-0.05623587667243097	-0.1424001413924564	0.19021720310461157	-0.18787993870497946	-0.1365952578072278	-0.04992485334951185	0.04977170861864568	0.1369681031984528	-0.18937459076048502	0.19353602735634634	-0.14825680534372296	-0.0649441931739388	-0.035315055343953246	0.12733217631402707	0.18875248188567892	-0.20651823894572685	-0.18089553186873097	-0.12524639103449178	-0.060348586256970295
-0.07240469922474428	-0.1447715344761152	-0.1966636503267955	-0.20311152844119737	0.15391458045516018	-0.05949339608964049	-0.0525728556153235	-0.147456765550795	-0.19515522670690058	-0.18059471438717653	0.10853143181567831	-0.0020077612623950877	0.10505903496916794	0.1785816253297688	0.195107412696234	0.149176147970732	-0.055301433681436044	-0.056475860410473984	0.14958230405242057	-0.19276317433944154	0.17020691019748574	-0.08834983894986964	-0.025207500180831257	-0.12986825682758135	0.19063881939992852	-0.19063346194614186	-0.1298674145630594	0.02520801767681904	0.08834880475862883	0.17020598919362037	0.19276282254785254	-0.14958271372331067	-0.05647691761234348	-0.05530009753253518	0.14917502438267624	0.19510694674054682	0.17858205312631723	0.10506029493930648	-0.0020060333370506235	0.10852979396093038	-0.18059374881059087	0.19515533529074658	0.147458019195407	-0.052574925392972253	-0.05949115292183405	-0.15391289148420548	0.20311088775535693	0.19666405519250238	0.1447724579462183	0.07240544724380381
-0.08499664992914538	-0.16290997794517356	-0.20580466066035752	-0.1865939009421977	0.10335459221196178	0.01709777336740545	-0.13024965603712305	-0.19276306738406415	-0.18046970236781693	-0.0982154752991522	-0.022013225732054567	0.1335971856471996	0.19335367537632395	0.1781845228894298	0.09395951066043529	-0.026664640562912137	0.13664064726417346	-0.1925695189034811	0.17164172101175246	-0.08116320523413394	-0.043258730912259374	0.15086127415911935	-0.19643080063476104	-0.16103098079412195	0.06158953914030986	0.06159080048786869	0.16103207454230214	-0.19643184974942646	0.15086234000904325	0.0432597346012442	-0.08116248672328442	0.17164154835334744	0.19257004480935472	-0.13664179077676844	0.026666062112121025	-0.09395831712055318	-0.1781840468655793	-0.19335419015406818	-0.13359859978804733	0.022015083700352142	0.09821386338311035	-0.1804690063265222	-0.1927636641323322	0.1302514262124092	-0.017100094972686358	0.10335261494679875	-0.18659301188953348	-0.20580502623474706	-0.1629110478003453	-0.08499756160437513
-0.09794082153201637	-0.17895499044526472	-0.2073315611893045	-0.1574033137604218	0.04186338609221833	0.09122805687586591	-0.18201801242232118	-0.1886924868579141	-0.10814112934185145	0.02229048056884756	-0.1421792006651512	0.19611576194095348	0.1592317296925739	0.04864811393561886	-0.08449156040468121	-0.1784293488429685	0.18933902432265026	-0.11165617201554288	-0.018497182154404403	0.13963233364211824	-0.19292771196193464	0.15143252691409234	-0.03436014109472652	0.0998534018963377	-0.18651231429774373	0.1865071057323889	0.09985292178431765	0.03435927141107286	-0.15143143814232476	-0.1929271921166531	-0.13963272510938465	0.018498291926426425	-0.11165494176109497	0.18933836227411716	-0.1784296769805774	-0.08449280770146061	0.04864650641814257	0.15923055585995233	0.19611566544733303	-0.14218034665606374	0.02229242470443978	0.10813927801914876	0.18869166267988166	-0.18201871791350407	0.09123005754347664	-0.04186100144131255	0.15740164807434234	0.2073312260358076	0.1789556803907356	0.09794163325102163
-0.11105310776227796	-0.1922757358827422	-0.2007189234188978	-0.11720707833552393	-0.024074867231389314	0.15145642454386068	-0.19690294556884444	-0.13562814358072067	-0.0008421091526738257	0.13416631663066245	-0.1960637354456982	0.15134209106557264	0.024389919224607256	-0.11583762971762866	-0.19315936665471492	-0.1654355754231372	0.04758706504548806	0.0960482178281389	-0.18622754799856178	0.17222187716767692	-0.06071286275483131	-0.08607911772871359	0.18441011032830512	0.17810588689574877	-0.07274182853966935	-0.07274342236977811	-0.17810724880550732	0.18441133585500397	-0.08608018190429587	0.060712163243444896	0.17222182582932996	-0.1862282656127368	-0.09604947548510313	-0.047585836753829595	0.16543503178861768	0.19315989102060274	0.11583906525161282	-0.02438825435419083	-0.1513410932754107	0.19606403585607535	-0.13416789328622883	-0.0008400043893992136	-0.1356266417517095	0.19690295350563905	-0.15145805618145575	-0.024077286015933654	-0.11720519209977329	-0.2007184790738601	-0.1922765339485228	-0.1110540933666921
-0.12414230049262083	-0.20229542748913734	-0.18582758879763492	-0.06857547234715368	-0.08735212997720358	0.18838625362817438	-0.1715274427627434	-0.047051540925427786	0.10684390307148393	0.1933198819384103	-0.15808641980792004	0.02344830600366115	-0.12582836863751662	-0.19589132256378797	-0.14260860098730874	0.0005410060887317916	-0.14335852581927888	0.19524646979520324	-0.12283689254521549	-0.02816973557618181	0.1602822334453923	-0.1870176596875893	0.08970340779469821	-0.06708290747672326	0.18175804900222103	-0.1817530065805621	-0.06708279680593278	-0.08970228046854435	0.187016730254702	0.16028229121465037	0.02817073018825284	0.1228357178706955	0.19524601848060708	-0.14335921323267323	0.0005424496283997327	-0.14260735538423652	-0.19589117521291535	-0.1258295438276362	0.023446476742186067	-0.1580851154600344	0.19332004838479622	-0.10684558179220753	0.04704932802106981	-0.17152613541664685	0.1883867927812108	0.08735424286610549	0.06857313676857227	0.18582642963989676	0.20229572255781605	0.12414311495016446
-0.13701445081190416	-0.20853004443622178	-0.16298091280759824	-0.0148906164140815	-0.14094980172569985	0.1961392100227957	-0.11093538584102323	0.05381624230320697	0.17962383407504243	0.17596387647213488	-0.04562325694229238	-0.11746149137835239	-0.19592594631714452	-0.13333614405805194	0.02528876433167663	0.16573458831480575	-0.18659684817422756	0.07254857924534995	0.09376536465999093	-0.19074486656164683	0.14632138263822722	0.0074797732195187195	-0.1563835865465225	-0.18938730520740796	0.08360687548742086	0.08360879926617217	0.18938889155378943	-0.15638487376182245	0.007480636160144307	-0.14632121064003986	-0.1907455359973687	0.09376658602649374	-0.07254753088788694	0.18659672551228004	-0.16573560193885603	-0.02529032929326782	0.13333510072447005	0.19592625212112108	0.11746307347904825	0.04562142450764843	-0.17596313100609456	0.1796248510988202	0.053818449004900175	0.11093352878123927	-0.19613911781612864	-0.14095162619741594	-0.014888201169526267	-0.1629796240467659	-0.2085304139454273	-0.13701545067886695
-0.14948998005048253	-0.2106194227586293	-0.13295859473386068	0.03993030599892311	-0.17876654282053617	0.17328601255304033	-0.027437267557393393	0.14044697207244816	0.19358638772526038	0.088746785171533	0.08847617251536796	-0.19357151879153867	-0.1409739114102683	0.026434474903951184	0.17216623541370846	0.17735195340874157	-0.037559115631992095	-0.13283764385179664	0.19387842861441282	-0.09470511931612355	-0.08253529737982084	0.1898751329969302	-0.13632475535181798	0.032519182056010856	-0.1764078002205372	0.1764029403115654	0.03251943718339283	0.13632348284195797	-0.18987453968708026	-0.08253593210947076	0.09470392856509216	-0.1938778712222858	-0.1328383323179963	-0.03755771133330371	0.17735107179658688	0.1721667485650696	0.02643607520349476	-0.14097253485754477	-0.19357161060181471	0.08847781199924627	0.08874487295122829	-0.1935858498305883	-0.14044842287280807	-0.027434900165358333	0.17328469537301233	0.17876743820517701	-0.03993266680308629	0.1329567293823601	0.21061921565505218	0.14949073980581812
-0.16140267738110486	-0.20834496734932703	-0.0969857658129495	0.09171777318968032	-0.1963557665175145	0.12319861037715785	0.06177616460861249	0.18992697309350878	0.1440977653839331	-0.03368272966075646	0.18067767252480008	-0.16245681099451348	0.004240504803495116	0.16695369737869953	0.17685092297885555	0.024815791605138665	0.14993511369511273	-0.186965513990399	0.05206850681671141	0.130198071714617	-0.19030016739350528	0.07163897943408118	0.11491898460633086	0.19458195918899637	-0.09416395240717204	-0.09416620019268594	-0.19458371657482063	0.11492021279448593	0.07163847940125206	0.19030058864108232	0.13019920033579918	0.05206747656291536	0.18696547506381295	-0.1499362403877523	-0.024814371753893442	-0.17685048226164435	-0.16695476396247577	-0.004242257811921551	0.16245594221476622	-0.18067860839307798	0.03368478526404145	0.1440964222722604	0.189927699417826	-0.06177846999844981	-0.12319678646287949	-0.19635615888212746	0.0917200184733362	-0.0969837993118998	-0.20834480752944237	-0.16140363343340933
-0.17259442784586215	-0.201605735810594	-0.056601015905690194	0.13649497247437511	-0.1915880115948987	0.05364137576719277	0.13815519377777938	0.18904068708727204	0.047281837572299146	-0.14265782915711678	0.18728002130835714	-0.04120590083071819	0.1468467255442253	0.18543886922235794	0.035335960528206874	-0.15061657906266243	0.18273016244654436	-0.028216903182148752	-0.1549155214524329	0.17841387775321035	-0.018161345805397786	-0.16006892282955892	0.1704186982684721	0.002813615609351992	0.17048004973066624	-0.17047538823628844	0.0028130090415174414	-0.170417401764072	0.16006877809748188	-0.018160304575442973	-0.17841298492721294	0.15491590905722125	-0.0282155801767701	0.18272937139809514	-0.1506173006759229	0.0353343704780088	0.18543809569794695	0.14684771941144756	-0.04120404418051586	0.18727924626547596	-0.14265910493648107	-0.047279682961915634	-0.18903990736186962	0.13815676594785845	0.053638952126594044	0.1915872507455461	-0.13649664840177733	0.05659873967434686	0.20160498639747298	0.17259508005254387
-0.1829176229997061	-0.19043222993072348	-0.013606776601504006	0.17077953742056298	-0.1649288501818378	-0.02439616232277719	0.18565140036801334	0.13786861943833634	-0.0651198861579439	-0.194777011541316	0.10516238730313918	0.10285890030357529	0.1952536493805328	0.06810874709151885	-0.13549770872381517	-0.18638775533967072	0.02721575622016332	0.16248602784051658	-0.16840088206603007	-0.016066206599949315	0.18096172643720573	-0.13803748856755652	-0.06366722998336126	-0.19355203998078327	0.104385659138897	0.10438822278584557	0.1935539086927968	-0.0636682849031604	-0.13803744692448533	-0.18096263295841825	-0.01606733291785457	-0.168400636786711	-0.16248704306882436	-0.027214430122344063	0.18638757378682996	0.13549902222754268	-0.0681072675760957	-0.19525369467082074	-0.10286059050111258	-0.10516083370631674	0.19477742817946686	-0.06512200050456272	0.13786710770215127	-0.18565232427509143	0.024398641660507366	-0.1649275951601703	0.17078092254209506	-0.013604464361955716	-0.19043150806008913	-0.18291848189293078
-0.19224083225124092	-0.1749839582143434	0.030028065551235106	0.19186890713765714	-0.11935392350658719	-0.09854884773710228	0.19425996724130615	0.0499398594872049	-0.1560926059552436	-0.16919770135889595	-0.026803612161322987	0.1897608665321883	0.11834264057733891	-0.09920455186850871	-0.19420164231362794	-0.049252128409723095	-0.15627249838003074	0.16806932133528799	0.02847097126708147	-0.18887818962123792	0.11372811580480822	0.10297569214945933	-0.18920303956289594	-0.037853773427994154	-0.16398902644376095	0.16398457891105192	-0.037852840209203716	0.18920183942809676	-0.10297602760263189	0.11372695547365635	0.1888779660425529	-0.028472088499339722	0.16806835206940454	-0.1562730784136338	-0.04925062029772244	-0.19420116348381036	-0.09920586807712782	0.11834109611149281	0.18976113082084964	-0.02680553498566011	-0.1691964876718158	0.1560937814509948	-0.049937591933489525	0.19425947637307697	-0.09855091371976754	0.1193518114195565	-0.19186937004523205	-0.030030348012968524	0.17498269624671003	0.1922413326140564
-0.20045048487723494	-0.1555544289139667	0.07225096014790659	0.198055819116605	-0.06003929910225049	-0.15702242715874398	0.16214629573261088	-0.05129640233785279	-0.19552953803536105	-0.076025477277001	-0.1460641790471711	0.17124406642896814	-0.0344704734701439	-0.19377036709362688	-0.09192875867932343	0.13364180568374234	-0.1785572451529877	-0.01767239753263795	0.18962744032450918	-0.1046740074186734	-0.12125091159493719	0.18066356407159037	0.007089225564175568	0.18633719830794	-0.11424101488681003	-0.11424388469389352	-0.1863391147221598	0.007090010099663722	0.18066399503572417	0.12125205554733223	-0.10467334884383334	0.18962812775174584	0.017673718654260928	0.17855696934596563	-0.13364308601790173	0.09192748678366644	0.19377086182805622	0.034472253690944976	-0.1712433372768978	0.1460656393812167	0.07602363161961775	-0.19552985952434668	-0.05129867029639832	-0.16214507892189184	0.15702404786315208	-0.060036932497413716	0.19805590100714285	0.07225319622694867	-0.1555531811960203	-0.20045120113153164
-0.20744662771430541	-0.1325445403202029	0.11106722860744642	0.18880496573960323	0.006212566719141813	-0.1904834445300867	0.09600260144398902	-0.13882411903448613	-0.17035966441801315	0.04756842760271081	-0.19598450206179438	0.057569960766423796	-0.1651091303428682	-0.14621418074928533	0.08662453959638354	0.19249391140253846	-0.01659942224461884	-0.1832056998083932	0.11387118329237589	0.12205222513646523	-0.1777366004542808	-0.028429277074332925	0.1911701968210287	0.07153494306194909	0.15694942882656762	-0.15694520935759984	0.07153371595250235	-0.19116920494820638	0.028430038719886155	-0.1777356439601938	-0.12205276332268769	-0.11386996871469433	-0.1832058121071183	-0.016598006015782155	0.1924933513039403	0.08662584071429642	-0.1462128832174122	-0.16510989560862505	0.05756810955083585	-0.1959843525618266	0.04757040336713013	0.17035842088674147	0.1388256235122873	0.09600041511203719	-0.19048387909394912	-0.006215099044387017	-0.18880405323349497	-0.11106909151566235	0.13254285985462028	0.20744694255342902
-0.21314411638245043	-0.10645734849524836	0.14462937169031992	0.16480682416090633	0.07173911616748664	-0.19354561302578444	0.00967764173574032	-0.18926177641344116	-0.08890436618335915	0.15213060283475832	-0.15275189962899377	-0.08811703733778814	-0.18973198632327354	0.00855543699578714	0.19330296643415926	0.07251248215380114	0.1625539815103698	-0.14003444848809987	-0.10396493497768095	0.1826364229151539	0.027882281731449556	-0.19246409113434745	0.04990463395313943	-0.1731626671635333	0.12369804330103942	0.12370120833723387	0.17316456656713464	0.04990419228077651	-0.192464925819055	-0.027883345557337836	0.18263650511098492	-0.10396617247695095	0.14003380416731168	-0.16255502278625125	-0.07251120521278673	-0.1933034884222647	-0.008557122770870416	0.18973175389074787	0.08811880422441808	0.15275081140144284	-0.15213206388579514	-0.08890248686034585	-0.1892625370980148	-0.009675236737765236	0.19354536946639259	0.07174154042837334	0.1648055597377051	0.14463110877407784	-0.10645567480643159	-0.21314465401108756
-0.21747550515435224	-0.07787963984943043	0.17133122155397995	0.12791362001860873	0.12896130589393373	-0.16568548350099363	-0.07869786549070881	-0.1891189919547955	0.021931546786192184	0.195815146936656	-0.03687747795743267	-0.18482288370417108	-0.09250688797804237	0.15702135450996793	0.13963280709919362	-0.1148991533892624	0.17392312182741368	0.06265230219403459	-0.19185017930876952	-0.005371779590161518	0.19256881876764895	-0.0508864253764451	-0.1762315725335221	-0.10282182462622415	-0.14937853001404677	0.14937455342028336	-0.10282034722268968	0.17623087829188058	0.05088536409846863	0.1925683315247082	0.005372860046977934	0.19184955813935717	0.06265341856673512	0.17392219601910464	-0.11490018993430733	0.13963150851644682	0.15702216535271196	-0.0925052149109658	-0.18482330928527527	-0.03687549395423111	0.1958150378886074	-0.021933715086817046	0.189118222456312	-0.07870001337742114	-0.16568400686630091	-0.12896312174810093	-0.1279115987250036	-0.17133230850838083	0.07787768699105904	0.21747561146494554
-0.22039135989178685	-0.0474737015227092	0.18988050196395637	0.08099787388731242	0.17125278537622357	-0.11134447145651633	-0.15050386324166076	-0.13840275971101765	0.12552334169273788	0.16113909893682019	0.09650609492716063	-0.17870498880869426	0.06417676401742133	0.19028416828414504	-0.029793471325597575	-0.19553706448074698	0.005610615844433898	0.19393408868353693	-0.04019045870074259	-0.18602471776827498	0.07325507802688397	0.1715540163290263	-0.10236707164856883	0.15443755253369404	-0.13272535233298272	-0.1327288007313862	-0.1544393706392837	-0.10236701328216259	0.17155511611580787	-0.07325439083198093	-0.1860255103595129	-0.040189368916766534	-0.19393460355953085	-0.00560922948525283	0.19553725894694354	0.02979507762475177	-0.19028399711606617	-0.06417851610480543	0.17870440608744242	-0.0965079184356547	-0.16113806302405384	0.12552514884560745	-0.13840124255492475	0.15050554212688183	0.11134250167238718	0.1712541744284182	0.08099564268302974	0.18988140710940785	-0.04747175153378942	-0.2203916930795073
-0.2218582616618182	-0.01594975610756195	0.1993831763505871	0.027725050234889907	0.19370879650668546	-0.03920370532903851	-0.19062472636718528	-0.05065340333077557	0.1876083388282948	0.06197969110366287	0.18398103620806783	-0.07313528030478182	0.1796602699285298	0.08395618462298975	-0.1744708188389725	-0.0944351763021773	-0.1685728364673827	0.10423510811908239	0.16159368334349633	-0.11348869410135273	-0.15419556086617597	0.12153374388606059	0.14573720725254619	0.1307459622864167	0.14129695829747307	-0.14129323847499517	0.13074428513190983	-0.1457368735527354	-0.12153256177752883	-0.1541956780291715	0.11348751579479992	-0.16159400962955797	0.10423381362205848	-0.16857326984954507	-0.09443373047765971	-0.17447130655034956	0.08395456120022494	0.17966077542465309	-0.0731334582537367	0.18398153313343732	0.06197764516310082	-0.1876088003836781	0.05065111877630522	-0.19062512095480894	-0.03920121637160796	-0.1937090743522979	-0.02772253661885375	-0.19938327750419277	0.01594771010356916	0.22185814815489155
-0.2218579198283177	0.01594922608312783	0.1993834173547404	-0.027723373292001356	0.19370898196168349	0.039201270938534274	-0.19062534731667766	0.050649287586168656	0.18760902428725162	-0.06197740892503374	0.18398148060848138	0.0731340751787717	0.17966057950371409	-0.08395482927713206	-0.17447131484310494	0.09443359097872023	-0.16857325180681404	-0.10423386184574657	0.16159403545169318	0.11348746752878883	-0.15419566202548046	-0.12153260824701081	0.14573687086375578	-0.13074427211619657	0.1412932438928436	0.14129696282106777	0.13074594722943284	0.1457372022171315	-0.1215337891413826	0.15419554375122546	0.11348864669939215	0.1615937089349797	0.10423515655162485	0.16857281949201505	-0.0944350367588641	0.17447082576220768	0.08395645234032295	-0.17966007141708165	-0.07313589691057602	-0.18398098104421176	0.06197945545603796	0.1876085623736881	0.05065157339466442	0.1906249562995188	-0.039203761447085074	0.19370870688327843	-0.02772588788012327	0.19938331644209809	0.015951271471227487	-0.22185803474580304
-0.22039104313693725	0.047473293608265646	0.1898817966095881	-0.08099643093545378	0.17125388362385863	0.11134253576103138	-0.15050615682429716	0.13839984356751525	0.12552578851589175	-0.16113794270567716	0.09650777701738619	0.178704674745687	0.06417809154864286	-0.19028407466392158	-0.029795048898483546	0.1955372725916597	0.0056092736224193545	-0.19393458155698984	-0.04018930447895832	0.18602551328802655	0.07325441406037263	-0.1715550998293071	-0.10236702225840408	-0.15443938294914283	-0.13272879557475126	0.13272534583994114	-0.1544375628012171	0.10236707880718611	0.17155399698880403	0.07325510237691883	-0.18602472143811868	0.040190395941076526	-0.19393406697549256	0.005610660725051356	0.19553707768673317	-0.029793441559564815	-0.1902842440712247	0.0641763372015091	0.17870525572231424	0.09650595004438377	-0.1611389793049291	-0.1255239789405811	-0.1384013635906779	-0.15050447890886523	0.11134450989168894	-0.1712524964034632	0.0809986650385014	-0.18988089168126232	-0.04747524201042202	0.2203907112812067
-0.21747460603811433	0.07787927623792766	0.17133288301252872	-0.12791230771991674	0.12896260197815387	0.1656839735481281	-0.07870086058014404	0.18911760646341771	0.021934632967903704	-0.19581506977382174	-0.03687564687165141	0.18482311062749796	-0.09250553887457244	-0.15702200881595366	0.13963164679349532	0.11490032975580892	0.17392222902553753	-0.06265334683144594	-0.19184950348691987	0.005372912619497732	0.1925683238727809	0.05088541548005104	-0.1762308846295021	0.10282033236311211	-0.14937455618876339	-0.14937853258643907	-0.10282180823872794	-0.17623157508565443	0.050886477140998886	-0.19256881050615426	0.005371830172031741	-0.19185012603743667	0.06265222913754205	-0.17392315628857757	-0.11489929192452865	-0.1396329453101277	0.1570211947563558	0.09250721286101317	-0.18482268124758616	0.03687763454927676	0.19581517747988322	0.021932459637723976	0.18911837811602517	0.07869870963084444	-0.16568545589514527	0.1289607860556921	-0.12791433343249467	0.17133179630547474	0.07788122681618809	-0.21747450105366573
-0.21314336552426422	0.10645732912525381	0.1446318027798004	-0.16480615955933905	0.07174077184021499	0.19354521782581843	0.009674336552725428	0.1892628547285476	-0.08890156869198482	-0.1521322105177427	-0.15275084148367635	0.08811830074370633	-0.18973177063333743	-0.008556894418972274	0.19330368005868548	-0.07251112312615908	0.16255501885049675	0.14003385966378806	-0.10396616945893017	-0.18263644840815893	0.027883320856880278	0.19246493923150806	0.04990420018487958	0.17316457404157545	0.12370120342813778	-0.12369803644647383	0.17316267248034992	-0.04990464167695958	-0.19246410105992975	0.027882253860342647	0.18263636837412414	0.10396493016885536	0.14003450577122706	0.16255397742843716	-0.07251240147886572	0.19330315629171613	-0.008555205135183286	-0.18973200125509024	0.0881165280260292	-0.15275193136204743	-0.1521307441236176	0.08890345404194401	-0.18926209281838147	0.009676748344666116	0.19354546639621734	-0.07173834509632586	0.16480742957564	-0.14463006596063177	-0.10645900009231717	0.2131428289779816
-0.20744542027058194	0.13254459970477941	0.11106984298954856	-0.18880450261580348	0.006214124436623484	0.19048359994656464	0.09599962907270868	0.1388267611666508	-0.17035781800169097	-0.04757059880606111	-0.19598417395357384	-0.05756859186102477	-0.16510965621675325	0.1462129823314519	0.08662590891821002	-0.19249344286873543	-0.016598017931242028	0.18320581655486828	0.11386994307765305	-0.12205274529448769	-0.17773563572815318	0.028430007099596716	0.19116922252528856	-0.07153370262647162	0.1569452086292027	0.15694942842624537	0.07153492841247837	0.1911702102346111	0.028429242810725175	0.17773659380461868	-0.12205220479886308	0.11387116115988298	-0.18320570353710944	0.01659943612655788	0.19249400302654518	-0.08662460498063439	-0.14621428136991088	0.16510888617643996	0.05757044868936008	0.19598432048942188	0.04756861416614644	-0.17035906506045692	0.13882525035515386	-0.09600182414972266	-0.19048316764904613	0.006211587128886692	-0.18880542153131474	0.1110679801079095	0.13254627746684175	-0.20744510631174465
-0.2004494681874944	0.15555500973459663	0.07225394923850359	-0.19805615657052728	-0.0600379941410955	0.157023684111695	0.16214457949571787	0.051300285709971104	-0.1955297666619929	0.07602346801988266	-0.14606530961017417	-0.17124348188437058	-0.03447196097728205	0.1937707676932635	-0.09192762314702975	-0.13364326194477344	-0.17855698104438508	0.017673696293985453	0.18962811945510472	0.10467331110091965	-0.12125201380194808	-0.1806640195269196	0.007090010211837458	-0.1863391194821016	-0.11424388136332966	0.11424100892681938	-0.18633720057564143	-0.0070892242375089325	0.18066358660803333	-0.12125086575555513	-0.10467397432810444	-0.18962743181003816	0.017672371996662075	-0.17855725856467056	-0.1336419792834826	-0.09192889756060027	0.19377027030623253	-0.0344701745117879	-0.1712442124938967	-0.14606384093611396	0.07602532276297841	0.19552944287645732	-0.05129800639044254	0.16214580442157825	0.15702206127915017	0.06004036791494042	0.1980560808804829	-0.07225171252776026	-0.15555625487605257	0.20044875261002493
-0.19223941201945502	0.17498460109033007	0.03003104059365961	-0.19186939310305565	-0.11935280887296829	0.09855052771158859	0.19425939261075137	-0.049935957261163205	-0.15609417419242658	0.1691963983192576	-0.026805261161815752	-0.18976086686984783	0.11834128869755418	0.09920566286729605	-0.19420136210044445	0.04925053785650361	-0.15627311651046194	-0.16806836382453855	0.028472101149220653	0.18887791420809652	0.11372696951314765	-0.1029760094687176	-0.18920186455893004	0.037852825591745985	-0.1639845753037301	-0.16398902382612313	-0.03785375802520191	-0.18920306040953086	-0.10297566987105632	-0.1137281340996215	0.1888781379868191	0.02847097867327355	0.1680693354429389	0.15627253531215354	-0.04925204922131157	0.19420184065557364	-0.09920434087123933	-0.11834283700432448	0.18976059735566028	0.026803327114621276	-0.1691976165864629	-0.15609298910245079	-0.04993823861396279	-0.1942598879106317	-0.09854845470636481	-0.11935492969294775	-0.19186893559655308	0.030028756534222562	0.17498586105128847	-0.1922389120115884
-0.18291639774147886	0.19043345528222494	-0.013603878541044475	-0.17078070714017377	-0.1649284109344524	0.02439829860145859	0.18565268019603842	-0.13786589967861138	-0.06512269030338923	0.19477738920498427	0.10516085577588277	-0.10286012823429945	0.19525373525592338	-0.06810746358112602	-0.13549907830922003	0.18638764990977139	0.027214379954820813	-0.16248705068990807	-0.1684006158198831	0.01606732526700639	0.18096259360373831	0.13803748147367814	-0.06366830208049273	0.19355390715207152	0.10438822359101672	-0.10438565655976374	0.1935520356837576	0.0636672439843825	-0.13803752386991205	0.18096168349050326	-0.016066192667794063	0.16840086513538002	-0.1624860335456175	0.027215709732996654	0.18638783246290921	-0.1354977608764131	-0.0681089480525665	0.19525368796566928	-0.10285842708051247	0.10516241882115641	0.19477696852672546	0.06512055988790935	0.13786742304050542	0.18565175377360602	0.02439580786955884	0.1649296747660939	0.17077932612097643	0.01360619338672756	-0.190434175899456	0.18291553848027314
-0.17259287672977902	0.2016069352537036	-0.05659826261778543	-0.13649624023903703	-0.19158783017878503	-0.05363924200414752	0.13815739899692175	-0.18903937883555497	0.047278890263376415	0.14265911330106565	0.1872790144253241	0.04120441685081428	0.1468476088519797	-0.18543819849546417	0.035334511275692954	0.15061743729669438	0.18272936553108374	0.02821554227784159	-0.1549158956658028	-0.1784129482279287	-0.01816034272037582	0.160068772060989	0.17041742358270176	-0.0028129928637879217	0.17047538370590518	0.1704800460154803	0.002813597890142185	0.1704187178634722	0.16006891171958865	0.018161391625604848	-0.17841384474458047	-0.15491550506176205	-0.028216870012985246	-0.18273015894756475	-0.1506167130120791	-0.03533610621637595	0.18543897214305075	-0.14684660689779863	-0.04120628501980132	-0.18727979130955683	-0.14265782407740144	0.047281062852186515	-0.1890401634237247	-0.13815581641831612	0.053641679855159476	-0.19158859848722656	-0.13649456672491758	-0.05660054238200775	0.20160768430571718	-0.1725922236389201
-0.16140136626473445	0.20834671605795874	-0.09698338006031187	-0.09171953174433868	-0.1963565028253857	-0.12319706570702962	0.06177909681766039	-0.18992783697921983	0.144095683791887	0.03368486913104696	0.18067827708075304	0.1624560618919644	0.004242058208206536	-0.16695476094740389	0.17685071354031207	-0.024814294904288742	0.14993629115617066	0.18696541884214002	0.0520674587585661	-0.13019915364397341	-0.19030058049122	-0.07163852232463942	0.11492024610075506	-0.19458370484174778	-0.09416620617648006	0.0941639542321007	-0.19458194419796668	-0.11491901364719852	0.07163902645611228	-0.19030015906967557	0.13019801926861427	-0.05206849667734843	0.18696546029120856	0.14993516169626633	-0.024815719625454587	0.17685115559266687	-0.16695368839926172	0.004240295066957271	0.16245693578997822	0.1806773318347265	0.033682793838422716	-0.14409704033010373	0.1899271051976001	0.061776773852867936	-0.12319890414100917	0.19635611466728564	0.09171728647678215	0.09698535057977681	-0.20834687594448775	0.16140040902321157
-0.1494884872359034	0.21062106305584963	-0.13295630685121307	-0.03993222216682142	-0.1787675236591092	-0.1732849626307309	-0.02743452811996309	-0.14044903239141968	0.19358533093070954	-0.08874472314926389	0.08847756248010481	0.19357149486884406	-0.1409727021663015	-0.026436016726283804	0.17216692180387946	-0.1773510832629009	-0.03755766579914784	0.13283830427147328	0.19387781623742448	0.0947039565767092	-0.08253590982900315	-0.18987455514659102	-0.13632349364216598	-0.032519449873119166	-0.17640293572763835	-0.17640779642675689	0.0325191966739814	-0.1363247660095219	-0.18987514424510588	0.08253526610424033	0.09470515522486112	0.19387837633917537	-0.13283761248491818	0.0375590758076934	0.177351967408819	-0.17216640462531208	0.02643440793137096	0.1409740844056501	-0.19357139756483321	-0.08847590494951617	0.0887466538934553	0.19358587161267998	-0.14044756513397832	0.02743691725277378	0.17328629163743114	-0.17876662825348175	-0.039929859021967676	-0.13295817654847733	0.21062127091252994	-0.1494877264014929
-0.13701329176989724	0.20853218221291803	-0.16297914159870716	0.014888489201289146	-0.1409514534971604	-0.19613934845192965	-0.11093358487457328	-0.053819228633553325	0.179624646544344	-0.17596294821268926	-0.045621441939911286	0.11746286886025732	-0.19592631196786117	0.13333515502790436	0.025290341927535327	-0.16573565416882272	-0.18659671988980545	-0.07254751842408394	0.09376654510904378	0.1907455324006894	0.14632121462966796	-0.007480610945185508	-0.15638490750063344	0.18938887741301194	0.08360880790032875	-0.08360687915517177	0.18938728733970797	0.1563836154382147	0.007479740948015534	0.1463213915868618	-0.19074486105602975	-0.09376531605020574	-0.07254857371384216	-0.18659684477114746	-0.16573463711740447	0.02528876999179185	0.1333362036529824	-0.19592600289438622	0.11746127165132467	-0.04562329365851415	-0.17596370204747866	-0.17962361743737193	0.05381699668872579	-0.11093546289603824	-0.19613944644870138	0.14094962394633298	-0.014890909132257171	0.16298043498472775	-0.20853181380392594	0.1370122904044846
-0.12414111288351412	0.20229740001522628	-0.18582587564314013	0.06857321633259339	-0.08735381441190389	-0.18838691361414192	-0.1715266299837624	0.04704862695946471	0.10684573873016344	-0.19331992554079142	-0.15808488617947397	-0.023446648846767473	-0.12582947361499647	0.19589116007815424	-0.14260749420980692	-0.0005425062651347693	-0.14335923445846321	-0.1952460112114301	-0.12283569407572904	0.028170693790216264	0.16028229157034743	0.1870167405047985	0.08970228858740334	0.0670828124094651	0.1817530006825625	0.18175804405628304	-0.06708292501162652	0.08970341744928086	0.18701766840838638	-0.16028222662286318	0.028169688646372353	-0.12283687797248677	0.19524646502793028	0.14335854288785393	0.0005410561343584339	0.14260874377244911	-0.19589130487226442	0.1258282870130606	0.023448495452817807	0.1580862016147219	0.19331975216089226	0.10684403492638335	0.04705086802984295	0.17152795225504655	0.1883863721501383	-0.08735169157460107	0.06857555830422189	-0.18582703974175613	0.20229710685775062	-0.12414029688056841
-0.1110522842182633	0.1922781111993823	-0.20071787367383065	0.11720504914379686	-0.02407664092996393	-0.15145801792822663	-0.1969037697118737	0.13562619966060804	-0.0008395391220049383	-0.13416788682020706	-0.19606366436265343	-0.15134115509307527	0.02438841190816395	0.11583898332208466	-0.19316007983282849	0.16543500127947783	0.047585807855323965	-0.09604949035592983	-0.18622820442373209	-0.17222185694470765	-0.060712161316140385	0.08608016536836392	0.18441137455420958	-0.1781072243405003	-0.07274343751571936	0.0727418378922519	-0.17810585825789418	-0.18441014424405472	-0.08607909226491149	-0.060712871019783295	0.1722219131627281	0.18622748440788547	-0.0960482259181668	0.047587043341174716	0.1654355483588539	-0.1931595520197977	0.11583753722193503	0.024390091042522863	-0.1513421630083395	-0.1960633594214921	-0.13416628793738777	0.0008416749270125503	-0.1356277243243032	-0.19690376537949736	-0.15145637399446008	0.024074207365344213	-0.11720694256461003	0.20071832237396006	-0.19227731540453272	0.1110512971099378
-0.09794002598082567	0.1789571496101224	-0.20733061100569578	0.15740129877398046	0.041861792616466297	-0.09122986218721921	-0.1820196544528369	0.1886915603160725	-0.10813863835157184	-0.022292519299014595	-0.14218000321846375	-0.19611559563931702	0.1592307357033682	-0.04864658966503825	-0.0844929115606437	0.17842970678319178	0.1893383251839834	0.11165493607732596	-0.018498273046401382	-0.1396327055928567	-0.19292721072567073	-0.15143143478512175	-0.03435927720204886	-0.09985293467830729	-0.1865071003247868	-0.18651231004591326	0.099853416526389	-0.0343601495305768	-0.1514325261834316	0.19292772865423946	-0.13963230525300546	-0.018497151499851667	-0.11165617485450967	-0.1893389899587613	-0.17842937524673527	0.08449165552224021	0.04864820861701575	-0.15923191738701858	0.19611568828294468	0.142178837441305	0.02229054497738307	-0.1081405167398697	0.18869239482308836	0.1820189390014203	0.0912278403366789	0.04186419526740456	0.1574029717796264	-0.20733094999599802	0.17895646266720738	-0.09793921342724099
-0.08499617297367336	0.1629124171411825	-0.20580444053852204	0.1865924727550246	0.10335345671397138	-0.017099770574429688	-0.1302522609046702	0.19276389464913707	-0.180468385261891	0.09821371922008519	-0.022014925714435994	-0.13359843703937563	0.19335430798157516	-0.1781840749305699	0.09395837973243103	0.026666149498774824	0.13664177073199688	0.19257005888767192	0.17164150232522865	0.08116253563779174	-0.04325975871240078	-0.15086231455080315	-0.19643189476971462	0.16103204280239358	0.06159081953204045	-0.06158955164141971	0.16103094465347076	0.19643084154353022	0.15086124012977795	-0.043258742003808394	-0.08116326598276571	-0.1716416809658066	0.1925695321259891	0.13664062076222175	0.02666471926594189	0.09395958073794501	-0.17818455408838638	0.19335378677126758	-0.13359700344825856	-0.02201303925971855	0.09821535828558595	0.18046909468547503	-0.19276329045169696	-0.13025046668192627	-0.01709742135155631	-0.10335545248034969	-0.18659336753569838	0.20580407707322257	-0.16291135000858445	0.08499526089199165
-0.07240430214835235	0.14477374246805286	-0.19666352962272435	0.20311017983013807	0.15391367793402816	0.05949156286342997	-0.05257547728030547	0.14745849941034414	-0.19515491679707184	0.1805936033823735	0.10852970948178374	0.0020062116086771707	0.10506027907154046	-0.17858203751872753	0.19510713206387365	-0.14917493785674085	-0.055300055274207616	0.05647691214241602	0.14958266743200382	0.1927628391695237	0.17020600673719632	0.08834879532152323	-0.025208011353024317	0.12986742505391077	0.19063345661520123	0.19063881543822167	-0.1298682689852601	-0.025207490627525978	0.08834983615093951	-0.17020693291218933	0.1927631887813416	0.14958224993771457	-0.05647584531677013	0.055301400747177556	0.14917606725048774	-0.19510759760851992	0.17858160144387922	-0.10505900109828022	-0.0020079651532357522	-0.10853137158656875	-0.1805945814387695	-0.1951548017576972	0.14745722061231237	0.05257337314176583	-0.05949383610885004	0.15391538383845121	0.20311082439659425	-0.19666312578088826	0.14477282181699555	-0.07240355419141287
-0.06034771414542818	0.12524761159249828	-0.1808950879139497	0.20651738909193254	0.18875311835489664	0.12733262195259276	0.03531490204631439	0.0649447965303025	-0.14825671382941924	0.19353591889143437	0.189374306861414	0.1369682115199562	-0.04977186943640219	-0.04992483047842537	0.13659543801237273	-0.18787993630221328	-0.1902171029889238	-0.14240016763936084	-0.056235878443850695	0.04601057564270244	0.13682291006697317	0.190540457817259	0.19110730417325172	-0.13857656288096865	-0.05015895702728599	0.0501580181057804	-0.13857576270517305	-0.19110652341199577	-0.1905395839886148	0.13682190753654985	-0.04600952680137356	0.05623679420722238	-0.14240072515750543	-0.19021711131409536	-0.18787931171366273	0.136594247229012	-0.04992330113549354	-0.049773389167698384	0.13696932999434608	0.18937468631451138	0.19353537385614705	0.1482552880992414	-0.06494277318798007	0.0353170433357758	0.1273343311344705	-0.18875395480524637	-0.20651720664421186	0.1808941399046249	-0.1252464655849331	0.06034693406027159
-0.049022745128475466	0.10511525157483471	-0.15989479870370332	0.19759724202823922	0.2052756082270908	0.17724292202814942	0.11651837431448231	-0.03386278786124011	-0.05488779025381291	0.1323706754937306	0.18337180571237094	0.19788449486116955	-0.17311435885472454	0.11397726037420046	-0.032215871849568846	-0.05591543119450353	-0.13260639416614797	-0.1820336337135377	-0.19330548699000455	-0.16308837618066963	-0.09652582033872724	-0.0074361235948856436	0.08417419724756084	-0.15623665747508378	-0.19407010506477618	-0.19407559381077627	0.15623784564919801	0.08417409759699047	-0.007436894272173883	0.09652684008637398	-0.16308927386491132	-0.19330597287607937	0.18203353815210352	0.13260569064210628	0.05591424254189351	0.032217304638063486	-0.11397862629443953	0.17311533485405586	-0.1978848224227542	-0.18337134338022404	-0.13236944139577253	-0.05488597727075412	-0.03386484367169746	-0.1165202569330327	-0.17724423709237186	0.20527610286622477	0.19759690937763777	-0.15989391695953825	0.10511428904980787	-0.04902211766107664
-0.03859621856728465	0.08513200237052698	-0.1352852774165546	0.1781630028884696	0.20325232633316814	0.20343659053905816	0.17641265781959112	-0.1248761624993641	0.055801747129089065	0.020898832229073617	0.09402974266273229	0.15285286039609702	-0.1886927550884129	0.19619975280751434	-0.17412500019167565	0.1255115277273309	0.05735339095067104	-0.02032671398030728	-0.09569889067192802	-0.156772515845274	-0.1930596027883979	-0.19746133395035312	-0.16831782274364246	0.11121360652805667	0.03843396602988099	-0.038433344250108276	0.11121311368110198	0.16831737226692858	0.19746081583545264	-0.19305892743102854	0.15677164921000375	0.09569786125899456	-0.02032561409749809	0.05735442522510075	0.1255123387385708	-0.17412543653632803	0.19619970087649408	-0.18869215629849131	0.1528517383783626	0.09402820058087559	0.020897052099033697	-0.0558035241372804	0.1248776702136956	0.1764136537349222	0.20343691142438694	-0.20325194663999577	-0.1781620703502918	0.13528410438160526	-0.08513097397525825	0.038595617061372524
-0.02918631101517092	0.06594273262971859	-0.1086680614461857	0.15057745647793572	0.1842884707304603	0.20366311673142734	0.20478463400177485	-0.186326748833849	0.14953021533160207	-0.09785330692979495	-0.036494595382980236	0.02825748825373807	-0.08967987170964145	0.14135573666040466	-0.1777512453612216	0.19483565610966105	0.1903961418730038	0.16440433348349603	0.1190110991431984	0.058700342030415055	-0.010046518304528481	-0.0786980372313267	-0.13773542357950372	0.17813186807022338	0.19669728997325436	0.19670288556784238	-0.17813337125699508	-0.13773578166723366	-0.07869772527358067	0.0100457799479272	0.05870129874945193	0.11901208302517452	-0.16440517100207655	-0.19039668675096375	-0.19483580564639738	0.1777509419462576	-0.14135497789308124	0.08967870800065253	-0.028256023940297095	0.03649621651308097	0.09785490980205554	0.14953161724030525	-0.18632777819930466	-0.20478516352418394	-0.20366309059737175	0.18428793497031642	0.1505765681021072	-0.10866707099658876	0.06594191588254852	-0.029185849834507446
-0.02087011458691116	0.04810146513507553	-0.08164241970453301	0.11776486929465273	0.15198585387584107	0.18011039190246725	0.19877353283263638	-0.20569101522128652	0.19973435076723692	-0.18088064180217814	-0.15013228951956498	-0.10937651483805721	0.06122839149880662	-0.008826642608881325	-0.04434376858771261	0.09469516889796306	0.13868716672686068	0.17306322549719055	0.19497073021400277	0.20221315283598487	0.1934212838115444	0.1684174340911892	0.12893523929864603	-0.07936641285231562	-0.02636230008010689	0.026361967619486282	-0.07936620424238278	-0.12893511524809578	-0.1684173242976659	0.19342111164817266	-0.2022128548840331	-0.19497025986989833	0.17306256096577255	0.13868630778571636	0.09469414083188228	-0.04434261499346406	-0.008827860420689839	0.061229598000057846	-0.10937762762331688	-0.15013322308103597	-0.18088131401504395	-0.19973469748654085	0.20569099048954498	0.19877312908269074	0.18010964704254337	-0.15198486250031504	-0.1177637797247013	0.08164141692636893	-0.04810072320659902	0.020869723039284693
-0.013784626696994267	0.03227986791857299	-0.05607612147700418	0.08342757260155954	0.1120227665275881	0.1395445817767608	0.1639277290220579	-0.1834831409976119	0.19691906940688533	-0.20333662880450368	-0.20220006682816616	-0.1933344185326214	0.17687338439840494	-0.1532674726962561	0.12321925759986514	-0.08769651242661043	-0.047871283430254374	-0.005169606885362844	0.03877820580477722	0.08198434923211524	0.12215936103656738	0.15633598501545695	0.18139737388165642	-0.19475151497482593	-0.19830765697474767	-0.19831332916479064	0.19475328956087018	0.18139818405969693	0.15633624887787712	-0.12215922784341883	0.08198391138414435	0.038777533333095034	0.005170449174704834	0.04787223316088769	0.0876975104565189	-0.12322024541009147	0.15326839557045813	-0.17687418846022845	0.19333505997927977	0.20220050428848155	0.20333683064053246	0.19691902165189087	-0.1834828396624555	-0.1639271954490757	-0.1395438627813679	0.11202193801197373	0.08342673617871456	-0.05607539360102922	0.03227934938992795	-0.013784359570329913
-0.008051390032074092	0.01908387224249857	-0.03373797216194785	0.05135956211685273	0.07097928229866418	0.09159255626433443	0.11227448106261918	-0.1322291328578565	0.1507857445080688	-0.16738512148365203	-0.18155760002594606	-0.19292064012381607	0.20114910088769644	-0.20598793144145416	0.2072172667057133	-0.2046665681251553	-0.19818422393180343	-0.18764636382499675	-0.17294615291844348	-0.15403048798790475	-0.1309524827243723	-0.10399177430699055	-0.07407425465079281	0.043115622220828015	0.013795062102564329	-0.013794960965934841	0.043115619150104284	0.07407435105373844	0.1039919492866756	-0.13095270684658944	0.15403073300541092	0.17294639143668156	-0.18764657298810736	-0.19818438272278555	-0.20466666160675923	0.2072172795374701	-0.20598785399438743	0.20114892193814674	-0.19292035743109617	-0.18155720980315274	-0.16738462472873356	-0.15078515167702788	0.13222845601932143	0.11227374417522665	0.09159179359209627	-0.07097853961129212	-0.05135889399359311	0.03373743581641769	-0.0190835109739454	0.00805121117635911
-0.0036247730632851167	0.008660613871564145	-0.015487743236104976	0.023930458864980443	0.033686545984833956	0.04444132692562912	0.055915204051606784	-0.06787727692017406	0.08014617495403414	-0.0925744174353673	-0.10504621709783989	-0.117463724380352	0.12974601808662792	-0.14181529189057254	0.15360060379121449	-0.16500875983954402	-0.17593837495199424	-0.18620315661417208	-0.19556304867492608	-0.20356002157674008	-0.20958310653417617	-0.2124889328024158	-0.21122624972132686	0.20536969086939505	0.1987051955565728	0.19871090467781222	-0.205371669096575	-0.21122744050559114	-0.21248975692147581	0.20958369898233678	-0.20356044849239832	-0.19556334387977653	0.18620334299151853	0.1759384676791029	0.16500877140542866	-0.1536005416890843	0.14181516480763837	-0.12974582999992276	0.11746348289579138	0.10504592719514076	0.09257408474695081	0.08014580862857966	-0.06787688557368855	-0.055914800565573866	-0.044440927487130535	0.033686171109261136	0.023930131700047888	-0.015487486672981254	0.008660444051526906	-0.0036246901453626393
