0.9960557862586146
0.9960089770532036
0.9959408636128843
0.995850857027386
0.9957368029206366
0.9955956104466546
0.9954232711667933
0.9952146277926058
0.9949630433135666
0.9946598615655413
0.994293611462501
0.9938488771171071
0.9933044729675808
0.9926306419169147
0.9917843739205106
0.990701437320409
0.9892819876513151
0.9873634860156693
0.9846645719275264
0.9806616243242899
0.9742780989296491
0.9630021029998594
0.9398424042275375
0.8803447982277873
0.688739250888698
0.31126074447847596
0.11965520105922745
0.060157596123237234
0.03699789741021209
0.025721901366050015
0.0193383758727681
0.015335428175857979
0.012636514036201585
0.01071801238579273
0.00929856270364593
0.008215626100072048
0.007369358106771801
0.006695527060141267
0.006151122911827532
0.005706388568091726
0.00534013846411123
0.005036956712878354
0.004785372229997843
0.00457672884998332
0.004404389563597826
0.004263197084730103
0.004149142974212633
0.0040591363854914925
0.00399102294623702
0.0039442137403752865
