0.0036247749345413444	-0.008660460173228492	-0.01548775052670639	-0.023930618795047934	0.03368658718114553	0.04444131754026885	0.05591495472953001	0.06787725906418632	0.08014636842585537	0.09257439900935147	-0.10504626791631172	0.11746365956068758	0.12974592889140457	0.14181537475941705	-0.15360054427588263	0.16500885316946784	-0.17593844589815985	-0.18620304856204817	-0.1955629619372664	-0.20356010278836909	-0.20958314824688493	0.2124889685814915	-0.21122609905197082	-0.20536983209450085	0.19870515889839566	0.1987108637263281	-0.20537179931368693	0.21122727473203906	-0.21248977972097316	0.2095837349732453	-0.2035605292846388	0.19556326030042154	-0.1862032391861415	-0.17593854077076687	0.1650088640138373	0.15360047850927255	0.14181524169116136	0.12974573423915986	0.11746341279523788	-0.10504597538168862	0.0925740674694432	-0.08014600698824431	-0.06787687589458063	0.0559145617729095	-0.04444092896495793	-0.03368622172778045	0.023930298852572012	0.015487498548188438	0.008660292509642016	0.0036246929172779655
0.008051394264172222	-0.019083531763405333	-0.03373798317172644	-0.05135990311336861	0.0709793720180838	0.09159253528883365	0.112273978707287	0.13222909806627414	0.15078612197138797	0.16738510048045405	-0.18155768709516465	0.1929205027159514	0.2011489485940221	0.20598806649528667	-0.2072172328070431	0.20466669318654399	-0.1981842757677251	-0.18764620340038302	-0.17294608880907364	-0.15403058412787765	-0.1309525375608438	0.10399173431781968	-0.07407418540778521	-0.04311570816051484	0.013795015824899795	-0.013794917516935215	0.043115705910054626	-0.07407428022561081	0.10399190679439518	-0.1309527611655298	0.15403083150557736	-0.1729463312006329	0.18764641642332147	0.19818443674020528	-0.20466678486538273	-0.20721723908400297	-0.20598797930344523	-0.2011487588792871	-0.19292021051590397	0.1815572916461207	-0.16738460537837413	0.1507855379280317	0.13222843671632545	-0.11227326235817839	0.09159179430165224	0.07097864871384585	-0.05135925015035804	-0.0337374562476101	-0.019083174862148923	-0.008051217532126703
0.013784657525551471	-0.032279322102116655	-0.056076154901488116	-0.08342811363246316	0.11202287478768912	0.1395445186469137	0.16392699817022988	0.1834831362318305	0.19691962774428903	0.20333663365318858	-0.2022001300211399	0.19333420002065754	0.1768732128364257	0.15326762675586067	-0.12321935592392087	0.08769661393534257	-0.04787122439016653	-0.0051694642427789	0.0387781954334055	0.081984280254019	0.12215928825257431	-0.15633610805313203	0.18139732642784678	0.1947515331307773	-0.1983076577266286	-0.19831332553011954	0.19475329685748854	-0.18139812272611813	0.1563363609173613	-0.12215915069222162	0.08198384223735203	-0.03877752599695164	-0.00517030130261445	-0.047872167815989616	0.08769760266266596	0.12322033027760904	0.1532685326924591	0.17687399793768277	0.19333482256189055	-0.20220055266779943	0.2033368289096538	-0.19691958338975996	-0.18348284897707365	0.16392648782105482	-0.13954382670919502	-0.11202207186900824	0.083427297947364	0.05607543993014172	0.032278809330757774	0.01378439328584335
0.02087019552095465	-0.04810069727587585	-0.08164249227344128	-0.11776560575351894	0.15198593472211797	0.18011026456409082	0.1987726677239128	0.20569110140215238	0.19973501419305492	0.18088066797834057	-0.15013225337318103	0.10937627498304975	0.061228288691830834	0.008826770389574374	0.044343570723936104	-0.09469516145519814	0.13868732813519544	0.17306324926824168	0.19497066627880458	0.20221313057027074	0.19342127879671994	-0.16841749145471185	0.12893517326299542	0.07936647091445327	-0.02636226323051452	0.026361936325242225	-0.07936626305341266	0.12893504406291192	-0.16841737381438832	0.19342110158932055	-0.20221283268532203	0.19497019954934544	-0.17306259082190573	-0.1386864775534701	0.09469414330332551	0.04434242941626425	-0.008827971070167957	-0.061229473316824434	-0.10937736301561145	0.15013316280753625	-0.18088132172645582	0.1997353524618775	0.20569108143170964	-0.19877228202154068	0.18010954557126535	0.1519849701319966	-0.11776453913185002	-0.08164150426520636	-0.04809996169375612	-0.020869806896962665
0.029186500979398632	-0.06594178533852917	-0.10866821165537807	-0.15057834257332717	0.18428843869674663	0.2036628875864905	0.20478379604040625	0.18632700990863033	0.14953088639365295	0.09785334166441255	-0.03649440000052197	-0.028257698079235234	-0.08967984226278271	-0.1413556506523866	0.17775103188862543	-0.1948357449687186	0.19039631587149403	0.16440427613660322	0.11901104707789638	0.05870032097836413	-0.010046441387039404	0.07869807800659152	-0.13773540445030766	-0.17813187676750553	0.19669729071722114	0.19670288389302557	-0.1781333756549223	0.13773576084242717	-0.07869777091737082	0.010045714356423962	0.058701265524468624	-0.11901202004877694	0.16440510556781165	0.19039685758381864	-0.19483589474786617	-0.17775073260373128	-0.1413549036524162	-0.08967869962124021	-0.02825626356521127	-0.036495984877987796	0.09785490699492798	-0.14953225651687138	-0.18632802023974052	0.2047843228798759	-0.20366287175006756	-0.18428791941008327	0.15057747115169487	0.10866723254057592	0.06594097265293833	0.02918604168966657
0.03859657931744203	-0.08513092268647268	-0.13528552219726667	-0.17816396066991078	0.20325211555520983	0.20343625489291933	0.17641202978853385	0.12487661280272719	0.0558022739864165	-0.02089882779206913	0.09403007169797055	-0.1528529788105229	-0.18869258358610536	-0.19619971519618246	0.17412489713953488	-0.12551166237338537	0.05735344419201782	-0.020326774593936038	-0.0956989112345758	-0.156772514265629	-0.193059538453528	0.19746139654878567	-0.16831776498115053	-0.11121365006208304	0.03843394015148578	-0.03843332527638674	0.11121316042916712	-0.1683173135616252	0.19746087776197968	-0.19305886817623857	0.156771658953287	-0.09569789534003618	0.020325687466124107	-0.057354467953605576	0.1255124660433842	0.17412533011837034	0.19619966545337214	0.18869199625430164	0.15285188043585674	-0.09402856553849794	0.0208970926860661	0.055804004308952916	0.12487808218063925	-0.17641300320339895	0.2034365694957845	0.20325174112484953	-0.17816303874455405	-0.13528435660954813	-0.08512989593000904	-0.038595979151787994
0.04902334453902163	-0.10511409261070297	-0.15989514763686483	-0.19759818257535897	0.2052751778752437	0.1772425029804678	0.11651810518854078	0.03386337622996532	-0.054887535485907336	-0.13237072969369246	0.1833721801142626	-0.19788449903213856	-0.17311412718908398	-0.11397724077814432	0.03221593360750259	0.055915329980199595	-0.13260646800314327	-0.18203364308341716	-0.1933055040836115	-0.16308833348831533	-0.09652583857911087	0.0074361241117096594	0.08417419141113808	0.1562366555676437	-0.1940701084398245	-0.19407559551721792	0.15623784159181744	-0.0841740943151134	-0.007436886097467473	0.09652684696125256	-0.16308922425441819	0.1933059883271079	-0.18203355046937214	-0.13260577236114945	0.055914151302032214	-0.03221735583717611	-0.11397859548998863	-0.17311509604325595	-0.19788482983000164	0.18337173577451604	-0.13236952971585478	0.05488576797694743	-0.03386538562518978	0.11651995118420774	-0.17724379687866834	-0.20527566634417557	0.19759785348542594	0.15989426884637506	0.10511312902754409	0.049022717746388986
0.06034858625986934	-0.12524639103038243	-0.18089553186603313	-0.20651823894951743	0.18875248188195276	0.12733217630265223	0.035315055329077215	-0.06494419318750473	-0.14825680535230484	-0.19353602735901357	0.18937459075982646	-0.13696810319587388	-0.04977170861495159	0.04992485335290951	-0.13659525780978624	0.18787993870601047	-0.19021720310468912	-0.142400141391854	-0.05623587667165517	0.04601061235783995	0.136822853117366	-0.19054050051396573	0.19110724995942638	0.13857660008680095	-0.05015893586134801	0.05015800401830801	-0.13857580406597952	0.1911064715775605	-0.1905396322774585	0.13682186233654692	-0.046009578524498676	-0.05623677950746698	0.14240069107163295	0.19021720988499372	-0.187879318302317	-0.13659407673672613	-0.04992333963073522	0.04977320927677938	0.13696920515271888	-0.1893749646400809	0.1935354942092412	-0.14825540927274924	-0.06494221025020118	-0.0353171571852044	0.12733385757458524	0.18875330602923154	-0.20651805643435467	-0.1808945850537762	-0.12524524314709193	-0.060347806541648535
0.07240544724782554	-0.14477245794121124	-0.19666405518845287	-0.2031108877567145	0.15391289147732595	0.059491152908321104	-0.052574925406928354	-0.14745801920495935	-0.1951553352944342	-0.18059374880867407	0.10852979395713788	-0.002006033332944485	0.10506029494235737	0.17858205312809763	-0.19510694674092452	0.14917502438176078	-0.055300097531308774	0.056476917613410046	0.14958271372403295	0.19276282254808472	0.1702059891936144	-0.08834880475846847	-0.025208017676874715	-0.12986741456305456	0.19063346194611924	0.1906388193999653	-0.12986825682765768	0.02520750018082838	0.08834983894985385	-0.1702069101974623	0.19276317433915843	-0.14958230405184414	0.056475860409331606	-0.055301433682689874	0.14917614797142537	0.195107412696089	0.17858162532767202	0.10505903496583974	-0.002007761266166751	0.10853143181872081	-0.18059471438930386	0.19515522670267527	0.1474567655409473	-0.052572855601873344	-0.059493396102581544	-0.15391458046081485	0.20311152844028596	0.19666365032963934	0.14477153448479163	0.07240469922177278
0.08499756161009549	-0.16291104779515045	-0.20580502623028377	-0.1865930118891982	0.10335261493836581	-0.017100094985862326	-0.13025142622292257	-0.19276366413612284	-0.18046900632501878	-0.09821386337814357	-0.022015083704989065	0.133598599791321	0.19335419015478175	0.17818404686487835	-0.09395831711887832	-0.026666062113804546	0.13664179077789243	0.19257004480968642	0.17164154835323184	0.08116248672297496	-0.04325973460146153	0.1508623400091545	-0.19643184974956793	-0.1610320745422058	0.061590800487901026	-0.06158953914027166	0.16103098079398953	-0.19643080063476356	0.15086127415902434	-0.043258730912109564	-0.0811632052343207	0.17164172101186675	-0.1925695189029833	-0.1366406472631361	0.02666464056121622	-0.09395951066207893	-0.1781845228895716	-0.19335367537516987	-0.13359718564466366	0.022013225727746936	0.09821547530398136	-0.18046970236862064	-0.19276306737995702	0.13024965602745378	-0.017097773354599437	0.10335459221919478	-0.18659390094236908	-0.2058046606631147	-0.16290997795416015	-0.08499664992449933
0.0979416332588474	-0.17895568038595897	-0.20733122603158347	-0.1574016480728245	0.04186100143274651	-0.09123005755419034	-0.1820187179189385	-0.18869166267768833	-0.10813927801365518	0.02229242471007087	-0.1421803466591763	0.1961156654481051	0.15923055585826298	0.04864650641588863	0.08449280770349764	-0.1784296769813265	0.18933836227398188	0.11165494176041628	-0.018498291927096656	-0.13963272510970204	-0.19292719211669204	0.15143143814217905	-0.034359271411085995	0.09985292178429885	-0.18650710573233772	-0.18651231429778722	0.0998534018964818	0.03436014109469159	-0.15143252691399972	0.1929277119618621	-0.13963233364183328	0.018497182153919968	0.11165617201607704	0.18933902432280716	-0.1784293488419338	-0.08449156040297137	0.04864811393735116	0.1592317296938448	0.1961157619407721	-0.14217920066177625	0.022290480563769206	0.10814112934647918	0.18869248685965656	-0.18201801241777638	0.09122805686528437	-0.041863386099544646	0.1574033137609129	0.2073315611911819	0.1789549904537863	0.09794082152520492
0.11105409337681162	-0.19227653394450886	-0.2007184790701398	-0.11720519209734086	-0.024077286023483697	-0.15145805618817704	-0.19690295350540496	-0.13562664174470979	-0.0008400043821247049	0.13416789329022685	-0.1960640358563025	0.15134109327349346	0.024388254351523864	-0.11583906525353675	0.19315989102123424	-0.16543503178779131	0.04758583675267728	-0.09604947548591519	-0.1862282656130452	-0.1722218258291996	-0.06071216324325786	-0.08608018190446091	0.1844113358551389	0.17810724880540815	-0.07274342236981653	0.07274182853961461	-0.1781058868956463	0.18441011032836233	-0.08607911772872245	-0.06071286275489738	0.1722218771676978	-0.18622754799841112	0.0960482178273533	-0.047587065046495736	0.16543557542361328	0.19315936665446357	0.11583762971591705	-0.02438991922704421	-0.15134209106745347	0.1960637354446933	-0.1341663166275064	-0.000842109158977919	-0.1356281435870456	0.19690294556971388	-0.1514564245370644	-0.024074867225152653	-0.11720707833597133	-0.20071892341960632	-0.19227573589032526	-0.11105310775302742
0.12414311496255116	-0.2022957225545201	-0.18582642963660057	-0.06857313676537825	-0.08735424287165816	-0.1883867927829923	-0.17152613541112235	-0.047049328011433425	0.1068455817986837	0.19332004838560893	-0.15808511545743786	0.023446476738805715	-0.12582954382940414	-0.19589117521306834	0.14260735538301086	0.0005424496299136127	-0.143359213233558	-0.19524601848059903	-0.1228357178702636	0.028170730188639612	0.1602822912147794	-0.187016730254612	0.08970228046858694	-0.06708279680597672	0.1817530065805429	0.1817580490022532	-0.06708290747685763	-0.08970340779472807	0.1870176596875351	-0.16028223344531833	0.02816973557590457	0.12283689254560483	-0.1952464697951302	-0.14335852581857217	0.0005410060873329775	-0.1426086009886658	-0.19589132256343528	-0.1258283686356739	0.023448306006332156	-0.15808641980953345	0.1933198819383847	-0.10684390306584518	0.04705154093423779	-0.17152744276846357	0.18838625362615669	0.08735212997292363	0.06857547234756607	0.18582758879737105	0.20229542749572066	0.12414230048086362
0.13701545069335347	-0.2085304139424235	-0.16297962404363095	-0.014888201165779028	-0.1409516262001156	-0.1961391178126569	-0.11093352877174428	0.053818449014454074	0.17962485110222218	0.17596313100334418	-0.04562142450358507	-0.11746307348188434	-0.19592625212078318	-0.1333351007227976	-0.025290329295199726	0.1657356019395226	-0.1865967255119169	-0.07254753088711076	0.09376658602702355	0.1907455359974128	0.14632121063990738	0.007480636160335016	-0.1563848737619263	-0.18938889155370153	0.08360879926620482	-0.08360687548736244	0.18938730520731784	-0.156383586546566	0.007479773219552104	0.1463213826382674	-0.19074486656153228	0.09376536465959787	0.0725485792460446	0.1865968481745731	-0.16573458831388568	-0.025288764329943675	0.13333614405924507	0.19592594631708019	0.11746149137644497	0.04562325694561048	-0.17596387647521872	0.17962383407198854	0.0538162422943851	0.11093538585022408	-0.19613921002587523	-0.14094980172401805	-0.014890616414552527	-0.16298091280678859	-0.20853004444210177	-0.13701445079770097
0.14949073982213107	-0.2106192156516019	-0.13295672937903028	0.039932666807042425	-0.17876743820436178	-0.17328469536466282	-0.02743490015394793	0.1404484228796359	0.19358584982962662	0.08874487294583498	0.08847781200279327	-0.19357161060238384	-0.1409725348552401	0.02643607520575146	-0.17216674856601838	0.1773510717957076	-0.03755771133203329	0.1328383323186207	0.19387787122216346	0.09470392856465717	-0.08253593210969119	0.18987453968704615	-0.13632348284200882	0.03251943718347283	-0.1764029403115595	-0.17640780022058167	0.032519182056186306	0.13632475535186195	-0.18987513299690884	0.08253529737975311	0.09470511931632808	-0.19387842861455015	0.13283764385118993	-0.0375591156329884	0.17735195340917184	0.17216623541309195	0.026434474902178054	-0.1409739114119674	-0.19357151879147438	0.0884761725119573	0.08874678517658363	-0.19358638772581482	-0.1404469720659832	-0.02743726756806307	0.17328601256081383	0.1787665428219407	-0.039930305998465566	0.1329585947330195	0.2106194227644227	0.14948998003400865
0.1614036334511868	-0.2083448075246705	-0.0969837993080361	0.09172001847695654	-0.19635615887745922	-0.12319678645080359	0.06177847000933594	0.189927699420042	0.1440964222671496	-0.033684785270083076	0.1806786083944043	-0.16245594221262594	0.004242257814775916	0.16695476396369924	-0.1768504822608161	0.024814371752280913	0.1499362403886258	0.186965475063604	0.05206747656231456	-0.13019920033615232	-0.19030058864111696	0.07163847940106814	0.11492021279456953	0.19458371657478438	-0.09416620019276283	0.09416395240710841	-0.19458195918899104	0.11491898460639215	0.07163897943405313	-0.19030016739356312	0.13019807171442116	0.052068506817208905	-0.18696551399062178	-0.14993511369456033	-0.024815791606476737	-0.17685092297987792	-0.16695369737771484	-0.004240504801165039	0.1624568109963831	-0.18067767252292655	0.033682729655621406	0.14409776538793204	0.18992697309114698	-0.061776164598777966	-0.12319861038849413	-0.19635576652228617	0.0917177731895585	-0.09698576581261305	-0.20834496735583516	-0.1614026773626143
0.17259508007132787	-0.20160498639051694	-0.05659873966969354	0.13649664840429773	-0.19158725073703728	-0.05363895211261773	0.138156765955868	0.18903990735881293	0.047279682954308115	-0.1426591049408188	0.18727924626391165	-0.04120404417675827	0.14684771941305702	0.18543809569726072	-0.03533437047606713	-0.15061730067677578	0.18272937139767614	0.028215580175989078	-0.15491590905752556	-0.17841298492701554	-0.018160304575261268	-0.16006877809752645	0.17041740176414397	0.002813009041425872	0.17047538823628364	0.17048004973069036	0.00281361560923211	-0.1704186982685443	0.16006892282950125	0.018161345805560225	-0.17841387775332404	0.15491552145216997	0.02821690318300631	0.18273016244705645	-0.1506165790616707	0.03533596053008338	0.1854388692229469	0.14684672554275943	-0.041205900833602135	0.187280021308972	-0.1426578291538409	-0.04728183757848678	-0.18904068708971225	0.13815519377085414	0.05364137578039258	0.1915880116030247	-0.13649497247509276	0.05660101590637443	0.20160573581864683	0.172594427825675
0.1829184819122327	-0.19043150805026543	-0.013604464356422196	0.17078092254264518	-0.16492759514824865	0.024398641674118655	0.1856523242784512	0.13786710769458196	-0.06512200051213213	-0.1947774281803098	0.10516083370254979	0.10286059050441242	0.19525369467014042	0.068107267573998	0.13549902222900195	-0.1863875737861156	0.027214430121094382	-0.1624870430692556	-0.16840063678634554	0.016067332918301005	0.18096263295853166	-0.13803744692434672	-0.0636682849031771	-0.19355390869278358	0.10438822278597641	-0.10438565913878464	0.19355203998078693	-0.06366722998343301	-0.13803748856745943	0.1809617264371692	-0.016066206599701673	-0.16840088206630224	0.16248602783998167	-0.02721575622122533	0.18638775533993526	0.1354977087225741	-0.06810874709326183	-0.19525364938086923	-0.10285890030123059	-0.1051623873060088	0.19477701154120233	-0.06511988615158716	0.13786861944495685	-0.18565140036540712	0.024396162309830632	-0.16492885019285639	0.17077953742269916	-0.013606776603516854	-0.19043222994098088	-0.18291762297819994
0.19224133263336954	-0.17498269623352147	0.03003034801928899	0.1918693700430081	-0.11935181140505574	0.09855091373074154	0.19425947637098065	0.0499375919233561	-0.15609378145603894	-0.1691964876686854	-0.026805534989951293	0.18976113082182444	0.11834109610888714	-0.09920586807915421	0.19420116348356312	-0.04925062029602779	-0.1562730784144284	-0.16806835206895945	0.028472088499933598	0.1888779660426404	0.11372695547351011	0.10297602760273976	-0.18920183942813196	-0.037852840209104295	-0.1639845789110081	-0.16398902644378782	-0.0378537734278425	0.1892030395629629	-0.10297569214947837	-0.11372811580491661	0.18887818962121397	-0.028470971266647497	-0.16806932133566435	-0.15627249837951424	-0.04925212841095928	-0.1942016423140167	-0.09920455186695205	0.1183426405792546	0.189760866531768	-0.026803612157567557	-0.16919770136211254	0.15609260595089508	-0.04993985949621575	0.19425996724358394	-0.09854884772665627	0.1193539235196286	-0.19186890714185464	-0.03002806554792357	0.1749839582273446	0.19224083222896746
0.20045120115035653	-0.1555531811791437	0.07225319623374053	0.19805590100160778	-0.060036932481604736	0.15702404786966867	0.16214507891475288	-0.05129867030645283	-0.19552985952529722	-0.07602363161363433	-0.1460656393841432	0.1712433372749898	-0.03447225369390209	-0.19377086182862485	0.09192748678189286	0.1336430860191071	-0.1785569693455459	0.017673718655087357	0.18962812775187854	0.10467334884350478	-0.12125205554755061	0.18066399503569772	0.007090010099681116	0.18633911472220194	-0.11424388469405605	0.1142410148867451	-0.1863371983080355	0.007089225564226982	0.18066356407161657	-0.1212509115949138	-0.10467400741898976	0.18962744032455814	-0.01767239753179782	0.1785572451536408	-0.13364180568279743	0.09192875868107238	0.19377036709358442	0.034470473467912516	-0.1712440664309346	0.146064179044427	0.0760254772824931	-0.19552953803466933	-0.051296402328902986	-0.16214629573946263	0.15702242715276574	-0.060039299116154736	0.19805581912350703	0.07225096014367909	-0.15555442893024157	-0.2004504848549696
0.2074469425712998	-0.1325428598339189	0.11106909152234815	0.18880405322447913	0.00621509905982887	0.19048387909495001	0.09600041510143341	-0.13882562351960862	-0.17035842088342315	0.047570403373615476	-0.19598435256210905	0.057568109547135746	-0.16510989561008924	-0.14621288321619708	-0.0866258407161146	0.19249335130358544	-0.01659800601465733	0.1832058121073476	0.11386996871423367	-0.12205276332288621	-0.17773564396015337	-0.028430038719904595	0.19116920494821127	0.0715337159524373	0.15694520935749826	0.15694942882657534	0.0715349430618186	-0.19117019682110253	0.028429277074240946	0.1777366004544164	-0.12205222513615155	-0.11387118329294363	0.18320569980807141	-0.016599422245894262	0.19249391140291033	0.0866245395946272	-0.1462141807510068	-0.16510913034178681	0.0575699607699495	-0.19598450206148613	0.04756842759686717	0.17035966442144698	0.13882411902798145	0.096002601454213	-0.19048344452979582	-0.00621256670574808	-0.18880496574964256	-0.11106722860295008	0.13254454034020302	0.2074466276928898
0.21314465402754115	-0.10645567478190283	0.14463110877986732	0.16480555972534672	0.07174154044161805	0.19354536946171919	0.00967523672598697	-0.18926253710071747	-0.0889024868539187	0.15213206389019598	-0.15275081139896735	-0.08811880422783784	-0.189731753889792	0.008557122772958448	-0.1933034884226077	0.07251120521118239	0.1625550227869182	0.14003380416665284	-0.1039661724774481	-0.18263650511074742	0.02788334555759144	-0.1924649258190053	0.04990419228075186	-0.17316456656719947	0.12370120833738064	-0.12369804330097067	0.17316266716365294	0.04990463395311738	-0.19246409113428417	0.027882281731319836	0.18263642291522203	-0.10396493497720707	-0.14003444848870836	-0.16255398150966635	-0.07251248215528591	-0.19330296643378392	-0.00855543699338997	0.18973198632407362	0.08811703733447167	0.15275189963135385	-0.15213060283069912	-0.08890436618997756	-0.18926177641105432	-0.009677641747380904	0.19354561303138887	0.07173911615610594	0.16480682417413686	0.144629371686378	-0.10645734851920385	-0.2131441163626386
0.21747561147958902	-0.07787768696286904	0.17133230851243422	0.12791159870977598	0.12896312175747002	0.1656840068567602	-0.0787000133878994	-0.18911822245385523	0.021933715094222695	0.19581503788919316	-0.036875493950166635	-0.1848233092865109	-0.09250521490820708	0.15702216535416297	-0.13963150851502715	-0.11490018993569673	0.17392219601867123	-0.0626534185675412	-0.19184955813931157	0.005372860047336864	0.19256833152483974	-0.05088536409843479	-0.1762308782919178	-0.10282034722265981	-0.14937455342019698	-0.14937853001408827	-0.10282182462611589	0.176231572533617	0.050886425376486626	-0.19256881876770698	0.005371779589842478	0.19185017930892717	-0.06265230219319	0.1739231218279417	-0.11489915338800583	0.13963280710049267	0.15702135450860039	-0.09250688798022376	-0.18482288370286992	-0.03687747796132997	0.1958151469359187	-0.021931546778512178	0.1891189919570438	-0.07869786548003473	-0.16568548351164275	-0.12896130588605587	-0.12791362003461446	-0.17133122155150096	0.07787963987723429	0.21747550513675415
0.22039169309198375	-0.047471751502293304	0.18988140711092016	0.08099564266572273	0.17125417443261615	0.11134250165957388	-0.15050554213388911	-0.1384012425481636	0.12552514885154134	0.16113806302061784	0.09650791843938278	-0.1787044060858101	0.06417851610760328	0.19028399711586955	0.029795077626746224	-0.19553725894685112	0.005609229484218694	-0.19393460355957257	-0.04018936891627748	0.18602551035951928	0.07325439083184923	0.17155511611576346	-0.10236701328217221	0.15443937063932978	-0.13272880073151588	0.13272535233289456	-0.1544375525338269	-0.10236707164858047	0.17155401632895353	0.0732550780270409	-0.1860247177681676	-0.0401904587013231	0.19393408868346268	-0.005610615845638165	0.19553706448092711	0.02979347132368543	-0.19028416828483657	-0.06417676401526026	0.1787049888102098	-0.09650609492365163	-0.1611390989397196	0.12552334168659057	-0.13840275971719274	0.15050386323423626	0.11134447147052255	0.17125278537309666	0.08099787390528466	0.18988050196384976	-0.047473701553967566	-0.22039135987694303
0.22185814816479255	-0.015947710069342542	0.19938327750239296	0.02772253660056844	0.19370907435054344	0.03920121635761504	-0.19062512095686585	-0.05065111876715914	0.18760880038613012	0.06197764515701652	0.18398153313503654	-0.07313345825016798	0.1796607754256867	0.08395456119860907	0.17447130655121024	-0.09443373047621954	-0.16857326985004048	-0.10423381362131368	0.16159400962981144	0.11348751579447539	-0.15419567802929987	0.12153256177749204	0.1457368735527024	0.13074428513189448	0.14129323847483885	0.14129695829752165	0.1307459622862676	-0.14573720725263092	-0.1215337438860476	0.15419556086614464	0.11348869410160088	-0.16159368334321644	-0.104235108119891	-0.16857283646675789	-0.09443517630364794	-0.17447081883805413	0.08395618462523412	0.1796602699278267	-0.07313528030833544	0.18398103620671885	0.061979691109094376	-0.18760833882583194	0.05065340333917804	-0.190624726364644	-0.03920370534420012	-0.19370879650907857	-0.027725050253720275	-0.19938317635367414	0.015949756141679525	0.22185826165024441
0.22185803475259114	0.01595127150740633	0.19938331643622723	-0.02772588789805399	0.19370870687537553	-0.03920376146005216	-0.1906249562961102	0.050651573403790895	0.1876085623717253	-0.06197945546240742	0.18398098104286056	0.07313589691407239	0.17966007141564685	-0.08395645234211294	0.17447082576111886	0.09443503676029483	-0.1685728194913721	0.10423515655232007	0.1615937089346011	-0.11348864669962923	-0.15419554375111175	-0.12153378914137873	0.14573720221708608	-0.13074594722950394	0.14129696282114707	-0.14129324389277315	0.1307442721163593	0.145736870863814	-0.12153260824693746	-0.15419566202563298	0.11348746752850607	0.16159403545209083	-0.10423386184496045	0.16857325180747368	-0.09443359097732541	0.17447131484403627	0.08395482927499844	-0.17966057950503614	-0.07313407517513335	-0.18398148061004962	0.0619774089191276	0.18760902428943474	0.05064928757769801	0.1906253473196547	-0.03920127092452799	0.19370898196978353	-0.02772337327361136	0.19938341736175189	0.01594922604688568	-0.22185791982056388
0.22039071128437923	0.047475242047608245	0.1898808916707743	-0.0809986650545988	0.17125249638997378	-0.11134450990163099	-0.15050447890067759	0.1384013635974933	0.1255239789347729	-0.16113897930914306	0.09650595004071887	0.1787052557237328	0.06417633719850382	-0.19028424407183714	0.0297934415573458	0.19553707768682696	0.005610660726228863	0.19393406697536406	-0.0401903959416723	-0.18602472143799054	0.07325510237715444	-0.1715539969888185	-0.10236707880722325	-0.15443756280124518	-0.13272534583984397	-0.13272879557479259	-0.15443938294904574	0.10236702225844163	0.17155509982929787	-0.07325441406024406	-0.1860255132881021	0.040189304478340716	0.19393458155714002	0.005609273621090245	0.1955372725916473	-0.02979504890059104	-0.1902840746634941	0.06417809155124721	0.17870467474403673	0.09650777702116524	-0.16113794270149934	-0.1255257885220767	-0.13839984356104487	-0.15050615683222052	0.11134253575027893	-0.17125388363715335	0.08099643091894329	-0.18988179662104956	-0.04747329357078869	0.22039104313349347
0.21747450105286403	0.07788122685332607	0.17133179629015882	-0.12791433344525477	0.12896078603791392	-0.1656854559005365	-0.078698709619622	0.1891183781189175	0.021932459629932073	-0.19581517748038538	-0.03687763455349318	0.18482268124604573	-0.09250721286371874	-0.15702119475532028	-0.1396329453117041	0.11489929192317959	0.17392315628910696	0.06265222913668653	-0.19185012603753557	-0.005371830171683986	0.19256881050621352	0.05088647714099036	-0.17623157508563056	0.10282180823880423	-0.14937853258648165	0.14937455618867002	-0.10282033236325842	-0.17623088462952743	0.05088541547992209	0.19256832387283762	0.005372912619849469	-0.19184950348679802	-0.0626533468323745	-0.17392222902483884	-0.11490032975718191	-0.13963164679186957	0.15702200881756567	0.09250553887226932	-0.18482311062885173	0.036875646867490536	0.19581506977287585	0.021934632976051548	0.18911760646044748	0.07870086059134217	-0.165683973542244	0.12896260199544754	-0.12791230770675838	0.17133288302867755	0.07787927620023026	-0.2174746060393477
0.21314282897302497	0.10645900012830478	0.14463006594066793	-0.16480742958370692	0.07173834507614972	-0.19354546639626	0.009676748356535104	0.18926209281684186	-0.0889034540492181	-0.1521307441203813	-0.15275193136477555	0.08811652802231247	-0.18973200125586956	-0.008555205133275035	-0.19330315629138548	-0.07251240148043703	0.16255397742778177	-0.14003450577191215	-0.10396493016833748	0.18263636837427746	0.027882253860163776	0.192464101059976	0.04990464167703225	0.1731626724804321	0.12369803644644717	0.12370120342816843	0.17316457404154031	-0.0499042001848854	-0.19246493923145008	-0.027883320857097486	0.18263644840801765	0.10396616945950421	-0.14003385966313103	0.16255501885115672	-0.07251112312466661	0.1933036800588647	-0.008556894421463167	-0.1897317706327774	0.08811830074744378	-0.15275084148122986	-0.15213221052027612	0.08890156868459531	-0.18926285472965376	0.009674336540646792	0.19354521782564485	-0.07174077185971899	0.1648061595508386	-0.1446318028004824	-0.10645732908839473	0.21314336553033728
0.2074451063026068	0.13254627750059342	0.11106798008384004	-0.1888054215336652	0.006211587108546868	-0.19048316764382722	0.09600182415979402	0.1388252503498496	-0.17035906506493706	-0.04756861416063252	-0.19598432048931835	-0.057570448693228006	-0.16510888617491554	0.14621428137122214	-0.08662460497867012	-0.19249400302689218	-0.01659943612771499	-0.18320570353688082	0.11387116116034521	0.12205220479862952	-0.17773659380472692	0.02842924281075375	0.1911702102345825	-0.07153492841251324	0.15694942842621937	-0.15694520862903463	0.07153370262659026	0.19116922252524932	0.028430007099718685	-0.17773563572799156	-0.12205274529474269	0.11386994307700192	0.18320581655517898	0.01659801792987366	0.19249344286842288	-0.08662590892003447	-0.14621298232985794	0.16510965621822396	0.05756859185684616	0.19598417395408946	0.04757059881095734	-0.17035781799742167	0.13882676117130596	-0.09599962906223106	-0.19048359995192748	0.006214124456203537	-0.1888045026128685	0.11106984301419466	0.13254459966976942	-0.20744542028140167
0.20044875259681436	0.15555625490658534	0.07225171250042811	-0.1980560808766129	-0.06004036793319576	-0.15702206126965484	0.1621458044279915	0.05129800638291321	-0.19552944287688837	0.07602532276856953	-0.14606384093316108	-0.1712442124959073	-0.03447017450898873	0.1937702703059589	0.09192889756266294	-0.13364197928231475	-0.1785572585651701	-0.01767237199577813	0.1896274318098643	-0.10467397432843507	-0.12125086575542422	-0.18066358660808926	0.007089224237409258	-0.18633720057574418	-0.11424100892684365	-0.11424388136339814	-0.1863391194821237	-0.007090010211813712	0.18066401952681985	0.12125201380204308	-0.10467331110061702	-0.189628119455114	-0.01767369629486043	-0.17855698104366957	-0.13364326194581247	-0.09192762314502614	0.1937707676936495	-0.03447196097976188	-0.17124348188189975	-0.14606530961342876	0.0760234680146072	0.19552976666199062	-0.051300285716736366	0.1621445794887633	0.15702368412142517	0.06003799412359924	0.19805615657356732	-0.07225394926618897	-0.15555500970238326	0.20044946820276152
0.19223891199460144	0.1749858610778146	0.03002875650474632	-0.1918689355866047	-0.11935492970715053	-0.09854845469432372	0.19425988791254253	-0.04993823862178153	-0.156092989098997	0.16919761659013757	-0.026803327110111477	-0.18976059735496972	0.1183428370066784	0.09920434086959752	0.19420184065620613	0.04925204922291104	-0.15627253531153276	0.1680693354435331	0.02847097867266375	-0.18887813798683167	0.11372813409982066	-0.10297566987107923	-0.18920306040954277	0.03785375802525019	-0.1639890238260784	0.1639845753035972	-0.03785282559181028	-0.18920186455889268	-0.10297600946882174	0.11372696951291136	0.1888779142081295	0.02847210114985267	-0.16806836382406776	0.15627311651104306	-0.04925053785513658	0.1942013620997384	-0.09920566286927296	-0.11834128869563061	0.18976086687018517	0.026805261166283855	-0.16919639831556318	-0.1560941741963014	-0.049935957254136	-0.19425939260826353	-0.09855052772380957	-0.11935280885945568	-0.1918693931119698	0.03003104062317801	0.17498460106178232	-0.19223941203872416
0.18291553846000086	0.19043417592142267	-0.013606193417033464	-0.17077932610571755	-0.16492967477481715	-0.024395807857079725	0.18565175377129173	-0.13786742304681815	-0.06512055988200585	0.19477696852742127	0.10516241882525475	-0.10285842707781964	0.19525368796625045	-0.06810894805437369	0.13549776087530763	0.1863878324635236	0.027215709734068175	0.16248603354534308	-0.16840086513569785	-0.01606619266749615	0.1809616834904981	0.1380375238699765	-0.06366724398428478	0.19355203568386573	0.10438565655979679	0.10438822359109491	0.19355390715210355	0.06366830208046659	-0.1380374814735374	-0.18096259360369538	-0.01606732526731292	0.16840061581938734	0.16248705069031044	0.027214379953593597	0.18638764990931073	-0.13549907831016617	-0.06810746357904834	0.19525373525564368	-0.10286012823695428	0.10516085577221165	0.19477738920403873	0.06512269030950478	0.13786589967301863	0.18565268019787481	0.02439829861399377	0.16492841092630442	0.17078070715432853	0.013603878511066503	-0.19043345525803987	0.18291639776420107
0.17259222361597965	0.2016076843228039	-0.05660054241176602	-0.13649456670561655	-0.19158859848979323	0.05364167986606848	0.13815581641295538	-0.18904016342734628	0.04728106285844674	0.1426578240752674	0.18727979131152814	0.04120628502276673	0.14684660689643086	-0.1854389721437528	-0.035336106218164846	0.15061671301124716	0.18273015894801706	-0.028216870013737	-0.15491550506143437	0.17841384474477448	-0.018161391625791615	0.16006891171961732	0.17041871786350926	-0.0028135978901985383	0.17048004601542438	-0.17047538370582152	0.00281299286379423	0.17041742358265258	0.1600687720610708	-0.018160342720125507	-0.17841294822773862	-0.15491589566600902	0.028215542277043957	-0.18272936553039984	-0.1506174372974771	-0.03533451127397015	0.18543819849470577	-0.1468476088533402	-0.04120441684750503	-0.18727901442393033	-0.14265911330287526	0.04727889025717445	-0.1890393788324576	-0.13815739900202126	0.05363924199331983	-0.19158783017663145	-0.13649624025728424	-0.05659826258874299	0.2016069352343194	-0.17259287675531967
0.16140040899827776	0.20834687595660847	-0.0969853506076805	-0.09171728645505896	-0.1963561146638826	0.12319890414887207	0.06177677384611761	-0.1899271051982509	0.1440970403348174	0.033682793834621444	0.18067733183394666	0.16245693579154744	0.004240295064621753	-0.1669536883984931	-0.17685115559374268	-0.024815719626890803	0.14993516169574797	-0.18696546029161265	0.05206849667791075	0.13019801926845578	-0.1903001590697837	-0.07163902645622783	0.11491901364706761	-0.1945819441980719	-0.09416395423216029	-0.09416620617653465	-0.19458370484174883	-0.11492024610069283	0.07163852232446728	0.19030058049098694	0.13019915364407975	-0.052067458757944766	-0.18696541884176887	0.14993629115653473	-0.024814294903066074	0.17685071353905668	-0.1669547609482457	0.004242058210231856	0.16245606188975878	0.1806782770818796	0.03368486913461266	-0.1440956837874198	0.18992783697878474	0.06177909682441416	-0.12319706569935915	0.19635650282896902	0.09171953176512034	0.09698338003347522	-0.20834671604351054	0.1614013662923696
0.14948772637522562	0.2106212709197832	-0.13295817657336037	-0.03992985899960893	-0.17876662824506093	0.1732862916415263	-0.027436917259275294	-0.14044756513221404	0.1935858716147922	-0.08874665389733778	0.08847590494668225	0.19357139756435665	-0.14097408440756917	-0.026434407929848084	-0.1721664046251127	-0.17735196740960527	-0.03755907580857951	-0.13283761248464435	0.19387837633937474	-0.09470515522516791	-0.08253526610415284	-0.18987514424525184	-0.1363247660096417	-0.03251919667392249	-0.17640779642672003	0.1764029357276052	0.03251944987314338	-0.1363234936421321	-0.1898745551466144	-0.08253590982908676	0.09470395657647983	0.19387781623708691	0.1328383042718012	0.03755766579824646	0.17735108326231439	-0.17216692180372917	0.026436016727844274	0.14097270216479807	-0.19357149486862676	-0.08847756248279492	0.08874472314538923	0.19358533092888364	-0.140449032393043	0.027434528113201524	0.17328496262686793	-0.17876752366740373	-0.039932222188392305	-0.13295630682765752	0.21062106304624445	-0.14948848726486272
0.1370122903775295	0.20853181380659777	-0.16298043500563908	0.014890909153459623	-0.1409496239344274	0.19613944644909692	-0.11093546290104803	-0.05381699668563932	0.17962361743691757	-0.17596370205009343	-0.045623293661816666	0.117461271649442	-0.1959260028950194	0.13333620365412235	-0.02528876999090936	-0.16573463711700973	-0.18659684477155913	0.07254857371436838	0.09376531604995367	-0.1907448610561394	0.14632139158698218	-0.007479740948011374	-0.15638361543815607	0.18938728733982932	0.08360687915522856	0.0836088079003949	0.18938887741302332	0.15638490750057324	0.007480610945350961	-0.1463212146294182	-0.19074553240060577	-0.09376654510926792	0.07254751842354748	-0.1865967198892406	-0.1657356541692324	0.025290341928190286	0.13333515502682725	-0.19592631196749816	0.11746286886170482	-0.045621441937186966	-0.17596294820979078	-0.17962464654501772	0.05381922863621012	-0.11093358486907327	-0.19613934845171166	0.14095145350861377	-0.014888489180649566	0.1629791415792732	-0.20853218220788763	0.13701329179940377
0.12414029685350238	0.2022971068562034	-0.18582703975798687	0.06857555832269274	-0.08735169156097843	0.18838637214753765	-0.17152795225798415	0.047050868033156806	0.10684403492418541	-0.19331975216161176	-0.158086201616977	-0.023448495454828567	-0.1258282870124344	0.19589130487239861	0.14260874377309138	-0.0005410561332146451	-0.14335854288751074	0.19524646502814777	-0.12283687797286812	-0.028169688646160443	0.1602822266228449	0.1870176684085615	0.08970341744943311	0.0670829250115652	0.1817580440562481	-0.18175300068256212	-0.06708281240953112	0.08970228858734343	0.18701674050474779	0.1602822915702918	0.028170693790358595	-0.12283569407526175	-0.19524601121128135	0.14335923445863621	0.0005425062660534055	0.14260749420907115	-0.19589116007813406	0.12582947361558472	0.02344664884472727	0.15808488617792424	0.193319925539551	0.10684573873246982	0.047048626956706446	0.17152662998014465	0.18838691361679863	-0.08735381442479599	0.06857321631438368	-0.18582587562844294	0.20229740001445887	-0.12414111291290109
0.11105129708328913	0.1922773153992113	-0.2007183223851267	0.11720694257915659	-0.024074207351765263	0.15145637399005132	-0.19690376538056062	0.13562772432718107	-0.0008416749298509387	-0.13416628793644952	-0.1960633594220683	-0.15134216300949824	0.02439009104374695	0.11583753722130896	0.19315955201980037	0.16543554835989344	0.047587043341849086	0.09604822591792384	-0.18622748440804895	0.17222191316303062	-0.060712871019907085	0.08607909226499955	0.18441014424403146	-0.17810585825800743	-0.07274183789230375	-0.0727434375157757	-0.17810722434050005	-0.1844113745541352	-0.08608016536851236	0.06071216131592439	0.17222185694452302	0.18622820442353344	0.09604949035627236	0.047585807854704634	0.16543500127877783	-0.19316007983253136	0.11583898332281868	0.0243884119072625	-0.1513411550914841	-0.1960636643625968	-0.1341678868205695	0.0008395391191927047	-0.13562619965824527	-0.19690376971002194	-0.1514580179325527	0.024076640942607964	-0.11720504912917991	0.20071787366419047	-0.19227811120247953	0.11105228424696274
0.09793921340155394	0.17895646265873102	-0.20733095000214125	0.15740297178957247	0.041864195279428	0.09122784033188255	-0.1820189390014985	0.1886923948255379	-0.10814051674252564	-0.02229054497556876	-0.1421788374406062	-0.19611568828316178	0.15923191738821674	-0.04864820861777209	0.08449165552188753	0.17842937524716057	0.18933898995921292	-0.11165617485494299	-0.01849715149975095	0.13963230525314918	-0.19292772865435498	-0.1514325261835666	-0.03436014953068564	-0.09985341652637916	-0.18651231004589705	0.18650710032479148	0.09985293467836559	-0.03435927720200966	-0.1514314347850101	-0.19292721072547284	-0.13963270559282162	-0.01849827304661609	0.11165493607687504	-0.18933832518346302	-0.1784297067829998	0.08449291156081741	0.048646589664206936	-0.15923073570258256	0.1961155956385393	0.1421800032193236	0.022292519300448333	-0.10813863834907077	0.1886915603139894	0.18201965445199572	0.09122986219181183	0.041861792605511004	0.15740129876365455	-0.2073306110010316	0.17895714961650006	-0.09794002600830183
0.0849952608678204	0.16291134999778642	-0.205804077074858	0.18659336754099917	0.10335545248986154	0.0170974213475575	-0.13025046668214277	0.19276329045424445	-0.1804690946877883	0.09821535828764409	-0.022013039258503377	-0.13359700344805625	0.1933537867722205	-0.1781845540890011	-0.09395958073835542	0.026664719265696114	0.13664062076222608	-0.1925695321263171	0.17164168096607693	-0.08116326598290297	-0.04325874200381215	-0.15086124012992919	-0.1964308415434961	0.1610309446535394	0.06158955164145853	0.06159081953207156	0.1610320428023379	0.1964318947695675	0.1508623145508438	0.043259758712463424	-0.081162535637624	-0.1716415023247914	-0.1925700588874175	0.13664177073189074	0.02666614949896952	0.09395837973190056	-0.17818407492990349	0.19335430798085168	-0.13359843703916954	-0.02201492571539334	0.09821371921803851	0.18046838525977058	-0.1927638946467159	-0.1302522609038374	-0.017099770578118133	-0.10335345670557677	-0.18659247274905155	0.20580444053827773	-0.1629124171500315	0.08499617299938901
0.07240355416934074	0.1447728218049859	-0.19666312577910694	0.2031108243980189	0.1539153838453728	-0.05949383611156276	-0.05257337314293111	0.14745722061562672	-0.1951548017601843	0.18059458144104965	0.10853137158793927	0.0020079651534482957	0.10505900109897749	-0.17858160144454593	-0.19510759760908514	-0.1491760672512483	-0.05530140074754903	-0.056475845316830225	0.14958224993800287	-0.19276318878166693	0.1702069329123138	0.0883498361509963	-0.025207490627447805	0.12986826898528142	0.1906388154382193	-0.19063345661520045	-0.12986742505392093	-0.025208011352981667	0.08834879532142845	0.17020600673695044	0.19276283916927833	0.1495826674316698	0.056476912142400394	0.05530005527385759	0.1491749378562657	-0.19510713206298988	0.17858203751801546	-0.1050602790707202	-0.0020062116085719163	-0.10852970948104655	-0.18059360337975083	-0.19515491679468666	0.14745849940684913	0.05257547727872451	-0.05949156286115232	0.15391367792819707	0.20311017982775204	-0.19666352962573405	0.14477374247825556	-0.07240430217171166
0.06034693404086426	0.12524646557298644	-0.1808941399009668	0.2065172066432729	0.1887539548104178	-0.12733433113632484	0.03531704333363389	0.06494277319233485	-0.14825528810261984	0.193535373859102	0.18937468631630025	0.1369693299947724	-0.04977338916747667	-0.04992330113633202	-0.13659424722993943	-0.1878793117147451	-0.19021711131477825	0.14240072515782703	-0.056236794207147736	-0.04600952680161747	0.13682190753675355	0.1905395839888541	0.1911065234119727	-0.1385757627052147	-0.05015801810580967	-0.05015895702731188	-0.13857656288089706	-0.19110730417305652	-0.19054045781714363	-0.13682291006674321	-0.04601057564254699	0.05623587844381822	0.14240016763910393	-0.19021710298813804	-0.187879936301363	0.13659543801116136	-0.049924830477532885	-0.04977186943704223	0.13696821151931235	0.18937430686039694	0.1935359188879328	0.14825671382597783	-0.06494479652548676	0.035314902048654756	0.1273326219512992	-0.18875311835073144	-0.20651738909165468	0.1808950879185825	-0.12524761160275136	0.060347714165845175
0.049022117644787595	0.10511428903913132	-0.15989391695564617	0.19759690937617586	0.20527610287101195	-0.17724423709446424	0.11652025693072143	-0.03386484366675611	-0.054885977275301735	0.13236944139975707	0.18337134338290115	0.19788482242399116	-0.17311533485472277	0.1139786262937662	0.03221730463694028	-0.05591424254300812	-0.13260569064304362	0.18203353815281112	-0.19330597287640072	0.1630892738650007	-0.09652684008622267	-0.007436894271981284	0.0841740975970078	-0.15623784564927232	-0.19407559381080247	0.19407010506477843	0.15623665747501922	0.08417419724733793	-0.007436123595042165	-0.09652582033880794	-0.1630883761806201	-0.19330548698956587	-0.18203363371292816	0.13260639416507017	0.05591543119332521	0.03221587185075586	-0.1139772603749186	0.17311435885452484	-0.19788449485948845	-0.1833718057102395	-0.13237067548919623	-0.054887790249060764	-0.03386278786678864	-0.11651837431677019	-0.17724292202668943	0.2052756082231837	0.1975972420283281	-0.15989479870826398	0.10511525158392657	-0.049022745145510346
0.03859561704841548	0.08513097396668076	-0.13528410437869973	0.17816207034974849	0.20325194664551607	-0.20343691142777467	0.17641365373358556	-0.12487767020920866	0.055803524132101386	0.02089705210373199	0.09402820058443227	0.15285173838068092	-0.18869215630018563	0.1961997008765598	0.1741254365356227	0.1255123387378985	0.05735442522423066	0.020325614098290968	-0.09569786125958732	0.15677164921039388	-0.1930589274310918	-0.19746081583550334	-0.1683173722667869	0.11121311368107277	0.03843334425011102	0.038433966029931356	0.11121360652806804	0.1683178227436036	0.19746133395040866	0.19305960278826095	0.15677251584497784	0.09569889067131677	0.02032671397949649	0.057353390951604716	0.12551152772832794	-0.17412500019219096	0.19619975280743138	-0.18869275508695652	0.15285286039330764	0.09402974265923136	0.02089883222401697	-0.055801747134537144	0.12487616250443953	0.176412657820703	0.20343659053629942	-0.20325232632837978	-0.17816300288763015	0.13528527741985338	-0.08513200237768337	0.038596218580778635
0.029185849824795197	0.06594191587634202	-0.10866707099513113	0.15057656810299835	0.1842879349767927	-0.20366309060233534	0.20478516352453202	-0.18632777819627255	0.1495316172355542	-0.09785490979758732	-0.036496216509357936	0.02825602394320371	-0.08967870800287321	0.14135497789409035	0.17775094194647514	0.1948358056464938	0.19039668675060242	-0.164405171001634	0.11901208302469342	-0.05870129874908381	-0.010045779948174492	-0.07869772527379079	-0.13773578166717076	0.17813337125704232	0.19670288556788657	-0.1966972899732956	-0.1781318680701986	-0.13773542357931118	-0.07869803723117241	-0.01004651830428364	0.05870034203079868	0.11901109914358811	0.16440433348404992	-0.1903961418732925	-0.19483565610986509	0.17775124536069437	-0.14135573665929507	0.08967987170730031	-0.028257488250557097	0.036494595387133934	0.09785330693429271	0.14953021533660754	-0.18632674883732842	-0.2047846340010474	-0.20366311672701742	0.18428847072455004	0.15057745647578746	-0.10866806144784558	0.06594273263474267	-0.029186311025264925
0.020869723032479994	0.04810072320254167	-0.08164141692612853	0.11776377972665603	0.15198486250705665	-0.1801096470484069	0.1987731290845821	-0.20569099048833475	0.19973469748311556	-0.18088131401176852	-0.15013322307811	-0.10937762762076646	0.061229597998192324	-0.008827860419148936	0.04434261499451727	0.09469414083258865	0.1386863077859994	-0.1730625609658599	0.19497025986980798	-0.20221285488395338	0.19342111164796535	0.1684173242975247	0.12893511524792767	-0.07936620424233252	-0.026361967619475277	-0.02636230008015423	-0.07936641285234525	-0.12893523929867345	-0.16841743409140258	-0.19342128381167034	-0.20221315283617422	-0.19497073021396152	-0.17306322549714448	0.13868716672642278	0.09469516889727221	-0.044343768586460344	-0.008826642610550191	0.06122839150107	-0.10937651484056322	-0.15013228952319524	-0.1808806418051395	-0.1997343507708346	0.20569101522274175	0.19877353283027366	0.18011039189702355	-0.15198585386948818	-0.117764869291659	0.08164241970486504	-0.048101465138231714	0.020870114593974788
0.013784359565935775	0.03227934938751454	-0.05607539360141937	0.08342673618091549	0.11202193801786495	-0.13954386278689299	0.16392719545164505	-0.1834828396626274	0.19691902164999694	-0.20333683063878752	-0.2022005042868679	-0.19333505997776737	0.17687418845934771	-0.15326839556910157	-0.12322024540882451	-0.08769751045576084	-0.04787223316029787	0.005170449174316369	0.03877753333333028	-0.08198391138429612	0.12215922784342595	0.15633624887789832	0.18139818405953262	-0.19475328956089283	-0.19831332916485467	0.19830765697482908	0.1947515149748517	0.18139737388154017	0.15633598501550927	0.12215936103649745	0.0819843492319949	0.038778205804480895	-0.0051696068858554205	0.04787128343095999	0.08769651242766195	-0.12321925760106876	0.15326747269768853	-0.176873384399752	0.19333441853380948	0.20220006683048833	0.20333662880571285	0.19691906940882375	-0.18348314099748755	-0.16392772901900954	-0.13954458177149817	0.11202276652192258	0.0834275725985864	-0.056076121476642725	0.032279867920358266	-0.013784626701549603
0.00805121117384044	0.01908351097265828	-0.03373743581690992	0.051358893995338765	0.07097853961547375	-0.09159179359621228	0.11227374417749628	-0.13222845602006184	0.15078515167628703	-0.16738462472817855	-0.18155720980266965	-0.1929203574306221	0.20114892193818942	-0.20598785399364633	-0.20721727953656643	-0.20466666160635885	-0.19818438272230743	0.18764657298774431	-0.17294639143636262	0.15403073300523656	-0.130952706846407	-0.1039919492865875	-0.07407435105363308	0.043115619150071643	0.013794960965924613	0.01379506210259461	0.043115622220851524	0.07407425465083073	0.1039917743071527	0.13095248272454252	0.15403048798821328	0.1729461529187064	0.18764636382552394	-0.19818422393229057	-0.20466656812596679	0.2072172667063556	-0.2059879314422046	0.20114910088801566	-0.1929206401238714	-0.18155760002696364	-0.16738512148367096	-0.15078574450875534	0.13222913285704668	0.11227448105996406	0.0915925562603474	-0.07097928229458535	-0.05135956211460717	0.03373797216144453	-0.019083872243392995	0.008051390034684023
0.0036246901442423657	0.008660444050979507	-0.015487486673278601	0.023930131700975497	0.03368617111137876	-0.04444092748927583	0.05591480056686176	-0.0678768855742585	0.0801458086284044	-0.09257408474691647	-0.10504592719515692	-0.11746348289580918	0.12974583000024395	-0.14181516480740794	-0.15360054168868514	-0.16500877140534004	-0.17593846767888405	0.1862033429913311	-0.19556334387956967	0.2035604484923097	-0.2095836989821647	-0.21248975692142044	-0.21122744050536743	0.2053716690965849	0.19871090467788632	-0.19870519555667268	-0.2053696908694432	-0.21122624972126114	-0.2124889328026006	-0.2095831065342982	-0.20356002157698339	-0.19556304867503677	-0.18620315661446002	0.17593837495216516	0.16500875983991217	-0.15360060379138216	0.1418152918907875	-0.12974601808649366	0.11746372438005133	0.10504621709810744	0.0925744174350782	0.08014617495414786	-0.0678772769195334	-0.05591520405010928	-0.044441326923530894	0.0336865459827496	0.023930458863808842	-0.015487743235786664	0.008660613871921453	-0.003624773064447155
