0.03607129007493508
0.032738675163836356
0.0313687479800169
0.03067365053926725
0.030273144363550657
0.03001762305911181
0.029835827930974525
0.029679679227714712
0.029561067441463133
0.02949274938309825
0.029456221185440615
0.029438715093431343
0.029437788363113306
0.029451678317066965
0.029469830872939945
0.029491720039636075
0.029517744172966893
0.029547638759276566
0.029580133318190156
0.029610219009145056
0.029628043918528434
0.02960907543144044
0.029529700731098327
0.02939681680074823
0.02939048714916883
0.02939048672538929
0.0293968166195698
0.02952970056136318
0.02960907529188364
0.029628043866141818
0.029610219023249215
0.02958013336327839
0.0295476387999789
0.029517744191615555
0.029491720033144632
0.029469830851503256
0.02945167829144328
0.029437788325920963
0.02943871501598902
0.029456221121586725
0.029492749347932362
0.02956106743525045
0.02967967926735387
0.029835827937043684
0.03001762292002782
0.03027314403318915
0.03067365011088156
0.0313687475651695
0.032738674977254814
0.03607128988870522
