0.03607128989118008
0.032738674977587576
0.03136874756490936
0.03067365011065578
0.030273144033166995
0.030017622920049107
0.029835827937008758
0.029679679267298004
0.029561067435205153
0.029492749347898587
0.029456221121569277
0.02943871501597724
0.029437788325913844
0.02945167829143625
0.029469830851493538
0.029491720033135056
0.029517744191605164
0.029547638799969318
0.02958013336326882
0.029610219023240736
0.029628043866135646
0.029609075291878256
0.02952970056136259
0.029396816619570817
0.029390486725385176
0.029390487149174905
0.029396816800746267
0.029529700731101612
0.029609075431444407
0.02962804391853457
0.029610219009151433
0.029580133318197935
0.029547638759285393
0.029517744172975886
0.02949172003964428
0.029469830872948716
0.029451678317075698
0.02943778836312009
0.029438715093440943
0.02945622118545758
0.029492749383130876
0.029561067441509492
0.02967967922776657
0.02983582793100089
0.03001762305908651
0.030273144363573506
0.030673650539493988
0.03136874798026194
0.03273867516351797
0.03607129007282033
