0.99605578625958
0.9960089770537132
0.9959408636144577
0.9958508570257373
0.9957368029152246
0.9955956104363607
0.995423271149978
0.9952146277699623
0.9949630432870813
0.994659861535846
0.9942936114318649
0.9938488770881286
0.9933044729398162
0.9926306418931862
0.9917843738998855
0.9907014372963129
0.9892819876141669
0.9873634859637583
0.9846645718241017
0.9806616241271925
0.9742780986339142
0.9630021025897507
0.9398424038767395
0.8803447989406997
0.6887392555215187
0.31126074911121315
0.11965520177220934
0.06015759577239932
0.036997897000088376
0.025721901070304476
0.019338375675664987
0.015335428072429935
0.012636513984286446
0.010718012348640782
0.009298562679547206
0.008215626079445785
0.007369358083043093
0.006695527032374771
0.006151122882848796
0.005706388537454865
0.005340138434415009
0.005036956686392266
0.004785372207352808
0.004576728833167193
0.00440438955330289
0.004263197079316618
0.00414914297256275
0.0040591363870635415
0.003991022946745353
0.003944213741340318
