0.4999988390498964	0.41008917556103386	7.644825941340982e-7	-0.15162471659478619	-5.767205201253682e-7	0.08931111564973493	4.5058109013348947e-7	-0.06026410351160848	-3.585590225070561e-7	0.04348056748757073	2.8872667357442034e-7	-0.032653047083157936	-2.3447354823664673e-7	0.025183055040865043	1.916877959040854e-7	-0.019793244399199446	-1.5748506766095367e-7	0.015779158818038524	1.298979705320597e-7	-0.012719293775088006	-1.0748529464914623e-7	0.010345476468741477	8.915523220167852e-8	-0.008478973051702681	-7.40192098830905e-8	0.006996228910083521	6.174381619710787e-8	-0.005808963730053788	-5.1318241393093695e-8	0.004852832931718098	4.248866281781825e-8	-0.004079930403016612	-3.508795222142968e-8	0.003454023856688186	2.8799881781458672e-8	-0.002947348836523291	-2.346989794996026e-8	0.002538338002913248	1.888733457180229e-8	-0.0022103093281606863	-1.4894507076941105e-8	0.0019499728396554991	1.135788969895771e-8	-0.0017468173127815772	-8.1700251012188e-9	0.001592528275405838	5.2459079032678174e-9	-0.0014805230894784408	-2.526602841612273e-9	0.0014068491751331941
0.41008917556103386	0.5000004775555922	0.25691779143679055	-2.0938592458367707e-7	-0.06169869099503552	1.3394988902164312e-7	0.028829878640264546	-9.491244405769666e-8	-0.016738272142508285	7.070469096339191e-8	0.010854814274970224	-5.4285476197716124e-8	-0.007524411577948853	4.250917377018337e-8	0.005450474596949762	-3.38358614339083e-8	-0.004071856352108188	2.7228372450016095e-8	0.0031111725777639987	-2.2097350531974597e-8	-0.002417536019890445	1.8062448064043212e-8	0.0019028035398802779	-1.4865308566834003e-8	-0.0015124122881380233	1.2270425020932171e-8	0.0012109242051587137	-1.0253522756379753e-8	-0.0009745476500364547	8.617212597221421e-9	0.0007867242459252313	-7.2632253688514455e-9	-0.0006356197465488617	6.1539333209945325e-9	0.0005125756200163467	-5.240073176645137e-9	-0.000411119009033074	4.500380722120559e-9	0.0003263267870468827	-3.90783972380386e-9	-0.0002543622766820371	3.440395893130786e-9	0.00019219583365233581	-3.0784595668377192e-9	-0.00013739557809525223	2.8068590935134805e-9	8.799995194178271e-5	-2.6130118814194543e-9	-4.249899082637111e-5	2.4881324334683874e-9
7.644825941340982e-7	0.25691779143679055	0.499998914420596	0.34927725183146296	6.707285077801098e-7	-0.12389731000044038	-5.007386860288379e-7	0.0735887435113802	3.907118639995562e-7	-0.05028018307899418	-3.112557008818434e-7	0.0366827810325584	2.510979029368056e-7	-0.027801778848113426	-2.0431462438948997e-7	0.02160301533884567	1.6733059607977292e-7	-0.017085141608057058	-1.3770902544025675e-7	0.013692037542009157	1.1375124094412296e-7	-0.01108768437383775	-9.42186524127045e-8	0.00905610880952121	7.813894941321005e-8	-0.007451952489029325	-6.509738765847963e-8	0.006173535305409198	5.4063612097293436e-8	-0.005147858372932918	-4.4742928260698566e-8	0.004321239888808747	3.693789915111597e-8	-0.003653479115379694	-3.031213863429364e-8	0.0031140162470052065	2.469636400594773e-8	-0.0026792717753156177	-1.9869215906120576e-8	0.002331093213385087	1.5664802953639394e-8	-0.002055095190268643	-1.1942501180510647e-8	0.0018399422181842452	8.588812386210368e-9	-0.0016766958631165153	-5.513898081998168e-9	0.001558302279820144	2.6553529268266e-9	-0.0014805221740047925
-0.15162471659478619	-2.0938592458367707e-7	0.34927725183146296	0.5000006813672289	0.28623544212510116	-3.2370349805419015e-7	-0.07879350525201873	2.1408057803756596e-7	0.039943740681673515	-1.5483558871742424e-7	-0.024457906102810456	1.169951993686344e-7	0.016456596261253103	-9.075627192032972e-8	-0.01171581412093295	7.172334463135287e-8	0.008657310230100473	-5.7430584373217447e-8	-0.006566827938283554	4.6450805535053465e-8	0.005077169263176092	-3.7877108885187014e-8	-0.003981867138681897	3.111300997893019e-8	0.0031566500377361024	-2.564605765121821e-8	-0.0025224839017820937	2.139979474419913e-8	0.0020271079719348353	-1.7962364907856132e-8	-0.0016345934995180382	1.512556546187376e-8	0.0013195041744287483	-1.2806008039877945e-8	-0.0010633669594373844	1.0898515808084182e-8	0.0008524535050641876	-9.356112669171835e-9	-0.0006763712930442077	8.121481741548589e-9	0.0005270534058456601	-7.147968989344208e-9	-0.00039814998138900564	6.394466889296075e-9	0.0002845772754425297	-5.829186774272275e-9	-0.00018224344664080053	5.425837203202938e-9	8.800360751306472e-5	-5.1660923282157356e-9
-5.767205201253682e-7	-0.06169869099503552	6.707285077801098e-7	0.28623544212510116	0.4999989326955598	0.3325812199626416	6.259052188437325e-7	-0.1133926482504755	-4.5914621532382055e-7	0.06648492716172166	3.553750700596687e-7	-0.04523504787330913	-2.8195397748268896e-7	0.03297225657830004	2.269064107064035e-7	-0.02500143243908655	-1.8443855420328073e-7	0.019448151906789116	1.5096224833956905e-7	-0.015402148517025828	-1.241806944644093e-7	0.012362648009981549	1.0251416021906026e-7	-0.010028719724028728	-8.480401645809513e-8	0.0082076243496172	7.044753695211183e-8	-0.006769707622741196	-5.840220869712945e-8	0.005624488481158527	4.828401163567983e-8	-0.004706943577295644	-3.982956784633033e-8	0.0039692692728568735	3.266742389684258e-8	-0.003375666223181463	-2.6599361213788404e-8	0.002898858770487406	2.1386933503690058e-8	-0.0025180340067547666	-1.685121721680649e-8	0.0022168625316969885	1.2840117819152782e-8	-0.0019825665088778746	-9.230199444742546e-9	0.0018051290630313264	5.9236009318660395e-9	-0.001676692782805921	-2.852023051573595e-9	0.0015925241262370663
0.08931111564973493	1.3394988902164312e-7	-0.12389731000044038	-3.2370349805419015e-7	0.3325812199626416	0.500000803024187	0.2975159518374311	-3.964100032433895e-7	-0.08665361316294246	2.6682239006113015e-7	0.04565161811189152	-1.9519970990693367e-7	-0.02872983707258427	1.4876975922421822e-7	0.019725623071460814	-1.1614020504912088e-7	-0.014259544960042541	9.223524422297705e-8	0.010661897422457964	-7.418458805179371e-8	-0.008161917588670575	6.025017548946664e-8	0.0063557331490491495	-4.93350728748095e-8	-0.005012099634219603	4.0572443093338934e-8	0.003989294395943468	-3.377714318772479e-8	-0.0031960861605714896	2.829582068291905e-8	0.0025711016588143903	-2.3790461283220803e-8	-0.00207162148070642	2.011813214084241e-8	0.0016670356645275123	-1.7106194961000277e-8	-0.0013348428945987429	1.4674572588362967e-8	0.0010581602611632968	-1.2730623550377739e-8	-0.0008239797375627741	1.1199096240897953e-8	0.0006221256293554285	-1.0014511675039695e-8	-0.00044449229231775003	9.126360938585647e-9	0.00028457999763634346	-8.4930418095662e-9	-0.0001374024827184728	8.08558354479876e-9
4.5058109013348947e-7	0.028829878640264546	-5.007386860288379e-7	-0.07879350525201873	6.259052188437325e-7	0.2975159518374311	0.4999989418170332	0.3249439008033111	5.999282835548941e-7	-0.10803706064377426	-4.3378032084645057e-7	0.0625811313137074	3.3303487895847657e-7	-0.04230679391839218	-2.6293992055125066e-7	0.030728174459622268	2.109374480794144e-7	-0.023253489042340113	-1.71019858849636e-7	0.01806991906036158	1.3969237843041587e-7	-0.01430558750638753	-1.1469290752266609e-7	0.011484541480893885	9.449317238784433e-8	-0.00932271661895854	-7.814876459372723e-8	0.0076392179432117555	6.4605336107646e-8	-0.006312846239908377	-5.3324663753604556e-8	0.00525929275750145	4.393087834261653e-8	-0.004418164243028182	-3.5999129861252237e-8	0.003745173122108967	2.9284070936835356e-8	-0.003207166511306453	-2.3522371518924193e-8	0.002779160311156731	1.851634183929538e-8	-0.002441823111158146	-1.4097174925677228e-8	0.00218017472692104	1.0126830681099624e-8	-0.0019825671844416657	-6.495614522732594e-9	0.0018399394987077173	3.1264294362532737e-9	-0.001746813048948938
-0.06026410351160848	-9.491244405769666e-8	0.0735887435113802	2.1408057803756596e-7	-0.1133926482504755	-3.964100032433895e-7	0.3249439008033111	0.5000008789998651	0.30328599408145757	-4.437794076102286e-7	-0.09098631243493491	3.019831146957163e-7	0.04896855064880246	-2.2254868921292338e-7	-0.03131033334762741	1.705429093714427e-7	0.021758579163928597	-1.3380343911110343e-7	-0.01587678985940493	1.0668617827860313e-7	0.01195787096269715	-8.60989975999589e-8	-0.009205724616517029	7.015243784921385e-8	0.0071991226513464	-5.748603521434643e-8	-0.005694156700159535	4.768866429816498e-8	0.004540060519234153	-3.9830740029462715e-8	-0.003638617277290085	3.341193590712862e-8	0.0029231486190287644	-2.8205061940766347e-8	-0.002346814289830536	2.3951344447224507e-8	0.0018757310193046929	-2.0525265266050784e-8	-0.001484808593973891	1.779130943190851e-8	0.0011549282377537992	-1.564001217521217e-8	-0.0008712726779288148	1.3977749440559981e-8	0.0006221285233677271	-1.2732588655482174e-8	-0.0003981554496569627	1.1845607613881829e-8	0.00019220602213299715	-1.1275789125285017e-8
-3.585590225070561e-7	-0.016738272142508285	3.907118639995562e-7	0.039943740681673515	-4.5914621532382055e-7	-0.08665361316294246	5.999282835548941e-7	0.30328599408145757	0.499998948135982	0.32074278328106604	5.832240572000636e-7	-0.1049298915396989	-4.1718537338957347e-7	0.06022340874497151	3.181689737093724e-7	-0.04048271255683764	-2.50029886405946e-7	0.029296411944958748	1.999303304439934e-7	-0.022117625644706224	-1.6168113613327883e-7	0.017162030259513423	1.3175334610671092e-7	-0.013576624009579577	-1.0794261441278697e-7	0.010898045787499075	8.875324672591971e-8	-0.008851450919237912	-7.30962453231319e-8	0.007262396423597922	6.019486632027812e-8	-0.0060145808872706695	-4.950048560525414e-8	0.0050274462618116805	4.051134102148725e-8	-0.004243489857778547	-3.291083544243254e-8	0.0036206192813362753	2.640024296465749e-8	-0.0031276184650264847	-2.0755587844197506e-8	0.0027407450171476264	1.5784589155821084e-8	-0.0024418234042719055	-1.13286826484355e-8	0.0022168633119334026	7.261560947875025e-9	-0.0020550920863794766	-3.493688998434076e-9	0.0019499674891462894
0.04348056748757073	7.070469096339191e-8	-0.05028018307899418	-1.5483558871742424e-7	0.06648492716172166	2.6682239006113015e-7	-0.10803706064377426	-4.437794076102286e-7	0.32074278328106604	0.5000009281049367	0.30662855226463304	-4.7531136182157225e-7	-0.0935960282286894	3.2578009164639314e-7	0.051025493879028126	-2.4131081991105216e-7	-0.0329462102977298	1.8563963125656308e-7	0.023068858490508798	-1.461369123545537e-7	-0.016931733424819406	1.1688208843084293e-7	0.012809949326102726	-9.459466318465622e-8	-0.00989456717162778	7.715533842451572e-8	0.007755046236229131	-6.370456553925718e-8	-0.006140617807463819	5.3000201981740765e-8	0.004895137874933794	-4.433085189028313e-8	-0.003916192760332279	3.73435612354489e-8	0.003133751300426051	-3.166532148816693e-8	-0.0024982393775498657	2.710541588760562e-8	0.001973589992548245	-2.3474396343694626e-8	-0.0015327281635594179	2.062100318072855e-8	0.001154931033617886	-1.8418611930224288e-8	-0.0008239852965775977	1.6770429486548624e-8	0.0005270612969054784	-1.5597670058188813e-8	-0.0002543755780106443	1.4845487106464198e-8
2.8872667357442034e-7	0.010854814274970224	-3.112557008818434e-7	-0.024457906102810456	3.553750700596687e-7	0.04565161811189152	-4.3378032084645057e-7	-0.09098631243493491	5.832240572000636e-7	0.30662855226463304	0.4999989530674978	0.3182127230018936	5.718666929746943e-7	-0.10300031661249356	-4.058606164307649e-7	0.058724066065251226	3.07922643794494e-7	-0.039301400463098525	-2.410488900012799e-7	0.028356586778591104	1.921567748144481e-7	-0.021365198287159194	-1.5498457576865106e-7	0.016557855549733384	1.260118046507444e-7	-0.013091626019652088	-1.0286095342813963e-7	0.010510585058240136	8.43007564899235e-8	-0.008544871781953827	-6.920182582662489e-8	0.007023987648268009	5.676213152138194e-8	-0.005834727527833556	-4.6369781738238054e-8	0.004898971607525117	3.760320044056353e-8	-0.004161099399787699	-3.011254158602372e-8	0.003580689300134668	2.363687744412473e-8	-0.0031276173157330014	-1.7951407152689488e-8	0.002779159275303592	1.2869490125271468e-8	-0.0025180330860635385	-8.242327868598418e-9	0.0023310877706627844	3.963570382425182e-9	-0.002210300683363753
-0.032653047083157936	-5.4285476197716124e-8	0.0366827810325584	1.169951993686344e-7	-0.04523504787330913	-1.9519970990693367e-7	0.0625811313137074	3.019831146957163e-7	-0.1049298915396989	-4.7531136182157225e-7	0.3182127230018936	0.5000009605741979	0.3086972567879168	-4.966716216047663e-7	-0.09524736028697887	3.4213058038051345e-7	0.052348862637814186	-2.5434679977421366e-7	-0.03401141114236249	1.9625396769627375e-7	0.023928766501113807	-1.5490547079362628e-7	-0.017626625896671546	1.2420438625422944e-7	0.013370593478646206	-1.0067824979215695e-7	-0.010344669490801355	8.25973201074027e-8	0.008112798005747686	-6.835902366719659e-8	-0.0064200970719911704	5.696208606715008e-8	0.005107096904828045	-4.78551848317075e-8	-0.004068610203780836	4.050726632160035e-8	0.00323225509370652	-3.462944767964829e-8	-0.002546551516884474	2.996091144584143e-8	0.001973590185187906	-2.6297760712289637e-8	-0.001484811855148608	2.3473735596794477e-8	0.0010581664758903882	-2.136256325186752e-8	-0.0006763800001643491	1.9862239756944015e-8	0.00032634233894570747	-1.8901759530828843e-8
-2.3447354823664673e-7	-0.007524411577948853	2.510979029368056e-7	0.016456596261253103	-2.8195397748268896e-7	-0.02872983707258427	3.3303487895847657e-7	0.04896855064880246	-4.1718537338957347e-7	-0.0935960282286894	5.718666929746943e-7	0.3086972567879168	0.4999989570807529	0.31661022711746134	5.638503855349707e-7	-0.10175527073667054	-3.9788139981676725e-7	0.05774330093529703	3.006456467273727e-7	-0.038521504998922936	-2.345998513019545e-7	0.02773320046592494	1.865083538601546e-7	-0.020866294335948814	-1.500881945568873e-7	0.016159803922864875	1.2146427364639847e-7	-0.01277698964989381	-9.892991593615209e-8	0.010266094009112397	8.08559375833442e-8	-0.008360472424872459	-6.608421542490576e-8	0.006892184460544189	5.384415573530871e-8	-0.0057501104816601095	-4.356105061082425e-8	0.00485779905202102	3.4808129933019663e-8	-0.004161099060947615	-2.7270582866001495e-8	0.0036206180204793508	2.0677836459952958e-8	-0.003207165220995996	-1.480482366271674e-8	0.00289885712590741	9.47257861580506e-9	-0.00267926485419377	-4.552400617760658e-9	0.002538326570349526
0.025183055040865043	4.250917377018337e-8	-0.027801778848113426	-9.075627192032972e-8	0.03297225657830004	1.4876975922421822e-7	-0.04230679391839218	-2.2254868921292338e-7	0.06022340874497151	3.2578009164639314e-7	-0.10300031661249356	-4.966716216047663e-7	0.31661022711746134	0.5000009824085132	0.3100267831016817	-5.113634362820158e-7	-0.09632146450211648	3.535331908536272e-7	0.053216447692502084	-2.6354936196835455e-7	-0.0347123101525017	2.0383932111064048e-7	0.024493968994360182	-1.6125822739653035e-7	-0.01808006108984061	1.2958640004219918e-7	0.013731059349866032	-1.0542106711977916e-7	-0.010626192191269404	8.66561260544361e-8	0.008326153364581118	-7.186324487370532e-8	-0.006573401804636163	6.017022230270972e-8	0.005206148774246988	-5.082318310496925e-8	-0.004117135794653873	4.338326854413299e-8	0.0032322551819744445	-3.749174669170505e-8	-0.0024982393490397886	3.2876962620454974e-8	0.0018757339876980818	-2.9324063148699375e-8	-0.0013348487555723874	2.6671094844747286e-8	0.000852461923462178	-2.4788397162370132e-8	-0.0004111360942921209	2.3585742508054836e-8
1.916877959040854e-7	0.005450474596949762	-2.0431462438948997e-7	-0.01171581412093295	2.269064107064035e-7	0.019725623071460814	-2.6293992055125066e-7	-0.03131033334762741	3.181689737093724e-7	0.051025493879028126	-4.058606164307649e-7	-0.09524736028697887	5.638503855349707e-7	0.3100267831016817	0.49999896041590147	0.31556623229506353	5.580059013417018e-7	-0.10093615411032297	-3.9208305201679154e-7	0.057094769094754264	2.9531167873370286e-7	-0.03800584621953525	-2.2981140250719845e-7	0.02732361986677101	1.8228531176166617e-7	-0.02054352751653073	-1.4602548388190033e-7	0.015909186603953802	1.1798695019512144e-7	-0.012588038331734075	-9.583647945259083e-8	0.010131091183927495	7.792773480605685e-8	-0.008273800664726046	-6.325169216748647e-8	0.006850007326982123	5.1008410181027896e-8	-0.005750111345068189	-4.064846919142531e-8	0.004898972193020311	3.177407809327401e-8	-0.004243489922824562	-2.4048263103615068e-8	0.003745173020472277	1.7192795929545803e-8	-0.003375665183919543	-1.0988366705918072e-8	0.003114009097256245	5.277000301569433e-9	-0.002947335435908004
-0.019793244399199446	-3.38358614339083e-8	0.02160301533884567	7.172334463135287e-8	-0.02500143243908655	-1.1614020504912088e-7	0.030728174459622268	1.705429093714427e-7	-0.04048271255683764	-2.4131081991105216e-7	0.058724066065251226	3.4213058038051345e-7	-0.10175527073667054	-5.113634362820158e-7	0.31556623229506353	0.5000009973078623	0.3108980693013918	-5.216220009504324e-7	-0.09702784466787516	3.616206464669242e-7	0.05378635818260052	-2.701736967851057e-7	-0.03516946637151642	2.0938582515108613e-7	0.02485709516838508	-1.6611088832973327e-7	-0.0183634153803562	1.337025642210935e-7	0.013945833227536663	-1.0897647041900431e-7	-0.010780526656189478	8.982774231780764e-8	0.00842584827489977	-7.487469781027112e-8	-0.006622270179421897	6.305560513871778e-8	0.005206149040728531	-5.370684920602877e-8	-0.004068610223984511	4.633169151454136e-8	0.003133750551427484	-4.056855705401486e-8	-0.0023468159953262766	3.614041414309251e-8	0.001667039828287663	-3.283994534380324e-8	-0.0010633735743418471	3.050294874589087e-8	0.0005125931593496748	-2.9015128301114164e-8
-1.5748506766095367e-7	-0.004071856352108188	1.6733059607977292e-7	0.008657310230100473	-1.8443855420328073e-7	-0.014259544960042541	2.109374480794144e-7	0.021758579163928597	-2.50029886405946e-7	-0.0329462102977298	3.07922643794494e-7	0.052348862637814186	-3.9788139981676725e-7	-0.09632146450211648	5.580059013417018e-7	0.3108980693013918	0.499998963246287	0.3148783951906531	5.535928081694764e-7	-0.10039616595716476	-3.877090972255289e-7	0.056669788336206506	2.912349281497232e-7	-0.03767286727767398	-2.2606876318403448e-7	0.027066229812668846	1.7874244865787663e-7	-0.020350064780975282	-1.4293381409897867e-7	0.015771110636732158	1.1511690658282152e-7	-0.012499440627931745	-9.294912213575167e-8	0.010087984603937745	7.503994047321518e-8	-0.00827380179738836	-6.025949933003574e-8	0.006892185621297415	4.7859465093801386e-8	-0.005834727943910236	-3.7311181593907346e-8	0.005027446460339464	2.8180057798431292e-8	-0.004418164062829176	-2.011394762001446e-8	0.003969267511050816	1.2839554768595355e-8	-0.0036534705291014417	-6.160683935630939e-9	0.003454006908525824
0.015779158818038524	2.7228372450016095e-8	-0.017085141608057058	-5.7430584373217447e-8	0.019448151906789116	9.223524422297705e-8	-0.023253489042340113	-1.3380343911110343e-7	0.029296411944958748	1.8563963125656308e-7	-0.039301400463098525	-2.5434679977421366e-7	0.05774330093529703	3.535331908536272e-7	-0.10093615411032297	-5.216220009504324e-7	0.3148783951906531	0.5000010076222738	0.311470438615982	-5.289172095266181e-7	-0.09748850688949386	3.674906669023221e-7	0.05415235976679385	-2.7508411395240114e-7	-0.03545507528077978	2.1372576772557183e-7	0.025073433353002335	-1.6971275346157452e-7	-0.01851876012847127	1.3692028460625863e-7	0.0140461712793465	-1.1201227487276696e-7	-0.010829685515678644	9.2798487049623e-8	0.008425848700156464	-7.78019625347749e-8	-0.006573402117084048	6.603220072709897e-8	0.005107096469143207	-5.679349274863269e-8	-0.00391619078574743	4.960058350277032e-8	0.0029231481036285554	-4.409232073011654e-8	-0.0020716225215400732	3.9999933546799667e-8	0.0013195072425770888	-3.711334120273629e-8	-0.0006356363184581205	3.5286101184310754e-8
1.298979705320597e-7	0.0031111725777639987	-1.3770902544025675e-7	-0.006566827938283554	1.5096224833956905e-7	0.010661897422457964	-1.71019858849636e-7	-0.01587678985940493	1.999303304439934e-7	0.023068858490508798	-2.410488900012799e-7	-0.03401141114236249	3.006456467273727e-7	0.053216447692502084	-3.9208305201679154e-7	-0.09702784466787516	5.535928081694764e-7	0.311470438615982	0.4999989657321726	0.31442901648079286	5.500990381017436e-7	-0.10004827711334728	-3.8422783387632506e-7	0.05640324271095309	2.8788166756972036e-7	-0.03747364843673566	-2.230190015684512e-7	0.02692461185655198	1.7590050429314395e-7	-0.020259394598508135	-1.400992890991866e-7	0.01572701982892753	1.1211742876467877e-7	-0.012499440341685871	-8.988801754984904e-8	0.010131092583141267	7.180597462514049e-8	-0.008360473639583033	-5.6805522596334984e-8	0.007023988266456745	4.415250838899386e-8	-0.006014582360736197	-3.3270291615386294e-8	0.005259294222040324	2.3705029350553385e-8	-0.004706943249133047	-1.5111583463594022e-8	0.0043212325686593465	7.24387791604616e-9	-0.004079912281211927
-0.012719293775088006	-2.2097350531974597e-8	0.013692037542009157	4.6450805535053465e-8	-0.015402148517025828	-7.418458805179371e-8	0.01806991906036158	1.0668617827860313e-7	-0.022117625644706224	-1.461369123545537e-7	0.028356586778591104	1.9625396769627375e-7	-0.038521504998922936	-2.6354936196835455e-7	0.057094769094754264	3.616206464669242e-7	-0.10039616595716476	-5.289172095266181e-7	0.31442901648079286	0.5000010148868764	0.3118381177445453	-5.342416245603165e-7	-0.09777631570110494	3.719079035431271e-7	0.05437041180764947	-2.7887503347145023e-7	-0.035611611053424246	2.1703052949164327e-7	0.02517445801305972	-1.729152354646239e-7	-0.018568232085360525	1.4012224633791684e-7	0.014046171597568838	-1.1511359998003436e-7	-0.010780527659598336	9.584383343899538e-8	0.008326154051650858	-8.086813079065389e-8	-0.00642009686664498	6.919689618727622e-8	0.00489513568428782	-6.016483772606574e-8	-0.003638615086375869	5.328775264539982e-8	0.0025710993369809517	-4.8206791870919064e-8	-0.001634591939042948	4.464631219496366e-8	0.0007867384365029259	-4.241373729801327e-8
-1.0748529464914623e-7	-0.002417536019890445	1.1375124094412296e-7	0.005077169263176092	-1.241806944644093e-7	-0.008161917588670575	1.3969237843041587e-7	0.01195787096269715	-1.6168113613327883e-7	-0.016931733424819406	1.921567748144481e-7	0.023928766501113807	-2.345998513019545e-7	-0.0347123101525017	2.9531167873370286e-7	0.05378635818260052	-3.877090972255289e-7	-0.09748850688949386	5.500990381017436e-7	0.3118381177445453	0.4999989680394114	0.31414781929390884	5.471412028801922e-7	-0.09984049453159612	-3.812464282002054e-7	0.05625675174727452	2.849934006781628e-7	-0.03738036776106208	-2.200327526298526e-7	0.02687942678594671	1.728976223384119e-7	-0.020259393731934403	-1.3710969167718133e-7	0.015771109311434398	1.0913612380221751e-7	-0.012588038703048922	-8.671162453214456e-8	0.010266094243591714	6.831979571217785e-8	-0.008544871868706387	-5.2932820231145415e-8	0.007262398969430238	3.9784515046395756e-8	-0.006312849782808243	-2.8288798299010804e-8	0.005624490759388321	1.8006077741435822e-8	-0.005147854582509504	-8.623012753598703e-9	0.004852815811922697
0.010345476468741477	1.8062448064043212e-8	-0.01108768437383775	-3.7877108885187014e-8	0.012362648009981549	6.025017548946664e-8	-0.01430558750638753	-8.60989975999589e-8	0.017162030259513423	1.1688208843084293e-7	-0.021365198287159194	-1.5490547079362628e-7	0.02773320046592494	2.0383932111064048e-7	-0.03800584621953525	-2.701736967851057e-7	0.056669788336206506	3.674906669023221e-7	-0.10004827711334728	-5.342416245603165e-7	0.31414781929390884	0.5000010201272169	0.31205724244387845	-5.38285638608099e-7	-0.09793406608601282	3.754002945524691e-7	0.05447224131340872	-2.8208582282715477e-7	-0.03566145916201391	2.200207703502051e-7	0.025174456609942653	-1.7579246177104765e-7	-0.018518760478033462	1.4294568385744317e-7	0.013945834886070197	-1.1810909961893285e-7	-0.010626193658481053	9.908062131405846e-8	0.008112799108656817	-8.439401812526993e-8	-0.006140617466954289	7.310786906402686e-8	0.004540058595475017	-6.456233461831371e-8	-0.003196081597121106	5.827788462946138e-8	0.0020271016309539665	-5.389596414020561e-8	-0.0009745580812412553	5.1168062059213544e-8
8.915523220167852e-8	0.0019028035398802779	-9.42186524127045e-8	-0.003981867138681897	1.0251416021906026e-7	0.0063557331490491495	-1.1469290752266609e-7	-0.009205724616517029	1.3175334610671092e-7	0.012809949326102726	-1.5498457576865106e-7	-0.017626625896671546	1.865083538601546e-7	0.024493968994360182	-2.2981140250719845e-7	-0.03516946637151642	2.912349281497232e-7	0.05415235976679385	-3.8422783387632506e-7	-0.09777631570110494	5.471412028801922e-7	0.31205724244387845	0.4999989703487352	0.3139935163755791	5.444024316856948e-7	-0.0997433048713647	-3.7842597287382495e-7	0.05621003639073538	2.821182507847816e-7	-0.03738036700826436	-2.1707084593906415e-7	0.026924613772473606	1.698041942798402e-7	-0.02035006491023831	-1.3376031301083996e-7	0.015909185826387312	1.0547118513191362e-7	-0.012776988201638756	-8.265613469274332e-8	0.01051058326658273	6.378649999091744e-8	-0.008851452575680346	-4.779718410253873e-8	0.00763922169711246	3.3907484391017496e-8	-0.006769711471721693	-2.1545195631287804e-8	0.006173535749098905	1.0306069157463662e-8	-0.005808948707873498
-0.008478973051702681	-1.4865308566834003e-8	0.00905610880952121	3.111300997893019e-8	-0.010028719724028728	-4.93350728748095e-8	0.011484541480893885	7.015243784921385e-8	-0.013576624009579577	-9.459466318465622e-8	0.016557855549733384	1.2420438625422944e-7	-0.020866294335948814	-1.6125822739653035e-7	0.02732361986677101	2.0938582515108613e-7	-0.03767286727767398	-2.7508411395240114e-7	0.05640324271095309	3.719079035431271e-7	-0.09984049453159612	-5.38285638608099e-7	0.3139935163755791	0.5000010240420605	0.31215959909739055	-5.41546333488073e-7	-0.09798430252528052	3.784083550033356e-7	0.05447224113685163	-2.8498752945666076e-7	-0.03561161209969439	2.229339144027874e-7	0.025073431646501228	-1.7880261581456347e-7	-0.01836341438673158	1.4616068486733784e-7	0.013731059421575272	-1.216176245722396e-7	-0.01034467098993886	1.0294931745647094e-7	0.007755049166269182	-8.875778921977733e-8	-0.0056941577139872504	7.809979430854664e-8	0.003989290301062924	-7.031101497063303e-8	-0.0025224742226207433	6.491356672252693e-8	0.0012109298190137458	-6.158187244962188e-8
-7.40192098830905e-8	-0.0015124122881380233	7.813894941321005e-8	0.0031566500377361024	-8.480401645809513e-8	-0.005012099634219603	9.449317238784433e-8	0.0071991226513464	-1.0794261441278697e-7	-0.00989456717162778	1.260118046507444e-7	0.013370593478646206	-1.500881945568873e-7	-0.01808006108984061	1.8228531176166617e-7	0.02485709516838508	-2.2606876318403448e-7	-0.03545507528077978	2.8788166756972036e-7	0.05437041180764947	-3.812464282002054e-7	-0.09793406608601282	5.444024316856948e-7	0.31215959909739055	0.49999897287249534	0.3139443480852311	5.415828696079636e-7	-0.09974330484871959	-3.754544008580415e-7	0.056256751941953495	2.7896654889879994e-7	-0.03747364769821736	-2.1370323794148202e-7	0.027066231323909607	1.6610458205968177e-7	-0.02054352705576353	-1.2965904957164247e-7	0.01615980367817157	1.0086985202304371e-7	-0.01309162462781961	-7.741821002938379e-8	0.010898046192622397	5.777460279518125e-8	-0.009322718591855388	-4.086102809575955e-8	0.008207627816211885	2.59065275535989e-8	-0.007451957183854026	-1.2374473413299268e-8	0.006996216996297969
0.006996228910083521	1.2270425020932171e-8	-0.007451952489029325	-2.564605765121821e-8	0.0082076243496172	4.0572443093338934e-8	-0.00932271661895854	-5.748603521434643e-8	0.010898045787499075	7.715533842451572e-8	-0.013091626019652088	-1.0067824979215695e-7	0.016159803922864875	1.2958640004219918e-7	-0.02054352751653073	-1.6611088832973327e-7	0.027066229812668846	2.1372576772557183e-7	-0.03747364843673566	-2.7887503347145023e-7	0.05625675174727452	3.754002945524691e-7	-0.0997433048713647	-5.41546333488073e-7	0.3139443480852311	0.500001027121635	0.31215959909497737	-5.444087291278495e-7	-0.09793406608755996	3.812604038461198e-7	0.05437041163553288	-2.8793450647604125e-7	-0.03545507609073688	2.2608591594114563e-7	0.024857092553449103	-1.8225304363015663e-7	-0.018080060391375722	1.500528702470095e-7	0.013370593108606948	-1.2599945213616006e-7	-0.009894571058586389	1.0796161883268138e-7	0.0071991262113418105	-9.455508481473501e-8	-0.00501209760043395	8.48361290518197e-8	0.003156638876689294	-7.815249101685738e-8	-0.0015124117660221747	7.406943319961373e-8
6.174381619710787e-8	0.0012109242051587137	-6.509738765847963e-8	-0.0025224839017820937	7.044753695211183e-8	0.003989294395943468	-7.814876459372723e-8	-0.005694156700159535	8.875324672591971e-8	0.007755046236229131	-1.0286095342813963e-7	-0.010344669490801355	1.2146427364639847e-7	0.013731059349866032	-1.4602548388190033e-7	-0.0183634153803562	1.7874244865787663e-7	0.025073433353002335	-2.230190015684512e-7	-0.035611611053424246	2.849934006781628e-7	0.05447224131340872	-3.7842597287382495e-7	-0.09798430252528052	5.415828696079636e-7	0.31215959909497737	0.4999989758744893	0.31399351637445777	5.383679255861464e-7	-0.09984049450535173	-3.7199340889959056e-7	0.056403242764790446	2.7518847197012666e-7	-0.03767286669744353	-2.0951055646141528e-7	0.027323619910812426	1.6135069958140756e-7	-0.02086629525385284	-1.2434203430874807e-7	0.01655785649592558	9.476852211128286e-8	-0.013576623130741056	-7.035606319232284e-8	0.011484539817620992	4.957155158974619e-8	-0.010028720769416275	-3.134522683050565e-8	0.009056118028107516	1.4946600635763567e-8	-0.00847896681074696
-0.005808963730053788	-1.0253522756379753e-8	0.006173535305409198	2.139979474419913e-8	-0.006769707622741196	-3.377714318772479e-8	0.0076392179432117555	4.768866429816498e-8	-0.008851450919237912	-6.370456553925718e-8	0.010510585058240136	8.25973201074027e-8	-0.01277698964989381	-1.0542106711977916e-7	0.015909186603953802	1.337025642210935e-7	-0.020350064780975282	-1.6971275346157452e-7	0.02692461185655198	2.1703052949164327e-7	-0.03738036776106208	-2.8208582282715477e-7	0.05621003639073538	3.784083550033356e-7	-0.09974330484871959	-5.444087291278495e-7	0.31399351637445777	0.500001029721616	0.312057242432616	-5.471912864014787e-7	-0.09777631566039702	3.8427468011885537e-7	0.05415235963055208	-2.9127698633507106e-7	-0.035169468068961526	2.298832117210657e-7	0.024493968423122077	-1.8651531366223317e-7	-0.0176266231896663	1.5499467603609468e-7	0.01280995024060663	-1.3178324990416883e-7	-0.009205728535716577	1.1475683934879199e-7	0.0063557353220131604	-1.0253669195650866e-7	-0.003981859296482236	9.420949055735373e-8	0.001902796998669298	-8.918319725087238e-8
-5.1318241393093695e-8	-0.0009745476500364547	5.4063612097293436e-8	0.0020271079719348353	-5.840220869712945e-8	-0.0031960861605714896	6.4605336107646e-8	0.004540060519234153	-7.30962453231319e-8	-0.006140617807463819	8.43007564899235e-8	0.008112798005747686	-9.892991593615209e-8	-0.010626192191269404	1.1798695019512144e-7	0.013945833227536663	-1.4293381409897867e-7	-0.01851876012847127	1.7590050429314395e-7	0.02517445801305972	-2.200327526298526e-7	-0.03566145916201391	2.821182507847816e-7	0.05447224113685163	-3.754544008580415e-7	-0.09793406608755996	5.383679255861464e-7	0.312057242432616	0.4999989797039399	0.31414781928617536	5.343799513804322e-7	-0.10004827708830814	-3.676285884372045e-7	0.05666978839636682	2.7030631504379395e-7	-0.03800584672480276	-2.0403469854786168e-7	0.02773319864306243	1.5508961888760954e-7	-0.021365201362354116	-1.1707479198997556e-7	0.017162029833600618	8.631999866409289e-8	-0.014305582800370325	-6.05249775039754e-8	0.01236264493525979	3.814374178161992e-8	-0.01108769603403302	-1.814996658537311e-8	0.010345477095222974
0.004852832931718098	8.617212597221421e-9	-0.005147858372932918	-1.7962364907856132e-8	0.005624488481158527	2.829582068291905e-8	-0.006312846239908377	-3.9830740029462715e-8	0.007262396423597922	5.3000201981740765e-8	-0.008544871781953827	-6.835902366719659e-8	0.010266094009112397	8.66561260544361e-8	-0.012588038331734075	-1.0897647041900431e-7	0.015771110636732158	1.3692028460625863e-7	-0.020259394598508135	-1.729152354646239e-7	0.02687942678594671	2.200207703502051e-7	-0.03738036700826436	-2.8498752945666076e-7	0.056256751941953495	3.812604038461198e-7	-0.09984049450535173	-5.471912864014787e-7	0.31414781928617536	0.500001032112908	0.31183811772882947	-5.5019615747886e-7	-0.0974885068257107	3.8779270257047835e-7	0.053786358145880675	-2.9536709428424003e-7	-0.03471230927940568	2.3467225113128307e-7	0.023928768911573584	-1.9223478804131956e-7	-0.016931730928432406	1.6175101070785444e-7	0.011957870784596326	-1.3977152264037967e-7	-0.008161923044139818	1.242055657033246e-7	0.005077170155077692	-1.1372393329293672e-7	-0.0024175247156855728	1.0749163548758739e-7
4.248866281781825e-8	0.0007867242459252313	-4.4742928260698566e-8	-0.0016345934995180382	4.828401163567983e-8	0.0025711016588143903	-5.3324663753604556e-8	-0.003638617277290085	6.019486632027812e-8	0.004895137874933794	-6.920182582662489e-8	-0.0064200970719911704	8.08559375833442e-8	0.008326153364581118	-9.583647945259083e-8	-0.010780526656189478	1.1511690658282152e-7	0.0140461712793465	-1.400992890991866e-7	-0.018568232085360525	1.728976223384119e-7	0.025174456609942653	-2.1707084593906415e-7	-0.03561161209969439	2.7896654889879994e-7	0.05437041163553288	-3.7199340889959056e-7	-0.09777631566039702	5.343799513804322e-7	0.31183811772882947	0.4999989848410849	0.3144290164702783	5.291268439820346e-7	-0.10039616593000059	-3.6182888257747167e-7	0.05709476884025653	2.637588226104812e-7	-0.03852150629116523	-1.9648345596493258e-7	0.02835658554896904	1.463984946617255e-7	-0.022117627877159624	-1.0698024806841981e-7	0.018069917793153235	7.455147615453246e-8	-0.015402142631832615	-4.678948758885324e-8	0.01369204433899444	2.2206980253911138e-8	-0.012719297268040036
-0.004079930403016612	-7.2632253688514455e-9	0.004321239888808747	1.512556546187376e-8	-0.004706943577295644	-2.3790461283220803e-8	0.00525929275750145	3.341193590712862e-8	-0.0060145808872706695	-4.433085189028313e-8	0.007023987648268009	5.696208606715008e-8	-0.008360472424872459	-7.186324487370532e-8	0.010131091183927495	8.982774231780764e-8	-0.012499440627931745	-1.1201227487276696e-7	0.01572701982892753	1.4012224633791684e-7	-0.020259393731934403	-1.7579246177104765e-7	0.026924613772473606	2.229339144027874e-7	-0.03747364769821736	-2.8793450647604125e-7	0.056403242764790446	3.8427468011885537e-7	-0.10004827708830814	-5.5019615747886e-7	0.3144290164702783	0.5000010345159713	0.31147043859563633	-5.537453801535621e-7	-0.09702784458786923	3.9220867611510776e-7	0.05321644773688214	-3.007562543824746e-7	-0.03401141093875708	2.4114971029995323e-7	0.02306885913884089	-2.0002663116866854e-7	-0.015876786165860173	1.711196845939906e-7	0.010661900128709169	-1.510256984034474e-7	-0.006566838681660292	1.3770142278185555e-7	0.003111158995685677	-1.2991815051457273e-7
-3.508795222142968e-8	-0.0006356197465488617	3.693789915111597e-8	0.0013195041744287483	-3.982956784633033e-8	-0.00207162148070642	4.393087834261653e-8	0.0029231486190287644	-4.950048560525414e-8	-0.003916192760332279	5.676213152138194e-8	0.005107096904828045	-6.608421542490576e-8	-0.006573401804636163	7.792773480605685e-8	0.00842584827489977	-9.294912213575167e-8	-0.010829685515678644	1.1211742876467877e-7	0.014046171597568838	-1.3710969167718133e-7	-0.018518760478033462	1.698041942798402e-7	0.025073431646501228	-2.1370323794148202e-7	-0.03545507609073688	2.7518847197012666e-7	0.05415235963055208	-3.676285884372045e-7	-0.0974885068257107	5.291268439820346e-7	0.31147043859563633	0.4999989919727926	0.3148783951780673	5.21928488663083e-7	-0.10093615407287158	-3.5383000874884125e-7	0.057743300809525354	2.546569964124527e-7	-0.03930140081222231	-1.8597749399780123e-7	0.029296410959438055	1.341763222648655e-7	-0.02325349294613599	-9.270186982753816e-8	0.019448150375204837	5.7851412648688905e-8	-0.017085137452585202	-2.736305092640454e-8	0.01577916426423712
0.003454023856688186	6.1539333209945325e-9	-0.003653479115379694	-1.2806008039877945e-8	0.0039692692728568735	2.011813214084241e-8	-0.004418164243028182	-2.8205061940766347e-8	0.0050274462618116805	3.73435612354489e-8	-0.005834727527833556	-4.78551848317075e-8	0.006892184460544189	6.017022230270972e-8	-0.008273800664726046	-7.487469781027112e-8	0.010087984603937745	9.2798487049623e-8	-0.012499440341685871	-1.1511359998003436e-7	0.015771109311434398	1.4294568385744317e-7	-0.02035006491023831	-1.7880261581456347e-7	0.027066231323909607	2.2608591594114563e-7	-0.03767286669744353	-2.9127698633507106e-7	0.05666978839636682	3.8779270257047835e-7	-0.10039616593000059	-5.537453801535621e-7	0.3148783951780673	0.5000010371236516	0.310898069281878	-5.582309670602861e-7	-0.09632146443753503	3.9806389457342007e-7	0.052348862571247136	-3.080838238845331e-7	-0.032946210938998605	2.5017933055112467e-7	0.02175858012633366	-2.1106848192344863e-7	-0.014259540265698032	1.845700341582004e-7	0.008657321115996465	-1.67350656368509e-7	-0.004071847155009706	1.575133316599267e-7
2.8799881781458672e-8	0.0005125756200163467	-3.031213863429364e-8	-0.0010633669594373844	3.266742389684258e-8	0.0016670356645275123	-3.5999129861252237e-8	-0.002346814289830536	4.051134102148725e-8	0.003133751300426051	-4.6369781738238054e-8	-0.004068610203780836	5.384415573530871e-8	0.005206148774246988	-6.325169216748647e-8	-0.006622270179421897	7.503994047321518e-8	0.008425848700156464	-8.988801754984904e-8	-0.010780527659598336	1.0913612380221751e-7	0.013945834886070197	-1.3376031301083996e-7	-0.01836341438673158	1.6610458205968177e-7	0.024857092553449103	-2.0951055646141528e-7	-0.035169468068961526	2.7030631504379395e-7	0.053786358145880675	-3.6182888257747167e-7	-0.09702784458786923	5.21928488663083e-7	0.310898069281878	0.499999002105582	0.3155662322857886	5.118062667323672e-7	-0.10175527070830939	-3.425596521502235e-7	0.0587240660106988	2.417616867147906e-7	-0.040482712630231475	-1.7102950379639971e-7	0.03072817387135369	1.1672162036197322e-7	-0.025001438549030735	-7.227165288830306e-8	0.021603000453787755	3.4025796101429645e-8	-0.01979325560154032
-0.002947348836523291	-5.240073176645137e-9	0.0031140162470052065	1.0898515808084182e-8	-0.003375666223181463	-1.7106194961000277e-8	0.003745173122108967	2.3951344447224507e-8	-0.004243489857778547	-3.166532148816693e-8	0.004898971607525117	4.050726632160035e-8	-0.0057501104816601095	-5.082318310496925e-8	0.006850007326982123	6.305560513871778e-8	-0.00827380179738836	-7.78019625347749e-8	0.010131092583141267	9.584383343899538e-8	-0.012588038703048922	-1.1810909961893285e-7	0.015909185826387312	1.4616068486733784e-7	-0.02054352705576353	-1.8225304363015663e-7	0.027323619910812426	2.298832117210657e-7	-0.03800584672480276	-2.9536709428424003e-7	0.05709476884025653	3.9220867611510776e-7	-0.10093615407287158	-5.582309670602861e-7	0.3155662322857886	0.5000010401184272	0.31002678308294895	-5.641757862024152e-7	-0.0952473602219548	4.061247702677044e-7	0.051025493697722885	-3.184070928406169e-7	-0.03131033385623879	2.6312259687909953e-7	0.019725625085350983	-2.2712983528655247e-7	-0.011715805385924302	2.0438178230084446e-7	0.00545048869188683	-1.9175138380963554e-7
-2.346989794996026e-8	-0.000411119009033074	2.469636400594773e-8	0.0008524535050641876	-2.6599361213788404e-8	-0.0013348428945987429	2.9284070936835356e-8	0.0018757310193046929	-3.291083544243254e-8	-0.0024982393775498657	3.760320044056353e-8	0.00323225509370652	-4.356105061082425e-8	-0.004117135794653873	5.1008410181027896e-8	0.005206149040728531	-6.025949933003574e-8	-0.006573402117084048	7.180597462514049e-8	0.008326154051650858	-8.671162453214456e-8	-0.010626193658481053	1.0547118513191362e-7	0.013731059421575272	-1.2965904957164247e-7	-0.018080060391375722	1.6135069958140756e-7	0.024493968423122077	-2.0403469854786168e-7	-0.03471230927940568	2.637588226104812e-7	0.05321644773688214	-3.5383000874884125e-7	-0.09632146443753503	5.118062667323672e-7	0.31002678308294895	0.49999901674674896	0.31661022711260195	4.973121213713111e-7	-0.10300031657260264	-3.2640430640452135e-7	0.06022340875945584	2.2322185357245995e-7	-0.04230679413964227	-1.494668704266106e-7	0.032972254777498086	9.149535423562784e-8	-0.027801784182693665	-4.279300212285584e-8	0.025183051907861027
0.002538338002913248	4.500380722120559e-9	-0.0026792717753156177	-9.356112669171835e-9	0.002898858770487406	1.4674572588362967e-8	-0.003207166511306453	-2.0525265266050784e-8	0.0036206192813362753	2.710541588760562e-8	-0.004161099399787699	-3.462944767964829e-8	0.00485779905202102	4.338326854413299e-8	-0.005750111345068189	-5.370684920602877e-8	0.006892185621297415	6.603220072709897e-8	-0.008360473639583033	-8.086813079065389e-8	0.010266094243591714	9.908062131405846e-8	-0.012776988201638756	-1.216176245722396e-7	0.01615980367817157	1.500528702470095e-7	-0.02086629525385284	-1.8651531366223317e-7	0.02773319864306243	2.3467225113128307e-7	-0.03852150629116523	-3.007562543824746e-7	0.057743300809525354	3.9806389457342007e-7	-0.10175527070830939	-5.641757862024152e-7	0.31661022711260195	0.5000010436907175	0.30869725676833115	-5.723394347248786e-7	-0.09359602817778002	4.1757019687119665e-7	0.048968550537123595	-3.333826355755496e-7	-0.02872983692783447	2.822292011811414e-7	0.016456596798232147	-2.51222498511037e-7	-0.007524412584683091	2.3463924292638563e-7
1.888733457180229e-8	0.0003263267870468827	-1.9869215906120576e-8	-0.0006763712930442077	2.1386933503690058e-8	0.0010581602611632968	-2.3522371518924193e-8	-0.001484808593973891	2.640024296465749e-8	0.001973589992548245	-3.011254158602372e-8	-0.002546551516884474	3.4808129933019663e-8	0.0032322551819744445	-4.064846919142531e-8	-0.004068610223984511	4.7859465093801386e-8	0.005107096469143207	-5.6805522596334984e-8	-0.00642009686664498	6.831979571217785e-8	0.008112799108656817	-8.265613469274332e-8	-0.01034467098993886	1.0086985202304371e-7	0.013370593108606948	-1.2434203430874807e-7	-0.0176266231896663	1.5508961888760954e-7	0.023928768911573584	-1.9648345596493258e-7	-0.03401141093875708	2.546569964124527e-7	0.052348862571247136	-3.425596521502235e-7	-0.0952473602219548	4.973121213713111e-7	0.30869725676833115	0.4999990382011492	0.318212722996812	4.7624785233509093e-7	-0.10492989150281487	-3.029098253485494e-7	0.06258113122116497	1.961885249689704e-7	-0.045235048133991936	-1.1794818671725469e-7	0.03668278211696809	5.462440457164844e-8	-0.032653046355645234
-0.0022103093281606863	-3.90783972380386e-9	0.002331093213385087	8.121481741548589e-9	-0.0025180340067547666	-1.2730623550377739e-8	0.002779160311156731	1.779130943190851e-8	-0.0031276184650264847	-2.3474396343694626e-8	0.003580689300134668	2.996091144584143e-8	-0.004161099060947615	-3.749174669170505e-8	0.004898972193020311	4.633169151454136e-8	-0.005834727943910236	-5.679349274863269e-8	0.007023988266456745	6.919689618727622e-8	-0.008544871868706387	-8.439401812526993e-8	0.01051058326658273	1.0294931745647094e-7	-0.01309162462781961	-1.2599945213616006e-7	0.01655785649592558	1.5499467603609468e-7	-0.021365201362354116	-1.9223478804131956e-7	0.02835658554896904	2.4114971029995323e-7	-0.03930140081222231	-3.080838238845331e-7	0.0587240660106988	4.061247702677044e-7	-0.10300031657260264	-5.723394347248786e-7	0.318212722996812	0.500001048060795	0.3066285522465	-5.83917421059542e-7	-0.09098631239070074	4.3434781791296757e-7	0.04565161810210396	-3.5585312845580533e-7	-0.024457906480217693	3.115131971268495e-7	0.010854814071129181	-2.890162211252427e-7
-1.4894507076941105e-8	-0.0002543622766820371	1.5664802953639394e-8	0.0005270534058456601	-1.685121721680649e-8	-0.0008239797375627741	1.851634183929538e-8	0.0011549282377537992	-2.0755587844197506e-8	-0.0015327281635594179	2.363687744412473e-8	0.001973590185187906	-2.7270582866001495e-8	-0.0024982393490397886	3.177407809327401e-8	0.003133750551427484	-3.7311181593907346e-8	-0.00391619078574743	4.415250838899386e-8	0.00489513568428782	-5.2932820231145415e-8	-0.006140617466954289	6.378649999091744e-8	0.007755049166269182	-7.741821002938379e-8	-0.009894571058586389	9.476852211128286e-8	0.01280995024060663	-1.1707479198997556e-7	-0.016931730928432406	1.463984946617255e-7	0.02306885913884089	-1.8597749399780123e-7	-0.032946210938998605	2.417616867147906e-7	0.051025493697722885	-3.2640430640452135e-7	-0.09359602817778002	4.7624785233509093e-7	0.3066285522465	0.499999070084606	0.3207427832798465	4.451822039735641e-7	-0.10803706062649406	-2.682175480608482e-7	0.06648492718207775	1.5614835899767112e-7	-0.05028018350235471	-7.116632163699457e-8	0.04348056771468229
0.0019499728396554991	3.440395893130786e-9	-0.002055095190268643	-7.147968989344208e-9	0.0022168625316969885	1.1199096240897953e-8	-0.002441823111158146	-1.564001217521217e-8	0.0027407450171476264	2.062100318072855e-8	-0.0031276173157330014	-2.6297760712289637e-8	0.0036206180204793508	3.2876962620454974e-8	-0.004243489922824562	-4.056855705401486e-8	0.005027446460339464	4.960058350277032e-8	-0.006014582360736197	-6.016483772606574e-8	0.007262398969430238	7.310786906402686e-8	-0.008851452575680346	-8.875778921977733e-8	0.010898046192622397	1.0796161883268138e-7	-0.013576623130741056	-1.3178324990416883e-7	0.017162029833600618	1.6175101070785444e-7	-0.022117627877159624	-2.0002663116866854e-7	0.029296410959438055	2.5017933055112467e-7	-0.040482712630231475	-3.184070928406169e-7	0.06022340875945584	4.1757019687119665e-7	-0.10492989150281487	-5.83917421059542e-7	0.3207427832798465	0.5000010535447912	0.3032859940666701	-6.009697677990396e-7	-0.08665361314918839	4.5998371317670615e-7	0.039943740728838974	-3.912245161352749e-7	-0.016738272260744584	3.590931079112611e-7
1.135788969895771e-8	0.00019219583365233581	-1.1942501180510647e-8	-0.00039814998138900564	1.2840117819152782e-8	0.0006221256293554285	-1.4097174925677228e-8	-0.0008712726779288148	1.5784589155821084e-8	0.001154931033617886	-1.7951407152689488e-8	-0.001484811855148608	2.0677836459952958e-8	0.0018757339876980818	-2.4048263103615068e-8	-0.0023468159953262766	2.8180057798431292e-8	0.0029231481036285554	-3.3270291615386294e-8	-0.003638615086375869	3.9784515046395756e-8	0.004540058595475017	-4.779718410253873e-8	-0.0056941577139872504	5.777460279518125e-8	0.0071991262113418105	-7.035606319232284e-8	-0.009205728535716577	8.631999866409289e-8	0.011957870784596326	-1.0698024806841981e-7	-0.015876786165860173	1.341763222648655e-7	0.02175858012633366	-1.7102950379639971e-7	-0.03131033385623879	2.2322185357245995e-7	0.048968550537123595	-3.029098253485494e-7	-0.09098631239070074	4.451822039735641e-7	0.3032859940666701	0.49999911825898613	0.3249439008076002	3.985520890167139e-7	-0.1133926482539651	-2.1598993566285595e-7	0.07358874348529468	9.556550889104924e-8	-0.060264103464639625
-0.0017468173127815772	-3.0784595668377192e-9	0.0018399422181842452	6.394466889296075e-9	-0.0019825665088778746	-1.0014511675039695e-8	0.00218017472692104	1.3977749440559981e-8	-0.0024418234042719055	-1.8418611930224288e-8	0.002779159275303592	2.3473735596794477e-8	-0.003207165220995996	-2.9324063148699375e-8	0.003745173020472277	3.614041414309251e-8	-0.004418164062829176	-4.409232073011654e-8	0.005259294222040324	5.328775264539982e-8	-0.006312849782808243	-6.456233461831371e-8	0.00763922169711246	7.809979430854664e-8	-0.009322718591855388	-9.455508481473501e-8	0.011484539817620992	1.1475683934879199e-7	-0.014305582800370325	-1.3977152264037967e-7	0.018069917793153235	1.711196845939906e-7	-0.02325349294613599	-2.1106848192344863e-7	0.03072817387135369	2.6312259687909953e-7	-0.04230679413964227	-3.333826355755496e-7	0.06258113122116497	4.3434781791296757e-7	-0.10803706062649406	-6.009697677990396e-7	0.3249439008076002	0.500001060762964	0.2975159518271056	-6.275181483494792e-7	-0.07879350525019858	5.017834707082324e-7	0.02882987867214627	-4.5159121791387216e-7
-8.1700251012188e-9	-0.00013739557809525223	8.588812386210368e-9	0.0002845772754425297	-9.230199444742546e-9	-0.00044449229231775003	1.0126830681099624e-8	0.0006221285233677271	-1.13286826484355e-8	-0.0008239852965775977	1.2869490125271468e-8	0.0010581664758903882	-1.480482366271674e-8	-0.0013348487555723874	1.7192795929545803e-8	0.001667039828287663	-2.011394762001446e-8	-0.0020716225215400732	2.3705029350553385e-8	0.0025710993369809517	-2.8288798299010804e-8	-0.003196081597121106	3.3907484391017496e-8	0.003989290301062924	-4.086102809575955e-8	-0.00501209760043395	4.957155158974619e-8	0.0063557353220131604	-6.05249775039754e-8	-0.008161923044139818	7.455147615453246e-8	0.010661900128709169	-9.270186982753816e-8	-0.014259540265698032	1.1672162036197322e-7	0.019725625085350983	-1.494668704266106e-7	-0.02872983692783447	1.961885249689704e-7	0.04565161810210396	-2.682175480608482e-7	-0.08665361314918839	3.985520890167139e-7	0.2975159518271056	0.4999991927279779	0.3325812199635158	3.267733716846276e-7	-0.12389731002147229	-1.349381975008071e-7	0.08931111557427449
0.001592528275405838	2.8068590935134805e-9	-0.0016766958631165153	-5.829186774272275e-9	0.0018051290630313264	9.126360938585647e-9	-0.0019825671844416657	-1.2732588655482174e-8	0.0022168633119334026	1.6770429486548624e-8	-0.0025180330860635385	-2.136256325186752e-8	0.00289885712590741	2.6671094844747286e-8	-0.003375665183919543	-3.283994534380324e-8	0.003969267511050816	3.9999933546799667e-8	-0.004706943249133047	-4.8206791870919064e-8	0.005624490759388321	5.827788462946138e-8	-0.006769711471721693	-7.031101497063303e-8	0.008207627816211885	8.48361290518197e-8	-0.010028720769416275	-1.0253669195650866e-7	0.01236264493525979	1.242055657033246e-7	-0.015402142631832615	-1.510256984034474e-7	0.019448150375204837	1.845700341582004e-7	-0.025001438549030735	-2.2712983528655247e-7	0.032972254777498086	2.822292011811414e-7	-0.045235048133991936	-3.5585312845580533e-7	0.06648492718207775	4.5998371317670615e-7	-0.1133926482539651	-6.275181483494792e-7	0.3325812199635158	0.5000010714444211	0.2862354421403109	-6.730557479415606e-7	-0.06169869099820848	5.78701314682753e-7
5.2459079032678174e-9	8.799995194178271e-5	-5.513898081998168e-9	-0.00018224344664080053	5.9236009318660395e-9	0.00028457999763634346	-6.495614522732594e-9	-0.0003981554496569627	7.261560947875025e-9	0.0005270612969054784	-8.242327868598418e-9	-0.0006763800001643491	9.47257861580506e-9	0.000852461923462178	-1.0988366705918072e-8	-0.0010633735743418471	1.2839554768595355e-8	0.0013195072425770888	-1.5111583463594022e-8	-0.001634591939042948	1.8006077741435822e-8	0.0020271016309539665	-2.1545195631287804e-8	-0.0025224742226207433	2.59065275535989e-8	0.003156638876689294	-3.134522683050565e-8	-0.003981859296482236	3.814374178161992e-8	0.005077170155077692	-4.678948758885324e-8	-0.006566838681660292	5.7851412648688905e-8	0.008657321115996465	-7.227165288830306e-8	-0.011715805385924302	9.149535423562784e-8	0.016456596798232147	-1.1794818671725469e-7	-0.024457906480217693	1.5614835899767112e-7	0.039943740728838974	-2.1598993566285595e-7	-0.07879350525019858	3.267733716846276e-7	0.2862354421403109	0.4999993121524036	0.34927725184125374	2.1118908749883432e-7	-0.1516247164993863
-0.0014805230894784408	-2.6130118814194543e-9	0.001558302279820144	5.425837203202938e-9	-0.001676692782805921	-8.4930418095662e-9	0.0018399394987077173	1.1845607613881829e-8	-0.0020550920863794766	-1.5597670058188813e-8	0.0023310877706627844	1.9862239756944015e-8	-0.00267926485419377	-2.4788397162370132e-8	0.003114009097256245	3.050294874589087e-8	-0.0036534705291014417	-3.711334120273629e-8	0.0043212325686593465	4.464631219496366e-8	-0.005147854582509504	-5.389596414020561e-8	0.006173535749098905	6.491356672252693e-8	-0.007451957183854026	-7.815249101685738e-8	0.009056118028107516	9.420949055735373e-8	-0.01108769603403302	-1.1372393329293672e-7	0.01369204433899444	1.3770142278185555e-7	-0.017085137452585202	-1.67350656368509e-7	0.021603000453787755	2.0438178230084446e-7	-0.027801784182693665	-2.51222498511037e-7	0.03668278211696809	3.115131971268495e-7	-0.05028018350235471	-3.912245161352749e-7	0.07358874348529468	5.017834707082324e-7	-0.12389731002147229	-6.730557479415606e-7	0.34927725184125374	0.5000010923540191	0.2569177914342001	-7.690403765470144e-7
-2.526602841612273e-9	-4.249899082637111e-5	2.6553529268266e-9	8.800360751306472e-5	-2.852023051573595e-9	-0.0001374024827184728	3.1264294362532737e-9	0.00019220602213299715	-3.493688998434076e-9	-0.0002543755780106443	3.963570382425182e-9	0.00032634233894570747	-4.552400617760658e-9	-0.0004111360942921209	5.277000301569433e-9	0.0005125931593496748	-6.160683935630939e-9	-0.0006356363184581205	7.24387791604616e-9	0.0007867384365029259	-8.623012753598703e-9	-0.0009745580812412553	1.0306069157463662e-8	0.0012109298190137458	-1.2374473413299268e-8	-0.0015124117660221747	1.4946600635763567e-8	0.001902796998669298	-1.814996658537311e-8	-0.0024175247156855728	2.2206980253911138e-8	0.003111158995685677	-2.736305092640454e-8	-0.004071847155009706	3.4025796101429645e-8	0.00545048869188683	-4.279300212285584e-8	-0.007524412584683091	5.462440457164844e-8	0.010854814071129181	-7.116632163699457e-8	-0.016738272260744584	9.556550889104924e-8	0.02882987867214627	-1.349381975008071e-7	-0.06169869099820848	2.1118908749883432e-7	0.2569177914342001	0.4999995187697472	0.41008917552921736
0.0014068491751331941	2.4881324334683874e-9	-0.0014805221740047925	-5.1660923282157356e-9	0.0015925241262370663	8.08558354479876e-9	-0.001746813048948938	-1.1275789125285017e-8	0.0019499674891462894	1.4845487106464198e-8	-0.002210300683363753	-1.8901759530828843e-8	0.002538326570349526	2.3585742508054836e-8	-0.002947335435908004	-2.9015128301114164e-8	0.003454006908525824	3.5286101184310754e-8	-0.004079912281211927	-4.241373729801327e-8	0.004852815811922697	5.1168062059213544e-8	-0.005808948707873498	-6.158187244962188e-8	0.006996216996297969	7.406943319961373e-8	-0.00847896681074696	-8.918319725087238e-8	0.010345477095222974	1.0749163548758739e-7	-0.012719297268040036	-1.2991815051457273e-7	0.01577916426423712	1.575133316599267e-7	-0.01979325560154032	-1.9175138380963554e-7	0.025183051907861027	2.3463924292638563e-7	-0.032653046355645234	-2.890162211252427e-7	0.04348056771468229	3.590931079112611e-7	-0.060264103464639625	-4.5159121791387216e-7	0.08931111557427449	5.78701314682753e-7	-0.1516247164993863	-7.690403765470144e-7	0.41008917552921736	0.5000011686780356
