0.03225460507421063
0.031188007093229657
0.030454153859088073
0.03000721417212945
0.029736223668337163
0.029575087779364816
0.029481994964957754
0.029435652780870673
0.0294367392991919
0.029449682706682037
0.029456226142567078
0.02943858214756563
0.029538444947819847
0.02954644706595731
0.029528149257990785
0.029508874182397695
0.029488903138186938
0.02946777133300909
0.02944383256852456
0.02941343857926525
0.029368187439812406
0.02928921418879399
0.029135731105796953
0.028876365255577255
0.028581432403797638
0.028581432402454896
0.028876365251567625
0.02913573110348195
0.029289214186612
0.029368187438419922
0.029413438576893443
0.029443832569187454
0.029467771333786218
0.029488903136209527
0.02950887418459393
0.02952814925745502
0.02954644706693832
0.0295384449494047
0.029438582147289012
0.029456226143511566
0.02944968270499311
0.0294367392998427
0.029435652780412082
0.029481994963714953
0.02957508777599597
0.029736223679636874
0.030007214171446223
0.030454153848398176
0.03118800710782392
0.03225460508819727
