0.006736229280272052	-0.01444353276861321	-0.023683235654541	0.034522397620745916	-0.04673993437278991	-0.06000022840085952	0.07392345846925398	0.08812787760645281	-0.10225975237313242	-0.11601080660979647	-0.12912706636712168	0.14140822931819447	0.1527030317032043	0.1629006252576754	0.17192142208778768	0.17970581369999095	-0.1862008490631884	-0.19134306387602518	0.19502616822444815	-0.19704175086318135	-0.19694013187493242	0.1937417158318877	0.18533702807634453	-0.16766920527688287	0.1405638816378797	-0.14056388148873414	0.16766920557372136	0.1853370276754644	0.19374171615461325	-0.19694013175191674	-0.1970417506800954	-0.19502616872459286	0.19134306331344036	-0.18620084952054694	-0.17970581337240524	0.17192142217657932	-0.16290062549768825	0.1527030313362798	0.141408229734662	0.12912706598229398	-0.11601080675556623	0.10225975227796066	-0.08812787758631886	-0.07392345849113112	-0.060000228395806605	0.04673993453642533	0.03452239752888696	0.023683235825403836	0.014443532697593794	-0.006736229188969685
0.01391261724538776	-0.029606034049604303	-0.04796185346569271	0.06877933871281876	-0.091224153413769	-0.11422315460663833	0.1366435455274654	0.15740995870596627	-0.17558503918870447	-0.19041836723475758	-0.20136599477177766	0.20808971648914196	0.21043930822770573	0.20843154394648147	0.20222142561173256	0.19208001499329772	-0.17836629294615503	-0.16151310672504327	0.14200492383785113	-0.12037815695339756	-0.0972208358921382	0.07323808067512819	0.049386725656854556	-0.02715821633908424	0.008701240712798096	0.00870124069519566	-0.027158216395787017	-0.04938672557916142	-0.07323808072369974	0.09722083590970902	0.12037815677850293	0.1420049242299121	-0.16151310625229184	0.17836629338609541	0.19208001465472557	-0.20222142567584764	0.2084315443040067	-0.2104393077089721	-0.20808971711957638	-0.20136599415993084	0.190418367516304	-0.17558503899373681	0.15740995863952945	0.13664354558648106	0.11422315458700243	-0.09122415371070387	-0.06877933852742987	-0.04796185382336877	-0.02960603389889958	0.013912617060923612
0.022360491263928035	-0.047030587461524304	-0.0747665584272359	0.10448099654429496	-0.13404994138316462	-0.16106104200995805	0.18320470670548147	0.19853897878638466	-0.20566155039210102	-0.20379550184881304	-0.1927982268947358	0.17311431569679958	0.14568832562594278	0.11186121970274895	0.07325655328080026	0.03167352170883533	0.011012559033413787	0.05292898826126849	-0.09225628743043829	0.12722947039550242	0.15602901271018765	-0.17648615304761742	-0.1854293078153911	0.17789424236273493	-0.15384798109643288	0.15384798095506472	-0.17789424264459486	-0.18542930743897051	-0.17648615334848167	0.15602901257627094	0.12722947034550838	0.09225628761087543	-0.0529289881176423	0.011012559045070848	-0.03167352165793949	0.07325655324409965	-0.11186122000633622	0.14568832517953484	0.17311431631887284	0.19279822631129603	-0.2037955021437757	0.20566155013204984	-0.19853897871782167	-0.18320470672974765	-0.16106104194088514	0.13404994186081404	0.10448099621261007	0.07476655897419766	0.04703058726098362	-0.02236049096117644
0.0319130489238368	-0.06612426428672007	-0.10257973269809206	0.13853282700970843	-0.16991822098840825	-0.1926722924127697	0.20349079822374855	0.20031133802754095	-0.18255866682199118	-0.1511617411261259	-0.10838683907848069	0.057533896143892385	0.002563992002738817	-0.05230202242802681	-0.10295809468155093	-0.1457515884250362	0.17773889884100388	0.19688449548559184	-0.2021517195230257	0.19355385572685496	0.17210871812196113	-0.13987047787510334	-0.10004992757333142	0.05751133599967062	-0.0189773566484621	-0.018977356615949334	0.05751133610376489	0.10004992743669859	0.13987047795224727	-0.1721087181535249	-0.1935538554784957	-0.2021517200401647	0.1968844949232357	-0.1777388992591786	-0.145751588171748	0.10295809477877847	-0.052302022353648434	-0.0025639918239638545	-0.057533896554032384	-0.1083868387333973	0.1511617413086584	-0.1825586665726085	0.20031133798752535	0.2034907981422968	0.1926722922554666	-0.16991822165702725	-0.13853282650491025	-0.10257973344196934	-0.0661242640464953	0.03191304848318871
0.042639352609941276	-0.08671434421527065	-0.13041613874753558	0.16847862994182092	-0.19447520081765568	-0.2030285428428726	0.19107699896636543	0.1585130563440901	-0.10823878486228268	-0.04570525576190226	0.02191844076896053	-0.08677634742894806	-0.1413753866521872	-0.17951825323943574	-0.19700350814895698	-0.1920478798904888	0.16539490475046592	0.12015197062613328	-0.061386989323499494	-0.004403781790026571	-0.0698305414478754	0.1269447610020634	0.16714139821711188	-0.18093577513137854	0.16620575398958132	-0.16620575386982747	0.1809357753686374	0.16714139790748592	0.12694476124561666	-0.06983054131137632	-0.004403781932397798	0.06138698958989975	-0.12015197024625444	0.16539490517721658	0.192047879540083	-0.19700350822746687	0.17951825349604614	-0.14137538638184932	-0.08677634744794953	-0.021918440814354463	-0.04570525588009107	0.10823878467099338	-0.15851305622402714	-0.19107699885789958	-0.2030285425852555	0.19447520152071537	0.16847862932461447	0.13041613975426994	0.0867143438500559	-0.042639352048821286
0.0539675335289187	-0.10735393488336357	-0.15553639629767563	0.1901277046759581	-0.20266190342006676	-0.18797421336659817	0.14588553983055078	0.08152441700345825	-0.004426100794168152	0.07327845100471697	0.13913766948386888	-0.18261912005264988	-0.19690882402305138	-0.17996951669464062	-0.13475550413005205	-0.0685865809441008	-0.008123612968363409	-0.08358873605790469	0.14646642226440387	-0.1875814442291717	-0.20120677348255345	0.1859987805735819	0.14551097482550776	-0.08885091927079337	0.030397280221771246	0.0303972801779647	-0.0888509194080936	-0.14551097465932228	-0.1859987806449964	0.20120677353198044	0.18758144404475116	0.1464664225525685	-0.0835887358571428	0.008123612938279675	-0.06858658079307202	0.1347555041235167	-0.1799695171447751	0.1969088234003251	0.1826191205560184	0.13913766924497398	-0.07327845089603363	-0.004426100676732204	0.08152441673189892	0.14588553977528496	0.1879742130189625	-0.20266190401044315	-0.19012770398921278	-0.15553639759582966	-0.10735393434244112	0.053967532882244096
0.06586523783583875	-0.12761367442864924	-0.1766312747948996	0.2011787438566805	-0.1920356229300653	-0.14714015085880028	0.073093495578432	-0.016012044977102454	0.10185971110070202	0.16627257092115483	0.1954984298582703	-0.1833510973738794	-0.1325363584046925	-0.05394788048489065	0.03578333207231388	0.11788781022283419	-0.1753629758402336	-0.19640881277745473	0.176690526102822	-0.12011931760005218	-0.038101842598922527	-0.05227269559016381	-0.1304975071874791	0.1752469259779637	-0.1765291697782538	0.17652916969460983	-0.17524692614145973	-0.13049750697490226	-0.052272695765865095	-0.03810184273387181	-0.12011931731716613	-0.17669052664651755	0.19640881216471334	-0.1753629762839585	-0.11788780999233807	0.03578333219327223	0.05394788079397999	-0.1325363578776332	-0.1833510981295939	-0.19549842932944358	0.16627257097954673	-0.1018597110969747	0.016012045245303967	-0.07309349545687008	-0.14714015042077416	0.1920356234704039	0.20117874301957522	0.1766312763247307	0.12761367380281569	-0.06586523708523383
0.07792703630099636	-0.14648318539784966	-0.1920739939525222	0.2001761505958816	-0.16338165351430622	-0.08681558029677261	-0.012022185393818732	-0.10793064470919238	0.17536523753689112	0.1960115704458601	0.16417694410348288	-0.08844609776685985	0.010768844297225404	0.10691058722718343	0.1745142776831587	0.19594113232063493	-0.165875096169616	-0.0924393039507101	-0.005152408241897521	0.10177885367598932	0.17287884212764895	-0.20085994223630216	-0.17995015028581418	0.11937520227896595	-0.0427718357616838	-0.04277183571240912	0.11937520243048858	0.1799501501195676	0.2008599422749362	-0.17287884219855085	-0.10177885365315713	-0.005152408089870159	-0.09243930359864655	0.16587509666455613	0.19594113187892434	-0.17451427784309093	0.10691058729532588	-0.010768844343562978	0.08844609837500991	0.1641769434431265	-0.19601157078168382	0.17536523737063844	-0.10793064480525572	-0.012022185680248225	0.086815579784386	-0.16338165405647528	-0.2001761495624128	-0.19207399565391542	-0.14648318475850758	0.07792703543604118
0.09013838878389369	-0.16358418043126122	-0.20093293385576388	0.18635944491219608	-0.1181935868679367	-0.013710099422904413	-0.09534270842789015	-0.17360919354060145	0.1948543296343255	0.15159190952468451	0.05800830342722989	0.05477660842559322	0.14929104248376554	0.1943140305730573	0.17519229444375248	0.09846760024578581	0.0105001395654867	0.1159849754255072	-0.1834757065793828	0.19073182182764148	0.13485023725696266	-0.033642249989514574	0.07870685243900141	-0.16052424962203346	0.18436833003854208	-0.1843683300054135	0.16052424968496462	0.07870685234114158	-0.03364224986740656	0.13485023739457483	0.1907318215494653	0.18347570703140237	-0.11598497504608403	0.010500139592332551	-0.09846760004677226	0.17519229448637558	-0.19431403092016844	0.1492910421202962	0.05477660824881758	-0.05800830300929045	0.1515919099284626	-0.19485432935111638	0.17360919352853077	0.09534270869647196	-0.013710098892669435	0.1181935872071318	0.18635944381881894	0.2009329357459181	0.16358417966628175	-0.0901383879058204
0.10217100076191646	-0.17818086743092063	-0.20250425590575608	0.16066128457925227	-0.06168123854318621	0.060484161541858046	-0.1594376666805727	-0.1957757302890944	0.15430184111276118	0.051119348346659675	-0.07255728975870272	0.1671654753972047	0.194926484870927	0.14499528242479057	0.03752892067509358	-0.08466448092613423	0.17332450976278183	0.1937275290559479	-0.1380899967457168	0.02821421899578689	-0.09322582543712489	0.17952305070093316	0.1984914085174259	-0.14722309404480757	0.05589253442001813	0.05589253437236108	-0.14722309418892912	-0.19849140837152107	-0.1795230507093056	0.09322582552262564	-0.028214218872937836	-0.1380899972427889	0.19372752837149165	-0.17332451032349702	-0.08466448061913316	-0.037528920509107645	0.14499528277031012	-0.19492648441857408	-0.16716547570997892	-0.07255728968495184	-0.05111934855931813	0.1543018408228298	-0.19577573025573408	-0.15943766672579024	-0.0604841620197457	-0.06168123849429172	-0.1606612835736218	-0.20250425800141258	-0.1781808664322099	0.10217099995519394
0.11399270894823846	-0.18991166878684934	-0.19629564164082489	0.1239198414568242	0.0016489293677202168	0.12643980248739417	-0.19297818029220498	-0.169165619850527	0.06539231902659569	-0.06943435899453394	-0.17115962349433508	0.19132388259325817	0.1204411284297424	-0.007619391229352218	-0.13202460625276116	-0.19396062879951625	0.16434977187061298	0.05727778971680793	0.07678282986924255	-0.17460851034717437	-0.18954718414697527	0.11359797124559369	-0.017331646369004867	0.13729938297660005	-0.18955538884691972	0.18955538886503548	-0.13729938292627397	-0.017331646396852213	0.11359797116186433	-0.1895471842995843	-0.17460851021803545	-0.07678282990161833	-0.05727778958298485	0.16434977227238062	0.19396062831634453	-0.13202460654452575	0.0076193910052611	0.12044112805466456	0.19132388327733663	0.1711596230469974	-0.06943435895070253	-0.06539231880749206	0.16916561967303448	0.19297818019281382	0.1264398028248248	-0.0016489296972417597	0.12391984046381593	0.1962956438983937	0.18991166767767698	-0.11399270813676737
0.12539273442116639	-0.19841642963989056	-0.182670484002918	0.0792155559965364	0.06425019106178546	0.17352083912727043	-0.1889404406898672	-0.10086982611028536	-0.04284175390008505	-0.1626952451907969	-0.19204363195698626	0.11458002361085415	-0.02656166199042463	-0.15306560279568382	-0.19505240393193193	-0.12961299774752227	-0.006998599306039599	-0.13969714843775927	0.19590570114752884	-0.14498240613371277	-0.014634689029046214	-0.12455623325293906	-0.19802841585071232	0.17063637220848293	-0.06953743522644434	-0.0695374351963825	0.17063637229250866	0.19802841576312785	0.12455623329086193	0.01463468899866647	0.1449824060139694	0.1959057015816409	-0.13969714786029966	0.006998599555009659	-0.12961299762877834	0.19505240406053626	-0.15306560275662404	0.026561662231271193	-0.11458002438138794	-0.19204363143240566	0.1626952452370967	-0.042841754004213764	-0.10086982573433935	-0.18894044059525755	-0.17352083919516637	0.06425019147319586	-0.07921555489500552	-0.18267048630986976	-0.19841642857782496	0.12539273360068995
0.13634594105214065	-0.2034379971264715	-0.16174932098794878	0.028838070554223473	0.12048602146821463	0.195355835085379	-0.14781674509549575	-0.0067304090344596475	-0.1384960259892472	-0.19487993572491	-0.12613522255956927	-0.023617856565639923	-0.15825447135479417	-0.19154586118973466	-0.1023493752376016	0.05218675644914101	-0.17345081770589554	-0.1842246407633632	0.07766903027760658	0.0784127363218715	0.1842099442329366	-0.17113222499561112	-0.04666004401168873	-0.10672672036860362	0.19209320391865628	-0.19209320397298757	0.10672672025755078	-0.04666004389940461	-0.17113222500766265	0.18420994433017124	0.078412736338574	-0.07766903063756256	0.18422464017833665	-0.17345081816758026	-0.05218675619680917	-0.10234937494941156	0.1915458615603063	-0.15825447130181097	-0.023617856015364307	0.12613522211714526	-0.19487993592191422	0.1384960259319303	0.006730408631593231	0.14781674492953933	0.19535583481979948	-0.12048602195690347	0.028838069487643968	0.16174932319250723	0.2034379960257996	-0.13634594050342141
0.14670541687123095	-0.20487675638358885	-0.13465870048486084	-0.02314621840709155	0.16387424653162516	0.18861077527997178	-0.07830982688960879	0.0883894188431813	-0.1905470436670819	-0.1534772907627662	-0.004165240846285872	-0.14818540510489495	-0.1922345406497938	-0.09593603158949898	0.0703751752289523	0.1856869173831238	-0.16639488163495536	-0.026677176663379133	-0.1322931705916516	0.19564666659141045	0.11764149206299661	0.04575032245244316	0.17769501753973185	-0.1880839796393524	0.08347940102856191	0.08347940102353323	-0.18808397966780033	-0.1776950174810625	-0.04575032253315529	-0.11764149209401185	-0.19564666656684707	-0.13229317059728896	-0.026677176685582057	0.1663948816984763	0.1856869171567504	-0.07037517573129605	-0.0959360322985015	0.1922345402178475	0.14818540504693214	-0.0041652405904922165	0.15347729113655043	-0.1905470434181645	0.0883894190979651	-0.07830982652846488	-0.1886107747228195	0.16387424715723456	0.023146219218422085	-0.13465870250926731	-0.20487675510946354	0.14670541680581528
0.15643319459117672	-0.20255920861827395	-0.10203106486618023	-0.0738119291215674	0.19033879903276296	0.1541004036317182	0.006890984718252774	0.16180007788955497	-0.1833107213627143	-0.05347972804468479	0.1205278313696064	-0.19487863608290673	-0.10817217891968396	0.06792027817387092	0.18811732300488232	0.15346764393425452	0.007424849917001556	0.16220857102450284	-0.1836412497852276	0.05395831016495586	-0.1200792720095658	0.1942304314144946	0.10588895065977161	0.07040797600632469	-0.19208947351683123	0.1920894735751943	-0.0704079759022381	0.1058889505308424	0.19423043152964306	-0.12007927194536071	0.05395830997637325	0.1836412501634293	-0.16220857058418195	0.007424850128582505	-0.15346764390893042	0.18811732318863958	-0.06792027774324905	-0.10817217835699915	-0.19487863669994224	-0.12052783123193683	-0.05347972849451763	0.183310720902093	-0.16180007792767312	-0.006890985256095872	0.15410040279086037	-0.1903387997779904	-0.07381192970470249	0.10203106679410195	0.20255920725692297	-0.15643319484961477
0.16544027625700053	-0.19662779304690353	-0.06555130447020527	-0.11916807300117237	0.19690960819042605	0.09731235808639703	0.09024994431031504	0.19445520485041815	-0.11929431717021849	0.06603428475064761	0.19026762616598178	-0.13853571616920976	0.041296162571053764	0.18307300545174168	0.15602394521909915	-0.014853796994233658	0.1722748116406363	0.17164734883218735	-0.013629861956413315	-0.1568023680187318	-0.18347170068587995	0.04182230668025505	-0.1390094111583025	0.19835332895297123	-0.09749085097105932	-0.09749085096959521	0.19835332895719318	0.13900941114434487	-0.04182230662334432	0.18347170071060132	0.1568023681765091	-0.013629862373516152	0.17164734846088572	-0.17227481177199652	-0.014853796887260465	-0.1560239448611748	0.18307300570214644	-0.04129616291077466	0.13853571719399269	0.1902676256549619	-0.0660342844536318	-0.11929431665019054	0.19445520471043817	0.09024994484561305	-0.09731235704261225	0.19690960893472848	0.11916807340178605	-0.06555130633890129	-0.1966277916983554	0.16544027670015354
0.17369192016966642	-0.18703821738793636	-0.026287539872847765	-0.15648202205274314	0.1828604402194069	0.025930487826161558	0.15633425787436162	0.17848279540201484	-0.0177435609821868	0.16107073409807293	0.1742546076554814	-0.008252198013986998	0.1663154654286883	0.17011098567872215	-0.0007397902054045771	-0.17099590138955373	0.16615609945944212	-0.00880313400066606	0.17471679039062926	-0.16148698935900196	0.01744589319261459	-0.17795065123586404	-0.15351740931136923	-0.030238234193358603	0.1897132758992926	-0.18971327591143824	0.030238234138034933	-0.15351740918793624	-0.17795065147773192	0.01744589294305542	-0.1614869891829965	-0.17471679035504617	0.008803134028139202	0.16615609946496313	0.1709959012086348	-0.0007397907898732345	-0.17011098634136776	0.16631546535789618	-0.008252198781265863	-0.17425460707927828	0.16107073421077372	0.017743560697124402	-0.17848279517827842	-0.15633425815514895	0.02593048676854039	-0.1828604407613086	-0.15648202218736812	0.02628754152709841	0.18703821605378537	-0.173691920937882
0.18113139362748365	-0.17410820626133325	0.013841938773915359	-0.18291944155745696	0.1498625296849614	-0.04891016890294129	0.19168890575363326	0.11809809728857686	0.08878776479278695	0.1948935193842768	0.08002044854776078	0.12564941862903453	0.18904466976727363	0.0383647175116912	-0.15586242276724993	-0.1739906862442746	-0.004458491593390885	-0.1781059678828069	0.15113756620102783	0.045969101419701085	0.19115658484215825	-0.12092149293960354	0.08571131682280296	-0.2006140398877679	0.11134563896513427	0.11134563893640075	-0.2006140399317211	-0.08571131687915372	0.12092149319326599	-0.19115658448667283	-0.04596910166735681	0.15113756627647398	-0.1781059677245516	0.004458491915773653	-0.17399068639077042	0.15586242319305144	0.038364718363245856	-0.1890446692956544	-0.1256494183778342	0.08002044810257494	-0.1948935197947717	0.08878776478872691	0.11809809694056966	0.19168890575959105	0.04891016988463145	0.14986253002188446	0.18291944143442757	0.013841937325798677	-0.1741082049821487	0.1811313946827997
0.18772138620838694	-0.15790501391159245	0.053568203823438874	-0.19683263017188193	0.10104623088593837	-0.11684228768085564	0.1896408457678871	0.0278229041913111	0.1680953163684345	0.15500288285215336	-0.05079938212895818	0.19350316683927038	0.09569032490625805	-0.12113656787304218	-0.1876657297905503	-0.021218126220835208	-0.1717181496271699	-0.15182395265493084	-0.056312805943496316	0.19440268645224468	0.09086172742069268	0.1254764019684487	0.18407242193867146	-0.01173009660634277	-0.18516721522772414	0.18516721538804135	0.01173009686113398	0.1840724217017168	0.12547640203917249	0.09086172725681226	0.19440268659304996	0.056312805862130784	0.15182395257669404	-0.1717181499862113	0.021218126631284914	-0.18766572969366407	0.12113656739333566	0.09569032434028285	0.19350316719344338	0.05079938224717282	0.15500288332527817	-0.16809531617127518	-0.02782290374373669	-0.1896408456405555	-0.11684228835250027	-0.10104623108507166	-0.1968326295884863	-0.05356820266842957	0.15790501252959988	-0.18772138779511038
0.19342969863830367	-0.13888950537099437	0.09101626175540184	-0.1972109047844965	0.04190766254945491	-0.16742236781718065	0.15067890975858464	-0.06902189425822852	0.19491410750712743	0.056861143930664916	-0.1581733350819535	0.15894823694406354	-0.05563806028245447	-0.19511438942704315	-0.07065983359492223	0.14948174060090413	-0.16775862618788143	0.04061965757971235	-0.19434664276793726	0.0860526692946727	-0.13807358485665994	0.17573246776264653	-0.023331955213436232	0.19445811303198393	-0.12481941684606757	-0.12481941687193626	0.19445811295279225	0.023331955297458983	-0.17573246773385845	0.13807358503291814	-0.08605266938129677	-0.1943466428171478	0.04061965738023629	0.16775862627717225	0.14948174022132388	0.07065983314209749	-0.19511438955911195	0.05563806043350705	-0.1589482374476533	-0.15817333480088752	-0.05686114389556552	0.19491410740689524	-0.06902189498656716	0.1506789099045464	0.16742236811438735	0.04190766296777755	0.1972109036243162	0.09101626072110527	-0.138889503732304	0.1934297007987326
0.19822640115702797	-0.11724642656912482	0.12493339590690664	-0.18398140324043635	-0.021824000441123256	-0.19358197398211038	0.08210136395600792	-0.14891085501776383	0.16105162072845555	-0.06322855499677599	-0.19454991363466836	0.03998844781847769	-0.173466885745184	-0.13225518799064157	0.10327752778765252	0.18737572576382946	0.003522281536757374	0.18943054941313622	-0.09745777903895371	-0.13739332365698023	-0.17010092733711565	-0.04744074770856828	-0.19406860064359335	0.053408460845918986	0.1786702847461775	-0.1786702848109663	-0.05340846095148905	-0.1940686005713734	-0.04744074776181441	-0.17010092731155313	-0.13739332379778296	0.09745777925127277	-0.18943054914304408	0.0035222815728411265	-0.18737572549669815	0.10327752816597587	0.13225518835044647	-0.17346688559774448	0.03998844811240996	0.19454991336481264	-0.0632285554576828	-0.16105162085729458	0.1489108557558215	-0.08210136425053198	-0.19358197389390147	0.021823999890588645	-0.18398140181034886	-0.12493339485226697	0.11724642497880004	-0.19822640353660279
0.20209287744343093	-0.09353653345884218	0.15376439645240797	-0.15818021740107246	-0.08306840550501189	-0.1913471022943659	-0.002218707404754373	-0.19135003554687433	0.0773337067086946	-0.15901308551494123	-0.14331369567696586	-0.09955441885560683	-0.18479577334284153	0.022791423126998292	0.19452699662989928	0.05838978146092201	0.17032123868257662	0.12967333613396997	0.11610696326983755	-0.17846605383661085	0.040997574746985524	-0.19517576368803527	-0.041443806361942406	-0.1799186780820134	0.1376892087950483	0.13768920882771074	-0.17991867798592812	0.04144380629639588	0.19517576359959282	-0.040997575065369114	0.17846605428361711	0.11610696288536815	0.1296733359540205	-0.17032123866655005	0.05838978123578186	-0.19452699666340154	0.022791422955153916	0.18479577323483037	0.09955441879664637	-0.14331369571784452	0.159013086046866	0.07733370692578857	-0.1913500360669807	-0.00221870730666029	0.19134710199132668	-0.08306840501349853	0.15818021614097239	0.15376439522780616	-0.09353653230583937	0.2020928795901351
0.20500593985581042	-0.06802991250963923	0.17652106731970926	-0.12139975228541924	-0.13581264411419197	-0.1609967518725233	-0.08638535401172442	-0.18600014974625614	-0.03076845856493622	-0.1949133410329435	-0.027161769598624628	-0.18690189050204017	-0.08276559579170245	0.16248351756992332	0.1312740052171858	-0.12350642954125296	0.16825199163363985	-0.07345404136794902	0.19021373383618215	0.016779780092337913	0.1948429153893504	-0.040291199069414	0.18238076108773107	-0.09278054569668834	-0.1704479383234041	0.17044793825697388	0.09278054554883763	0.18238076131817968	-0.04029119924880106	0.1948429153503823	0.01677977987898853	-0.19021373357786028	0.07345404167932854	0.1682519918933626	0.12350642947662199	0.13127400496725625	-0.16248351735301747	-0.08276559561139032	-0.1869018905828439	0.027161769664156475	-0.19491334172299773	0.030768458427937455	0.18600015025728828	0.086385354010747	-0.16099675148819212	0.13581264348622415	-0.12139975112523824	-0.17652106585327149	0.06802991163887114	-0.20500594189391355
0.2069567387291637	-0.04135515014038509	0.19217615360272858	-0.07640529461587059	-0.1742471776166741	-0.10718923815731032	-0.1534529594416441	-0.1342566366507264	-0.12894711661730193	-0.15716293566394246	0.1007735219527505	-0.17529075755457904	0.06941884710347929	0.1879307477622181	-0.0357050338987074	-0.1946272615347015	-0.0005880266415407347	-0.19486220678528285	0.03474060531553276	0.18858539894993775	0.0691491241633667	0.17524590008508267	0.10154707675651857	0.15746843980820066	-0.14973261029933646	-0.1497326103104942	0.15746843982414674	-0.1015470767727866	-0.17524590009821334	-0.06914912424828389	-0.18858539864514634	0.03474060514523798	-0.19486220700626927	0.0005880265444765374	-0.19462726158192464	0.03570503415843861	0.18793074778483873	-0.06941884698299128	0.17529075756178758	0.10077352177671899	0.15716293601208567	-0.12894711674990847	-0.13425663689368433	-0.15345295989125693	0.10718923788178289	-0.17424717718175667	0.07640529395458835	0.19217615190934323	-0.04135514983105495	0.2069567403301591
0.2079336038846681	-0.013844398520979368	0.20018253386750567	-0.02601471618953528	-0.19458104575173457	-0.037486346554398316	-0.1907290864734587	-0.04871658452386141	-0.18728305431820141	-0.059793235589541194	0.1836705845005753	-0.07075117466446272	0.17961741558091088	0.08149199934746718	-0.17498975190831317	-0.09201633008676312	-0.16972873490650894	-0.1020889250335397	-0.16379281006403912	0.11167031381298465	-0.15716026571433683	0.11989697088795753	-0.15033928755194675	0.12799875768670263	0.16072684692984562	-0.1607268469205443	-0.12799875768969063	-0.1503392876128189	0.11989697087067623	-0.1571602657204315	0.11167031371293891	0.16379281000211143	0.10208892512925195	-0.16972873480547188	0.09201633006095111	-0.17498975194491376	-0.08149199936548798	0.17961741554620655	-0.07075117465933811	-0.18367058462075841	-0.05979323581550398	0.18728305462771144	0.04871658473686135	0.1907290869109188	-0.03748634641984708	0.1945810452127445	-0.026014715716054192	-0.20018253203640932	0.013844398360643072	-0.20793360545251263
0.20793368356815078	0.013841007700820548	0.20018263099348094	0.026016689676661434	-0.19458071225690607	0.03748723601647042	-0.19072907650687898	0.04871607155985425	-0.1872832351218948	0.059792757091604996	0.18367068900134748	0.07075121116123342	0.17961728906119742	-0.08149223312225325	-0.17498972676883923	0.09201628074377695	-0.169728767537617	0.10208891517330228	-0.16379280082792133	-0.11167031047140367	-0.1571602761659062	-0.11989696971773287	-0.15033928138006916	-0.12799876014029646	0.1607268474096216	0.16072684740137946	-0.12799876010588804	0.15033928145136136	0.1198969697269813	0.1571602761537294	0.1116703105157752	-0.16379280073682537	0.10208891527702285	0.16972876756116548	0.09201628063233824	0.17498972649169958	-0.08149223295875219	-0.1796172890520175	-0.07075121117575221	0.18367068934388875	-0.059792757210923496	-0.1872832355722829	0.04871607157427486	-0.19072907693858945	-0.037487236009502094	-0.19458071173595773	-0.026016689820539247	0.20018262910530027	0.01384100757905288	0.2079336850256979
0.20695698144055816	0.04135185311810219	0.19217643368742915	0.07640713806279131	-0.17424621144482175	0.10718997995648263	-0.1534529356469275	0.13425623480714585	-0.12894761313174022	0.15716267586516758	0.10077375972632865	0.175290751260007	0.06941857757037716	-0.18793080363607226	-0.03570496089457704	0.19462728515346134	-0.0005880931367144308	0.19486219193549187	0.03474061957334756	-0.18858540667893775	0.06914910718167704	-0.17524589627643364	0.10154708643120255	-0.15746843991518572	-0.14973260890350976	0.14973260890544438	0.15746843988160683	0.10154708640618035	-0.17524589623686077	0.06914910715231391	-0.1885854067397476	-0.03474061968850987	-0.19486219218447448	-0.0005880931076610045	-0.19462728493855633	-0.03570496055173464	0.18793080326822598	0.0694185777316865	0.175290751160063	-0.10077376024366365	0.15716267626625155	0.1289476136056753	-0.13425623508299736	0.1534529358916166	0.10718997992903939	0.17424621088342102	0.07640713802815065	-0.19217643182905642	-0.04135185280856087	-0.20695698290666717
0.20500634896700035	0.06802679526845913	0.17652150359018629	0.1214013447602763	-0.13581115290707094	0.16099721886126428	-0.08638533703594048	0.1859999632964177	-0.030769112313353615	0.19491339722570133	-0.027161545169107987	0.18690184618435265	-0.08276577993545468	-0.16248335558312768	0.13127410487025248	0.12350650180826045	0.1682519579063324	0.07345404266042461	0.19021372874804818	-0.016779787432731407	0.19484291570680176	0.04029119952880681	0.1823807602058115	0.09278054884852427	-0.17044793791213628	-0.17044793792840504	0.09278054886918574	-0.18238076019612712	-0.04029119950703353	-0.19484291572680537	0.016779787480356658	0.19021372880261697	0.07345404276204096	-0.16825195798324755	0.12350650166686072	-0.13127410506536863	-0.16248335519493062	0.08276577984708762	-0.1869018459339348	-0.02716154475686084	-0.19491339766698568	-0.030769112865613256	0.18599996372677663	-0.08638533736120504	-0.16099721895057292	-0.13581115256979856	-0.12140134479440645	0.1765215017910734	0.06802679495325391	0.2050063501338554
0.20209345653192798	0.09353367508982983	0.15376495666394804	0.15818145078581763	-0.08306654401904129	0.1913472098275508	-0.002218729892139988	0.191350133003308	0.07733312634836191	0.15901340538174716	-0.14331358030667357	0.09955437159227448	-0.18479574637373747	-0.022791179370427867	0.1945270554735958	-0.0583897609072769	0.1703212714676798	-0.12967329599659963	0.11610694154908796	0.17846606684559657	0.040997592825359926	0.1951757555758414	-0.041443816350170096	0.17991868078143713	0.1376892070293592	-0.1376892070109801	-0.1799186808269599	-0.0414438164262114	0.19517575549964372	0.04099759280224565	0.17846606663131	-0.116106941748326	0.12967329614460185	0.1703212716143231	0.058389761019639254	0.1945270553469777	0.022791179118574024	-0.18479574633820547	0.09955437128593855	0.1433135800769002	0.15901340569879152	-0.07733312577236705	-0.19135013356624095	0.0022187303545357683	0.19134721015499484	0.08306654396685642	0.15818145101321213	-0.15376495490579623	-0.09353367488460465	-0.20209345729121783
0.19822714367618968	0.11724388555524347	0.12493405747133945	0.18398219199121368	-0.02182197147725344	0.1935817160618615	0.08210130385168413	0.1489112114753321	0.16105131548391133	0.06322898424875677	-0.1945499145460764	-0.039988447520294956	-0.17346671560643323	0.13225532826936398	0.10327746879409878	-0.18737580471357743	0.0035223516613090726	-0.18943050039684292	-0.09745778394303102	0.13739334246889282	-0.17010092153663708	0.04744074275715385	-0.19406860209717613	-0.053408462962675096	0.17867028445246524	0.1786702844305853	-0.05340846289897745	0.19406860221649558	-0.047440742631676615	0.1701009215212013	-0.1373933423350369	-0.0974577837611299	-0.18943050066323194	-0.003522351617014287	-0.18737580468908044	-0.10327746845186699	0.13225532813929777	0.17346671569686203	0.039988447749665555	-0.19454991459263626	-0.0632289842103495	0.1610513149651733	0.14891121201965402	0.08210130312338851	-0.1935817166909716	-0.021821971843241306	-0.18398219261208493	0.12493405570840371	0.11724388572005158	0.19822714378561468
0.19343059913441146	0.1388873328311032	0.09101699842800273	0.19721118528806061	0.04190962803067088	0.1674218073491763	0.15067885109939325	0.06902239437402868	0.19491415880718185	-0.05686077571259829	-0.1581734230996076	-0.15894815947458518	-0.0556379035832943	0.19511435961111837	-0.07065999290945098	-0.14948182410615346	-0.16775858840857513	-0.04061966860904247	-0.19434661706535433	-0.08605267704801424	-0.13807360454027678	-0.17573245732262568	-0.023331943173229557	-0.19445811856102144	-0.12481941396019354	0.12481941394316066	0.19445811855909031	-0.02333194315578214	-0.1757324573195255	-0.13807360455288406	-0.0860526769886413	0.19434661705889741	0.04061966881335535	-0.1677585886263706	0.1494818240710622	-0.07065999337048955	-0.1951143592258771	-0.055637903556893784	-0.15894815938340623	0.15817342331029602	-0.05686077591070166	-0.1949141585469452	-0.06902239484417325	-0.15067885034893547	0.1674218081504761	-0.04190962736573048	0.19721118618657388	-0.0910169967372228	-0.13888733331589043	-0.1934305987013938
0.18772242979595297	0.1579032270336773	0.05356900877954472	0.1968324003648084	0.10104791931537667	0.11684153337602675	0.18964084337537174	-0.02782244050612781	0.16809565174191277	-0.15500268593278788	-0.0507995352529531	-0.19350304255106554	0.09569036263534289	0.12113643063634993	-0.18766586008473501	0.021218152879864546	-0.17171819896978877	0.15182387792881724	-0.05631277075593389	-0.19440270751510974	0.09086170844384964	-0.12547639459736135	0.18407242825949752	0.011730097360497889	-0.1851672147102543	-0.18516721464007965	0.011730097220260062	-0.18407242850351038	0.12547639438788397	-0.09086170842838563	0.19440270723895756	-0.05631277096940659	0.15182387787944898	0.17171819918203116	0.021218152771457593	0.1876658605131224	0.12113643032991422	-0.09569036302229209	0.1935030420374229	-0.05079953539721419	0.15500268590426225	0.16809565188423764	-0.02782244002113955	0.1896408429872457	-0.11684153424236592	0.10104791867915167	-0.19683240135667954	0.05356900714759241	0.15790322767173967	0.1877224289493857
0.1811325629945846	0.17410679941403087	0.013842828954884917	0.18291875853115028	0.1498637895471904	0.04890932396919055	0.1916889800943583	-0.11809783634965366	0.08878821701239174	-0.19489350842505315	0.0800202416150989	-0.1256493493701243	0.18904459283925182	-0.0383648676342281	-0.15586241452657376	0.17399080579622186	-0.004458575208199937	0.17810591615344448	0.15113756258166527	-0.045969098827314855	0.1911565960357357	0.12092148064431837	0.08571130552127856	0.20061404796776314	0.11134563491379976	-0.11134563493292565	-0.20061404788523385	0.08571130562716774	0.12092148062134783	0.19115659632283194	-0.045969098409886125	-0.15113756237140547	-0.17810591609023702	-0.004458575276205217	-0.17399080555005578	-0.15586241472263854	0.03836486751778317	0.18904459344452784	-0.12564934884269807	-0.08002024172084227	-0.1948935082380906	-0.08878821731376049	0.11809783604433344	-0.1916889799747736	0.04890932471496751	-0.14986378886371785	0.1829187595283261	-0.013842827656402839	-0.17410680013829558	-0.1811325619905727
0.17369319111026443	0.18703716375497356	-0.02628652543881143	0.15648100338406853	0.18286120318460097	-0.025931346346150783	0.15633437219578294	-0.17848281241923752	-0.017743161841019275	-0.16107087081680352	0.17425440397894798	0.00825213698163877	0.1663153374297581	-0.17011106662259307	-0.0007396624871994868	0.1709959892268144	0.16615608637387647	0.008803180881320679	0.17471673676178068	0.1614870229202979	0.01744591868857281	0.17795063687751342	-0.1535174167873579	0.03023823584683392	0.18971327572114965	0.18971327582771552	0.03023823570165186	0.15351741672884908	-0.17795063668203795	-0.017445919188971686	-0.16148702337390491	0.1747167366634977	0.008803180619403144	-0.1661560861983791	0.17099598909886268	0.0007396625650188827	-0.1701110663439747	-0.166315337968402	-0.00825213741982623	0.17425440430117026	0.1610708703352358	-0.01774316145955228	-0.17848281210435465	0.15633437245631965	0.025931345552251298	0.18286120274597645	-0.15648100457566216	-0.026286526730546173	0.18703716473398962	0.17369318950413506
0.1654416223543963	0.1966270539605585	-0.06555011168622692	0.11916688287569917	0.19690988757605424	-0.09731319778844422	0.09025000415540317	-0.1944554548238206	-0.11929407846201376	-0.06603451609206448	0.1902675057302611	0.138535532701486	0.041296075582957184	-0.18307298030093455	0.1560240970264532	0.01485376514252423	0.17227488265831015	-0.17164725082698157	-0.013629898732887682	0.15680238623960704	-0.1834717026349944	-0.041822298786330585	-0.13900939936986895	-0.19835333794286925	-0.09749084557257467	0.09749084558105048	0.19835333783019402	-0.13900939971913365	-0.0418222993326136	-0.18347170220857684	0.15680238616574232	0.013629898228196389	0.1716472512778826	0.1722748827051149	-0.014853764864990246	0.15602409713894916	0.18307297973780226	0.04129607580843908	0.13853553247307135	-0.19026750630334166	-0.06603451580778252	0.11929407837793966	0.19445545475234904	-0.09025000440736647	-0.09731319718467676	-0.19690988709922813	0.11916688410327712	0.06555011264541588	-0.19662705517016235	-0.16544162047895716
0.15643459756153957	0.2025587477444523	-0.10202966369743749	0.07381073300508995	0.19033864834578426	-0.15410118979510035	0.006890901414731272	-0.16180044363217289	-0.18331068294111572	0.05347946826396494	0.12052784822609552	0.19487842497849447	-0.10817215947953289	-0.067920168580891	0.18811740200187824	-0.15346775970205992	0.007424914560955683	-0.16220853944966965	-0.18364120597458242	-0.0539583429561681	-0.12007930943684365	-0.1942304101891581	0.10588896453750937	-0.07040797975710482	-0.19208947270770677	-0.1920894725872201	-0.07040797985965262	-0.1058889645737149	0.19423041022307122	0.12007930946604096	0.053958343132002366	-0.18364120560883687	-0.16220853978988028	-0.007424914494563345	-0.15346775989565073	-0.18811740193270496	-0.06792016834440753	0.10817215955603417	-0.1948784245172609	0.12052784877915765	-0.053479468507857744	-0.18331068303016182	-0.16180044353181725	0.006890901819262513	0.15410118924966396	0.19033864815566112	-0.07381073428235652	-0.10202966465361196	0.20255874921999867	0.15643459514178065
0.14670686495704838	0.2048765497282357	-0.13465708802826162	0.023145162223794053	0.16387373915774323	-0.18861145839183918	-0.07831010544707676	-0.08838976051202035	-0.19054718669595852	0.15347707554455464	-0.004165083756473217	0.14818527912826268	-0.19223441756127824	0.09593614790859202	0.0703751325588694	-0.18568702037739143	-0.16639489680609815	0.026677107624018596	-0.13229309051107369	-0.19564670509970514	0.11764147182699258	-0.04575032263395272	0.17769501061547086	0.18808398878104024	0.08347939506789095	-0.08347939507924526	-0.18808398872011842	0.17769501077139088	-0.04575032240239999	0.11764147157954323	-0.1956467052326267	0.13229309046322527	-0.02667710768801955	-0.1663948966567806	0.18568702058538536	0.07037513246471265	-0.0959361479147126	-0.19223441789318604	0.14818527848744328	0.0041650834578858716	0.1534770754431511	0.19054718695218972	0.08838976059168066	0.07831010504060454	-0.18861145817630537	-0.1638737391331218	0.023145163239219467	0.13465708874285018	-0.2048765512935105	-0.1467068623738033
0.13634743211322414	0.20343803364941887	-0.16174752698624822	-0.028838882761361134	0.12048523569155799	-0.1953563459590355	-0.14781720316975142	0.006730200204154334	-0.13849629550719833	0.19487983502019063	-0.12613498708235035	0.023617869243564314	-0.15825431284293393	0.19154589483199846	-0.1023495035838152	-0.05218678065749065	-0.17345089185556975	0.18422456196553785	0.077669044382269	-0.07841271291203311	0.18420998075884423	0.17113219439467706	-0.04666006366483725	0.10672672832572251	0.19209320224308093	0.1920932020795525	0.10672672847669822	0.04666006371743981	-0.17113219448364383	-0.1842099806161766	0.07841271294015548	0.07766904414982548	0.18422456243391916	0.1734508914353673	-0.052186780774514954	0.10234950347942487	0.19154589478639836	0.158254313279285	-0.023617868616700788	-0.12613498717265123	-0.19487983444926918	-0.1384962958823645	0.006730199798505401	-0.14781720292400866	0.19535634623918635	0.12048523566940991	0.028838882230232767	-0.16174752722623317	0.20343803516824813	0.13634742971849814
0.12539426719451294	0.1984167059746352	-0.18266856228954662	-0.07921605837270754	0.06424921107854814	-0.1735211141566425	-0.18894100717094583	0.10086981018038177	-0.04284207044402641	0.16269529472280514	-0.19204341233726563	-0.11457988447194845	-0.02656155460005712	0.15306552519103292	-0.19505252493599465	0.12961306554787225	-0.006998662558180341	0.13969714900275085	0.19590562535049272	0.14498246511354795	-0.014634645448277894	0.12455621822766598	-0.19802841776393687	-0.17063637934978362	-0.06953742886948532	0.06953742888166851	0.17063637933079223	-0.19802841776909802	0.1245562182461167	-0.014634645395609226	0.14498246532208975	-0.1959056249186875	-0.13969714943970132	-0.006998662452274223	-0.12961306582913434	-0.19505252474669965	-0.15306552496367862	-0.02656155489223596	-0.11457988460370505	0.19204341281208834	0.16269529402141955	0.04284207078372009	-0.10086980965698672	0.18894100709396622	-0.1735211147124752	-0.06424921111930001	-0.07921605820654427	0.18266856220707206	-0.19841670751254006	-0.1253942648452546
0.11399428353681804	0.1899121770216641	-0.19629366073277543	-0.12392000157816341	0.001647850013984582	-0.12643980519171338	-0.1929787557633285	0.16916580357438946	0.06539204228727909	0.06943454169746803	-0.17115950314868247	-0.19132368012533635	0.1204411356804325	0.007619257364007504	-0.13202463715341578	0.19396074273982558	0.1643497647185409	-0.057277723602840905	0.07678275478471687	0.17460851431429825	-0.1895472055103608	-0.11359793676078488	-0.01733162423141461	-0.1372993956155428	-0.1895553865211263	-0.18955538642543684	-0.13729939569408017	0.017331624223132273	0.11359793682955542	0.18954720538341974	-0.17460851444880657	0.07678275467020723	-0.0572777236609513	-0.16434976434971862	0.1939607432471586	0.13202463701766992	0.007619257064678508	-0.12044113569195558	0.1913236796775223	-0.1711595037909102	-0.06943454117640149	0.06539204209492458	0.1691658030914925	-0.1929787558588149	0.12643980582371095	0.0016478501260686102	0.123920001671881	-0.1962936604383124	0.189912178612351	0.11399428117377633
0.1021726011839537	0.17818158828376726	-0.20250229420813445	-0.16066110446214768	-0.061682317323124784	-0.06048390040677818	-0.15943816031791988	0.19577607158026428	0.15430167321790056	-0.05111909584763155	-0.0725573012847812	-0.16716528958363966	0.1949263929573245	-0.1449953883050659	0.03752899187007922	0.08466456992281257	0.17332456602591373	-0.19372746606668118	-0.13808998571767186	-0.028214295036173186	-0.09322588342454133	-0.17952301948985985	0.19849141707920645	0.14722309267767905	0.05589253235857998	-0.055892532372952684	-0.14722309266874745	0.19849141705330228	-0.17952301954217367	-0.09322588342983391	-0.028214295203140862	0.13808998532108915	0.19372746660036083	0.17332456555032377	-0.08466457015558965	0.03752899180837145	0.14499538844935458	0.19492639333553413	-0.16716528878727338	0.0725573017395004	-0.05111909589593868	-0.15430167325564534	-0.1957760712933416	0.15943816048007792	-0.060483900993103606	0.06168231709180642	-0.16066110483160292	0.20250229375900033	-0.178181589846346	-0.1021725988971333
0.09013998878260805	0.1635850799122762	-0.20093106723558307	-0.18635896145260275	-0.1181945722476888	0.013710575149085037	-0.09534305609266382	0.17360962056346937	0.194854304988706	-0.15159166254891282	0.05800818087007433	-0.054776502329162285	0.14929089374624058	-0.1943140580105489	0.17519240913842235	-0.09846758745432806	0.010500225634617374	-0.11598496226483121	-0.18347563402891587	-0.19073188861972157	0.13485023572754185	0.03364221883415458	0.07870682393640357	0.1605242619613121	0.18436832699734199	0.18436832699030914	0.16052426194223077	-0.07870682401064781	-0.03364221893108877	-0.1348502356403399	0.19073188876707056	-0.18347563364019798	-0.11598496273828444	-0.010500225503415499	-0.09846758773607951	-0.1751924088738769	-0.19431405793742051	-0.14929089429088518	0.054776501586724945	0.05800818084384329	0.15159166201225688	0.19485430527006029	0.17360962059174373	-0.09534305618241529	-0.013710574725381675	-0.1181945718315061	0.18635896207290217	-0.20093106672596162	0.1635850813749445	0.09013998662300374
0.07792859255176374	0.14648421281299456	-0.19207229352915248	-0.2001754327915219	-0.1633824755755861	0.08681618981938165	-0.01202236282769394	0.10793107647985463	0.17536534407773804	-0.19601138850795247	0.1641767697404293	0.0884461045509769	0.010768704095089673	-0.10691053481255554	0.1745143612233805	-0.19594119318618505	-0.16587503699451245	0.092439260339904	-0.005152354639775447	-0.10177882947403769	0.17287891307163236	0.2008598861183965	-0.17995017433859983	-0.11937519873549732	-0.0427718324623928	0.042771832477289114	0.11937519870811485	-0.1799501743473331	0.20085988613073424	0.17287891312155293	-0.10177882936087415	0.0051523546720251695	-0.09243926044577255	-0.16587503651761742	0.19594119376389804	0.174514361081019	0.10691053454677656	0.010768704338148288	0.08844610469829872	-0.16417677013026408	-0.19601138775738444	-0.17536534443083207	-0.10793107665215004	0.012022362939510601	0.08681618953036359	0.16338247513261395	-0.2001754336278482	0.19207229291444025	-0.14648421413960414	-0.07792859062442173
0.06586670104184603	0.1276147612186002	-0.17662979240075877	-0.20117788518675644	-0.1920362499982745	0.14714080570360238	0.07309347353453131	0.01601241792325102	0.10185990542230447	-0.16627247631258865	0.1954982577153478	0.18335103090727278	-0.13253644525993172	0.053947980757090425	0.035783356316398895	-0.11788789987801342	-0.17536297561797456	0.19640873785197704	0.17669052591268658	0.12011939865232768	-0.03810178758893044	0.05227270164340708	-0.13049747625476052	-0.17524694861934506	-0.1765291624037883	-0.17652916249713746	-0.17524694846659294	0.13049747642255116	-0.052272701548276866	0.03810178748583117	-0.12011939886097758	0.1766905255887592	0.19640873840854675	0.17536297488446673	-0.11788790026123741	-0.03578335652822302	0.053947981059333565	0.13253644557837693	-0.18335103030390143	0.1954982582872079	0.1662724758052038	0.10185990565343982	0.016012418045060393	0.07309347328982643	-0.14714080549569636	-0.19203624970474195	0.20117788616788923	-0.176629791622285	0.12761476239376532	0.06586669946078313
0.053968856584799094	0.10735501024100065	-0.15553516486842858	-0.1901267975502085	-0.20266233216186874	0.1879748404659389	0.1458856390309258	-0.08152414030776292	-0.004425865521383677	-0.07327843943814037	0.13913753029963608	0.1826190189370763	-0.19690884670428668	0.17996962383561163	-0.13475553388976863	0.06858651052653793	-0.008123668096658751	0.08358867992296999	0.1464663734858343	0.18758149015515002	-0.2012068154960196	-0.18599870750854075	0.1455110176890008	0.08885090814460367	0.03039727772594056	-0.030397277747768466	-0.08885090810001717	0.14551101776299302	-0.18599870738963672	-0.20120681556616343	0.18758149023538434	-0.1464663732201448	-0.08358868029343137	-0.008123667911640731	-0.06858651073196258	-0.1347555335748537	-0.1799696238415075	-0.1969088472996603	0.18261901814052064	-0.13913753080020555	-0.07327843919205823	0.004425865461595458	0.08152414011894557	-0.14588563877997887	0.1879748404206221	0.20266233191671407	-0.19012679856086054	0.1555351641028344	-0.10735501124309448	-0.05396885525706664
0.042640487054479835	0.08671533021598794	-0.1304151653614078	-0.16847777062042094	-0.19447546634543167	0.2030290917892183	0.19107716248259285	-0.1585128715988461	-0.1082385465133203	0.04570521711111247	0.021918332204724625	0.08677624191050166	-0.14137537396940952	0.17951833977869788	-0.19700356737908814	0.19204784360525992	0.1653948321894449	-0.120151975340149	-0.06138705667352478	0.004403765497439814	-0.06983063049332432	-0.12694471560287032	0.16714138170402904	0.1809358006997251	0.16620574496785567	0.1662057451193316	0.1809358004699237	-0.1671413819810921	0.1269447153789093	0.0698306306329762	-0.004403765412665295	-0.06138705660869892	-0.12015197560593012	-0.16539483155112442	0.1920478442328241	0.19700356730240412	0.17951833943215337	0.14137537435999475	-0.08677624155058683	0.021918332416914724	-0.045705217182100744	-0.10823854657569248	-0.15851287122090554	0.19107716239230843	-0.20302909197014668	-0.19447546600083088	0.16847777152998586	-0.13041516479527854	0.08671533104597141	0.0426404858777032
0.03191396086037613	0.06612510024146892	-0.10257901220853022	-0.1385320902929848	-0.16991836474702732	0.1926727348863432	0.20349097740752722	-0.20031122349258887	-0.18255844547357525	0.15116167951033124	-0.10838692947011107	-0.0575339989306689	0.002564018008359585	0.05230207890867757	-0.10295816864876024	0.14575159282426986	0.17773884415341581	-0.19688444137997285	-0.20215175784200304	-0.1935539108006762	0.1721086953607842	0.1398704227237088	-0.10004998818824411	-0.05751131244685715	-0.01897735716190659	0.01897735718480812	0.05751131239845305	-0.10004998828846103	0.13987042254859527	0.17210869542499588	-0.19355391099612457	0.2021517574501664	0.1968844420018663	0.1777388433842326	-0.14575159327936413	-0.10295816877145145	-0.05230207858734537	0.0025640180167039463	-0.05753399877487543	0.10838692968046242	0.15116167923444473	0.18255844566030574	0.2003112230976995	-0.20349097740270272	0.1926727351676926	0.16991836441677974	-0.1385320910594754	0.10257901177730479	-0.06612510088567554	-0.031913959928424246
0.02236116550391556	0.04703123108007433	-0.07476606432610663	-0.10448043399468906	-0.13405001587914153	0.16106137085229036	0.18320485797475228	-0.19853889850574125	-0.20566135619256357	0.2037954421787451	-0.19279831787420226	-0.17311441907537925	0.1456883508118171	-0.11186117546275572	0.07325647450908261	-0.03167349007506901	0.011012520466555173	-0.05292891424665182	-0.09225628402583155	-0.1272295257211915	0.15602905486274932	0.1764860689889576	-0.1854293429289636	-0.17789424553999342	-0.1538479755886119	-0.15384797577198722	-0.17789424527198103	0.1854293432954647	-0.1764860686080386	-0.15602905503910128	0.12722952584214908	-0.09225628376097239	-0.052928914469143044	-0.011012520416709312	-0.03167349020340773	-0.07325647438269832	-0.11186117543597578	-0.1456883511501774	0.17311441865292024	-0.1927983184153382	-0.20379544149593934	-0.20566135649201278	-0.19853889830022087	0.18320485792138402	-0.16106137106668278	-0.13405001571159578	0.10448043461825958	-0.07476606391778805	0.04703123153571914	0.022361164914964416
0.013913053960614891	0.029606465176057084	-0.04796155802860551	-0.06877897363753292	-0.0912241912353245	0.11422336614548163	0.13664364461498044	-0.1574098985701463	-0.17558489093705143	0.19041832260242303	-0.20136607927574174	-0.2080898085435261	0.21043933089159814	-0.20843150803135424	0.20222135795245177	-0.19207996927741036	-0.17836631785057114	0.16151316030723314	0.14200496286753558	0.12037812822103458	-0.09722078523322275	-0.07323808316667862	0.04938678180395717	0.027158182701494546	0.008701239960221853	-0.008701239974980401	-0.027158182668649042	0.04938678187502027	-0.07323808304413978	-0.09722078526873149	0.12037812838006332	-0.14200496257857925	-0.16151316077954492	-0.17836631715725976	0.1920799698758562	0.20222135784563675	0.20843150773308883	0.2104393314065638	-0.20808980803012883	0.2013660798976406	0.19041832182913646	0.17558489123574506	0.15740989850682016	-0.13664364454115752	0.11422336627696492	0.09122419118492225	-0.06877897407738479	0.04796155770003771	-0.029606465458271454	-0.01391305364610074
0.006736444833480097	0.014443750125490712	-0.02368309753022099	-0.034522218904777045	-0.04673995269638971	0.06000033347997853	0.07392350601559426	-0.08812784147472366	-0.10225966796490388	0.11601078119384972	-0.12912712076486965	-0.14140828877382117	0.15270304880541033	-0.16290060229781556	0.1719213779351108	-0.17970577656048814	-0.18620086540697475	0.191343094083311	0.19502620653092453	0.1970417343764884	-0.19694010040932658	-0.1937416789446004	0.18533712310630973	0.16766914180444414	0.14056389742847034	0.14056389762270433	0.16766914152337759	-0.18533712351726006	0.1937416784754896	0.19694010059718503	-0.19704173464761104	0.19502620603683832	0.19134309467086322	0.18620086472971695	-0.1797057770941225	-0.17192137784173353	-0.16290060204089138	-0.15270304920871153	0.14140828838579023	-0.12912712117771877	-0.11601078072129814	-0.10225966813843014	-0.08812784143920704	0.0739235059852819	-0.06000033356053861	-0.04673995267047021	0.034522219128167865	-0.02368309736495764	0.014443750262281908	0.006736444680991278
