0.006736229238084411	0.01444353273167372	-0.023683235755704763	0.03452239752203653	-0.04673993453609909	-0.060000228272214726	-0.0739234586788936	0.08812787730795449	0.10225975271139992	-0.11601080624865075	-0.12912706652289732	0.14140822936823913	0.1527030314439347	-0.1629006256468043	0.17192142179265968	-0.1797058139275294	-0.18620084886807076	-0.1913430639478177	-0.1950261682664147	-0.19704175079766756	-0.19694013194254795	0.19374171578534552	0.18533702807362948	-0.16766920529625756	0.14056388163582093	0.14056388147162047	0.16766920561340212	0.18533702759422568	0.19374171627744688	0.19694013162492735	-0.19704175078317798	-0.1950261686871675	0.19134306325119657	0.18620084959280161	-0.17970581327447305	0.17192142245717212	-0.16290062503343108	0.15270303176606773	-0.141408229501201	-0.12912706597852233	-0.11601080702489934	0.10225975191462391	-0.08812787797932815	-0.07392345817055564	-0.0600002286115013	0.046739934318535334	0.03452239763000163	0.023683235734892203	0.014443532701213884	-0.006736229279827372
0.013912617162642624	0.02960603397597681	-0.04796185367110035	0.06877933851000714	-0.09122415372479425	-0.11422315436485234	-0.13664354591985145	0.15740995815001432	0.17558503976336795	-0.19041836666013534	-0.20136599501252855	0.20808971656577813	0.21043930786930812	-0.2084315444727386	0.20222142524012696	-0.19208001523612153	-0.17836629275792065	-0.1615131067999127	-0.1420049238582902	-0.12037815692297985	-0.09722083591333268	0.07323808065853901	0.04938672566275164	-0.02715821634020179	0.008701240710957325	-0.008701240694758921	-0.02715821639948913	-0.04938672555887512	-0.0732380807674217	-0.09722083585474608	0.12037815683383113	0.14200492421478794	-0.16151310618721068	-0.17836629345445576	0.19208001454729612	-0.20222142601157686	0.20843154370180705	-0.21043930830196358	0.2080897167709595	0.20136599416011386	0.19041836794302835	-0.17558503838529194	0.1574099593540943	0.1366435449948158	0.11422315499446088	-0.09122415329599633	-0.06877933873540448	-0.047961853636512654	-0.029606033903746568	0.013912617247670062
0.02236049114026432	0.047030587350016105	-0.07476655874912828	0.10448099622133951	-0.13404994182926652	-0.16106104166940416	-0.18320470723253124	0.1985389780472618	0.2056615510577028	-0.20379550125686915	-0.19279822711767913	0.17311431578540265	0.14568832537101267	-0.11186122003269475	0.07325655310558286	-0.0316735217458358	0.01101255902784059	0.05292898825033743	0.09225628746590575	0.12722947034587248	0.15602901277669495	-0.17648615299978535	-0.1854293078084787	0.17789424238968715	-0.15384798108954137	-0.15384798093957316	-0.17789424268216644	-0.18542930736354343	-0.17648615346112626	-0.1560290124635119	0.12722947042415086	0.09225628757545547	-0.05292898812112184	-0.011012559050118975	-0.03167352163199456	0.0732565533726258	-0.1118612196795828	0.14568832558920686	-0.17311431600028906	-0.1927982263341807	-0.2037955025822911	0.20566154944216145	-0.1985389796338167	-0.18320470595412142	-0.16106104251641618	0.1340499412628298	0.10448099654190518	0.07476655868303468	0.04703058726395366	-0.022360491248437087
0.03191304875072657	0.06612426412890506	-0.10257973314813063	0.13853282657371618	-0.16991822154305863	-0.19267229198388836	-0.2034907987947971	0.2003113372435729	0.18255866741447446	-0.15116174069831367	-0.10838683918336109	0.057533896240411324	0.002563991986174929	0.05230202250347825	-0.1029580945415415	0.1457515886085805	0.1777388986600769	0.19688449554855503	0.20215171956776104	0.1935538556743054	0.17210871816396175	-0.1398704778413052	-0.10004992758287898	0.057511336005012216	-0.018977356643841797	0.018977356615755624	0.05751133610929407	0.10004992739930398	0.139870478035497	0.17210871805046707	-0.19355385557424884	-0.2021517200028248	0.19688449486360868	0.1777388993286087	-0.1457515881009038	0.10295809494249808	-0.05230202219746868	-0.002563991824427428	0.05753389638702992	0.10838683879430407	0.15116174161774937	-0.1825586659837495	0.20031133892136727	0.20349079732370545	0.19267229296312388	-0.16991822091265507	-0.13853282694676228	-0.10257973303903033	-0.06612426405454251	0.03191304887748989
0.042639352372936506	0.08671434399497845	-0.13041613933832452	0.16847862942049896	-0.1944752014337189	-0.20302854233979134	-0.19107699947701792	0.1585130556768972	0.10823878522314313	-0.04570525563897584	0.021918440836370824	-0.08677634735507872	-0.14137538641586067	0.1795182536823566	-0.19700350780192982	0.1920478801185013	0.16539490456900058	0.12015197071674841	0.06138698931538458	-0.004403781774601656	-0.06983054150455646	0.1269447609575103	0.1671413982044453	-0.18093577516640968	0.16620575397757245	0.1662057538554052	0.18093577540228611	0.16714139784899532	0.12694476132688612	0.06983054123626137	-0.004403781963073689	0.06138698960559015	-0.12015197018254008	-0.1653949052431265	0.19204787943103796	-0.19700350854861035	0.1795182529730566	-0.14137538679311998	0.08677634737812019	0.02191844073024811	-0.04570525594042374	0.10823878436035744	-0.15851305698077864	-0.19107699814763968	-0.20302854336832468	0.1944752007040453	0.16847862985427392	0.13041613921919365	0.08671434387659054	-0.0426393525730199
0.05396753323406807	0.10735393460025058	-0.1555363970231484	0.1901277040888092	-0.20266190403081327	-0.1879742128434276	-0.1458855401950474	0.08152441657363503	0.004426100815688739	0.0732784507726199	0.13913766968038793	-0.18261912006461342	-0.19690882368140916	0.1799695171941814	-0.13475550383981227	0.06858658101748728	-0.008123612977440797	-0.08358873602357303	-0.1464664223225376	-0.18758144417603692	-0.20120677354015426	0.18599878052353486	0.14551097483588138	-0.0888509192836374	0.030397280213640358	-0.03039728017894823	-0.08885091941322572	-0.14551097461176365	-0.18599878075458773	-0.20120677340002255	0.187581444150983	0.14646642249747424	-0.08358873586940173	-0.008123612940380252	-0.06858658073999312	0.1347555043468034	-0.179969516636462	0.196908823959644	-0.1826191202662601	-0.13913766918885173	-0.073278451117962	-0.0044261007478034135	0.08152441716604586	0.14588553930233808	0.18797421377886384	-0.2026619032175555	-0.19012770459232448	-0.15553639692298252	-0.1073539343852007	0.053967533540730216
0.06586523750399148	0.1276136740937985	-0.17663127563527506	0.20117874320764986	-0.19203562347554348	-0.14714015039611744	-0.07309349572052021	-0.016012045094172877	-0.10185971143601406	0.1662725703977021	0.19549843008328793	-0.1833510975058674	-0.1325363581728979	0.053947880690557025	0.03578333209644216	-0.1178878103538304	-0.1753629756622587	-0.19640881285198072	-0.1766905261397306	-0.12011931758012649	-0.03810184255997115	-0.052272695558603456	-0.13049750716843095	0.17524692601662306	-0.1765291697638046	-0.1765291696787638	-0.1752469261725025	-0.13049750694254164	-0.05227269579469126	0.03810184275497059	-0.12011931733643683	-0.1766905266217916	0.19640881211995093	0.17536297635563078	-0.11788780993670106	0.03578333223431333	0.053947880649834065	-0.13253635823256912	0.18335109775686992	0.19549842934429698	0.16627257140373922	-0.10185971065969633	0.016012045228749123	-0.07309349533636592	-0.14714015104599878	0.19203562277980277	0.20117874369148556	0.17663127553295854	0.12761367385107264	-0.06586523785474807
0.07792703594726924	0.1464831850155507	-0.19207399488441182	0.20017614991101101	-0.16338165394723525	-0.08681557994888603	0.012022185515434231	-0.10793064448621502	-0.17536523810767218	0.19601156983965834	0.1641769442615369	-0.08844609796279383	0.010768844287827227	-0.10691058744457145	0.17451427742934925	-0.19594113252555476	-0.1658750959799667	-0.09243930408033027	0.005152408284525802	0.10177885364717833	0.17287884219422633	-0.20085994217501055	-0.17995015029074415	0.11937520230315621	-0.042771835749989474	0.04277183571499488	0.11937520243324003	0.1799501500739906	0.20085994238776206	0.17287884206378076	-0.10177885373711705	-0.005152408042702024	-0.09243930352237788	-0.16587509673717524	0.1959411317689388	-0.17451427810246914	0.10691058699718647	-0.010768844401335576	-0.08844609811682702	-0.16417694352404769	-0.19601157122456916	0.17536523672822832	-0.10793064521382537	-0.012022185407045811	0.0868155802032635	-0.163381653533218	-0.20017615027013508	-0.19207399476818307	-0.1464831848165722	0.07792703628566691
0.09013838841019824	0.16358417999649355	-0.20093293486844543	0.18635944424672232	-0.11819358712223327	-0.013710099212087982	0.09534270878265451	-0.1736091929963916	-0.1948543302615174	0.1515919090942746	0.05800830344917048	0.054776608274627124	0.14929104225020517	-0.19431403106226558	0.17519229408237671	-0.09846760035519411	0.010500139580593945	0.11598497537235265	0.18347570665571408	0.19073182179659742	0.13485023724493472	-0.03364224999301461	0.07870685241621629	-0.16052424965359385	0.18436833002706282	0.18436832998506056	0.16052424971719836	0.07870685233791035	-0.03364224990694946	-0.13485023735333215	0.19073182159341212	0.18347570696655857	-0.1159849751036898	-0.01050013959010157	-0.09846759998720984	0.17519229477475076	-0.1943140303793252	0.14929104254592251	-0.05477660825979144	0.05800830312561325	0.15159191020148086	-0.19485432871369796	0.1736091942797776	0.09534270809626923	-0.01371009906482602	0.11819358693928088	0.186359444505499	0.20093293477013702	0.16358417974794318	-0.0901383888222743
0.10217100035397561	0.17818086693519097	-0.20250425699851296	0.1606612839932875	-0.061681238560388575	0.060484161608466806	0.1594376671660519	-0.19577572952864325	-0.1543018416242498	0.05111934826622212	-0.07255728989840597	0.16716547538394003	0.19492648455251985	-0.1449952828435981	0.03752892046694619	0.08466448097638891	0.17332450958605797	0.19372752917175792	0.1380899967555462	0.02821421899053288	-0.09322582550592108	0.1795230506403506	0.19849140850616676	-0.14722309408706677	0.055892534403152776	-0.05589253437832916	-0.14722309418562096	-0.1984914083446776	-0.17952305079235678	-0.09322582541330689	-0.028214218826389578	-0.13808999724298704	0.1937275283223923	0.1733245104085856	-0.0846644805920476	-0.03752892062419787	0.1449952823614547	-0.1949264849408009	0.1671654754737127	0.07255728957284	-0.05111934855442769	0.1543018403861386	-0.1957757311722078	-0.1594376659489721	-0.060484162105769505	-0.06168123854153927	-0.1606612841880453	-0.20250425693044594	-0.17818086654717438	0.10217100094723106
0.11399270852296632	0.18991166823896827	-0.196295642784286	0.12391984097491764	0.0016489295887830624	0.12643980238834868	0.19297818081324433	-0.16916561904150004	-0.06539231926405517	-0.06943435869235234	-0.17115962373117852	0.19132388275069395	0.12044112821651103	0.00761939117395198	-0.13202460614473668	0.19396062896245897	0.16434977165175244	0.05727778991260538	-0.07678282993460618	-0.17460851033713223	-0.18954718417702357	0.11359797121171372	-0.017331646357094832	0.1372993829868628	-0.18955538883744066	-0.18955538884832832	-0.13729938295947294	-0.017331646408573556	0.1135979712620374	0.18954718419062552	-0.1746085102596804	-0.0767828298484815	-0.05727778943368729	-0.16434977239026646	0.19396062823271856	-0.1320246066882016	0.0076193909852955944	0.12044112835055841	-0.19132388289624724	-0.17115962299712467	-0.06943435924204407	-0.0653923187236571	0.16916562054194448	0.19297817939432158	0.12643980316867304	-0.00164892934256655	0.12391984098835021	0.19629564275431885	0.1899116678168987	-0.11399270918533574
0.12539273407180276	0.19841642907780596	-0.18267048510225672	0.07921555558827101	0.06425019144053633	0.17352083880949085	0.1889404411765652	-0.10086982548328531	0.04284175402012562	-0.1626952446599326	-0.19204363218145662	0.1145800238664372	-0.02656166199292343	0.15306560313885761	-0.19505240355989212	0.12961299789234693	-0.006998599353415595	-0.13969714837883512	-0.19590570118868306	-0.14498240612672633	-0.014634689002361097	-0.12455623322774638	-0.19802841584312111	0.17063637224642042	-0.06953743520885988	0.06953743520134155	0.1706363723067074	0.198028415739654	0.12455623329349733	-0.01463468901745108	0.14498240598100567	0.1959057015582514	-0.13969714795554322	-0.006998599536536273	-0.12961299756440672	0.1950524043931619	-0.1530656023113539	0.02656166230029492	0.1145800240392779	0.19204363145633618	0.16269524567727614	-0.04284175371631583	-0.10086982631443031	-0.1889404399334502	-0.17352083979839442	0.06425019088664596	-0.07921555534850486	-0.18267048516837714	-0.1984164287174312	0.1253927346104677
0.13634594086013005	0.20343799658667025	-0.16174932196810832	0.028838070201624016	0.12048602195363285	0.19535583452530586	0.14781674542908738	-0.006730408791811449	0.13849602640225567	-0.1948799352035815	-0.12613522270716235	-0.0236178563480166	-0.15825447118624847	0.19154586170964982	-0.10234937484625024	-0.05218675646953248	-0.17345081749879301	-0.18422464091538487	-0.07766903023359548	0.0784127363048245	0.18420994425956042	-0.171132224968182	-0.046660044027426684	-0.10672672037296478	0.19209320391194584	0.1920932039736049	0.10672672025065792	-0.04666004386569591	-0.17113222508259374	-0.18420994421670142	0.07841273642379216	-0.07766903065963143	0.18422464013155979	0.1734508183278143	-0.05218675613167053	-0.1023493752625787	0.19154586096159762	-0.1582544716405039	0.023617856152276653	-0.1261352221644267	-0.19487993631343084	0.1384960254072396	0.00673040873524107	0.14781674458815083	0.1953558356454444	-0.12048602120154844	0.028838069866813698	0.16174932212510987	0.2034379961534783	-0.13634594136841785
0.14670541682406069	0.20487675586545215	-0.1346587013544216	-0.023146218663297597	0.1638742471227757	0.18861077455772285	0.07830982693777244	0.08838941864836744	0.1905470441904577	-0.15347729044548308	-0.004165240890358979	-0.14818540504045993	-0.19223454043018526	0.09593603194719279	0.07037517533307362	-0.18568691758499617	-0.1663948813742592	-0.02667717684101315	0.13229317067262272	0.19564666655846288	0.11764149204380182	0.045750322445429634	0.17769501750453848	-0.18808397968915982	0.08347940101086909	-0.08347940103037238	-0.1880839796660735	-0.17769501749832717	-0.045750322483639416	0.11764149204239334	-0.19564666659856458	-0.13229317056775894	-0.026677176567749886	-0.16639488188525184	0.1856869169774491	-0.07037517569369614	-0.09593603194461772	0.192234540609498	-0.14818540491403953	0.0041652406259812215	0.153477291328622	-0.19054704285725657	0.08838941949190685	-0.0783098266184643	-0.18861077565168766	0.16387424630105463	0.023146218952241986	-0.13465870154059661	-0.20487675523297327	0.14670541749059599
0.15643319465035915	0.20255920810912692	-0.10203106565480007	-0.07381192923355842	0.19033879970272183	0.15410040288535015	-0.00689098500967114	0.16180007735362587	0.18331072179072516	-0.05347972800004916	0.12052783141869215	-0.19487863616571452	-0.10817217880155951	-0.06792027816365412	0.1881173227443741	-0.1534676442026992	0.007424849971615566	0.16220857110242015	0.1836412497763485	0.05395831009813386	-0.12007927201208525	0.19423043135545037	0.10588895069023223	0.07040797599066193	-0.19208947352305408	-0.1920894735932687	-0.07040797585460841	0.10588895048087309	0.19423043157063127	0.12007927188247894	0.05395830993206878	0.18364125016134064	-0.16220857062112062	-0.007424850138362703	-0.15346764378118083	0.18811732347127794	-0.06792027759972583	-0.10817217855746562	0.19487863636654623	0.12052783123100223	-0.05347972842811328	0.18331072050539193	-0.16180007869546387	-0.006890984736780881	0.15410040368007183	-0.19033879891160385	-0.07381192956724009	0.10203106591143896	0.20255920737396813	-0.15643319537115236
0.16544027639947076	0.19662779253439863	-0.06555130518757393	-0.1191680729350804	0.19690960885911926	0.09731235746328301	-0.09024994486463486	0.19445520416178394	0.119294317383775	0.06603428457811873	0.19026762629406407	-0.13853571629875389	0.041296162515072926	-0.18307300573011343	0.15602394480994697	0.014853796858983711	0.17227481144405668	0.17164734912222296	0.01362986185355544	-0.15680236805370684	-0.1834717006649272	0.04182230663828896	-0.13900941111677154	0.19835332897966398	-0.09749085095727313	0.09749085099130396	0.19835332890395235	0.13900941120317933	-0.04182230668670951	-0.18347170061895393	0.15680236822533555	-0.013629862349854265	0.1716473483790364	0.17227481204494127	-0.014853796812616945	-0.15602394529622032	0.1830730051472219	-0.04129616296465563	-0.13853571682248048	-0.19026762564005578	-0.06603428474567286	-0.11929431651230733	0.19445520564206212	0.09024994403079796	-0.09731235775426353	0.19690960816515923	0.11916807340372015	-0.0655513055254205	-0.1966277918145716	0.16544027707611228
0.17369192043064496	0.18703821686753017	-0.026287540479588496	-0.15648202178048184	0.18286044079017857	0.025930487442437443	-0.15633425854934294	0.17848279474766363	0.017743560957742655	0.1610707338349579	0.1742546078336917	-0.00825219806428667	0.1663154652502913	-0.17011098598330554	-0.000739790445066943	0.1709959014237916	0.16615609923648553	-0.008803133760250178	-0.17471679048068303	-0.16148698936575595	0.017445893219956272	-0.17795065124602943	-0.15351740931727328	-0.03023823421435037	0.1897132758745231	0.1897132759079281	0.03023823414959923	-0.15351740917405496	-0.1779506514993169	-0.017445892957524047	-0.16148698917687906	-0.17471679044660052	0.008803134115980557	-0.16615609980887477	0.17099590098219072	-0.0007397904311710444	-0.17011098572971364	0.1663154655097816	0.008252198516415309	0.17425460696096148	0.16107073465940616	0.017743560784373544	-0.1784827960927181	-0.1563342572639476	0.02593048721382756	-0.18286044021591688	-0.1564820223490596	0.026287540839948026	0.18703821618449018	-0.17369192109148995
0.18113139414443635	0.17410820572643734	0.013841938408226614	-0.18291944106954497	0.1498625300199125	-0.048910168980154996	-0.19168890635395044	0.11809809681884462	-0.08878776497627781	0.19489351915162667	0.08002044874501855	0.12564941869721	0.18904466961445487	-0.03836471761625574	-0.15586242267721742	0.17399068637629872	-0.004458491618294832	-0.17810596794758118	-0.15113756616243212	0.045969101449488646	0.19115658480797004	-0.12092149292031887	0.08571131675903947	-0.2006140399464618	0.11134563894122966	-0.11134563895561786	-0.20061403987900736	-0.08571131696731991	0.12092149326753089	0.19115658447419243	-0.04596910167931891	0.15113756640483908	-0.1781059676653916	-0.004458491777241932	-0.1739906861877511	0.15586242309406043	0.0383647180765662	-0.18904466935646522	0.12564941845166802	-0.08002044786519634	-0.19489352026926401	0.0887877645746088	0.11809809766501311	0.19168890502075742	0.04891016975236909	0.14986252980811438	0.18291944176759262	0.013841937800201955	-0.17410820514688466	0.1811313945131804
0.18772138695845628	0.1579050133715655	0.05356820366663273	-0.19683262951315192	0.10104623098850986	-0.11684228746272289	-0.18964084623184027	0.02782290397396534	-0.16809531672631256	0.15500288268622214	-0.05079938204932547	0.19350316692525513	0.0956903248494703	0.12113656796050083	-0.18766572943079365	0.021218126396149638	-0.17171814948528144	-0.15182395298887752	0.05631280609974616	0.1944026864957064	0.09086172730200068	0.1254764019466299	0.1840724218795797	-0.011730096699025494	-0.18516721529655836	-0.18516721532470914	0.011730096786647123	0.18407242176724853	0.1254764020513124	-0.0908617273501637	0.19440268654279502	0.0563128057382479	0.1518239523299521	0.17171815007355487	0.02121812650012282	-0.18766572989165575	0.12113656729069237	0.09569032425796636	-0.1935031671402619	-0.05079938248510017	0.1550028837114664	-0.16809531587407145	-0.027822904158661916	-0.18964084519224736	-0.11684228850161132	-0.1010462312099214	-0.1968326300283871	-0.053568202962534894	0.15790501270395643	-0.1877213873254303
0.1934296995619783	0.13888950485010562	0.09101626173711046	-0.19721090404169905	0.04190766245137141	-0.16742236737539062	-0.1506789100364188	-0.06902189422975336	-0.19491410799753583	0.05686114381154013	-0.1581733352058042	0.15894823693048102	-0.055638060226923365	0.19511438955542393	-0.07065983325774508	-0.1494817404296564	-0.16775862609325934	0.04061965728903106	0.19434664289073683	0.0860526693286068	-0.1380735849597284	0.17573246771982437	-0.023331955229265445	0.19445811299799162	-0.1248194168622921	0.12481941687132322	0.19445811296207574	0.02333195529879262	-0.1757324678045909	-0.13807358489984098	-0.08605266930243922	-0.19434664277646357	0.040619657618826424	-0.16775862639768258	0.1494817403092883	0.07065983345805919	-0.1951143892757989	0.05563806058093351	0.15894823738715813	0.1581733348772463	-0.05686114410665541	0.19491410705871737	-0.06902189495076658	0.15067890979872794	0.16742236848443656	0.04190766336088621	0.19721090407830408	0.09101626092802995	-0.13888950387257584	0.19342970010451696
0.19822640210235712	0.11724642613042834	0.12493339584545772	-0.18398140250924389	-0.021824000584348247	-0.19358197343911082	-0.08210136408302443	-0.14891085485793615	-0.16105162129213282	-0.06322855513645301	-0.19454991400197466	0.039988447635309926	-0.17346688567168805	0.13225518797693733	0.1032775278490092	-0.1873757256093926	0.0035222814756643854	0.18943054933553052	0.09745777903693784	-0.13739332363600532	-0.17010092739604768	-0.047440747766685956	-0.19406860062804393	0.05340846087174367	0.17867028476440736	0.17867028479550884	-0.0534084609340957	-0.19406860059305406	-0.047440747703042185	0.17010092721221368	-0.13739332384664724	0.09745777929715689	-0.18943054925621386	-0.0035222815654184754	-0.1873757256036717	0.1032775279893636	0.13225518819897755	-0.17346688566419205	-0.039988448171079854	-0.19454991314247191	-0.06322855538943724	-0.1610516204637632	0.14891085600786824	-0.08210136441058279	-0.1935819743872	0.021823999421794034	-0.18398140222202009	-0.12493339514723675	0.11724642504118835	-0.19822640275278855
0.20209287832517953	0.09353653317266082	0.15376439621971813	-0.15818021675437594	-0.08306840556621845	-0.19134710177410075	0.002218707413647574	-0.19135003539791026	-0.07733370720253711	-0.15901308569755063	-0.14331369616793094	-0.09955441911887965	-0.18479577331037486	-0.022791423300682796	0.19452699636364323	-0.058389781362350596	0.17032123858081105	0.12967333623833924	-0.11610696335350032	-0.17846605383242034	0.040997574714868694	-0.19517576372223708	-0.04144380634702221	-0.17991867804806794	0.13768920881163307	-0.13768920883281113	-0.17991867798437525	0.041443806301398996	0.19517576358185043	0.040997575110895614	0.1784660542765837	0.11610696282486276	0.12967333594302183	0.17032123871680194	0.05838978135055787	-0.1945269967800085	0.022791422867975978	0.18479577316853135	-0.09955441864664594	0.14331369523423412	0.15901308603179842	0.07733370655320351	-0.19135003639047377	-0.002218706962284267	0.191347102494415	-0.08306840462630623	0.15818021652767528	0.1537643957245448	-0.09353653229955901	0.20209287879599638
0.20500594067222674	0.0680299124137506	0.1765210668545434	-0.12139975176879134	-0.13581264401217927	-0.16099675144733253	0.08638535413260519	-0.18600014969056416	0.03076845826882456	-0.19491334126099355	-0.027161770032401698	-0.1869018907137913	-0.0827655958204081	-0.16248351776788042	0.13127400477580595	0.12350642957549866	0.16825199160536264	-0.07345404126581527	-0.19021373393072472	0.016779780036385798	0.19484291536070475	-0.04029119904856312	0.182380761072821	-0.09278054569863387	-0.17044793834671962	-0.17044793823840834	0.09278054554368563	0.18238076134301084	-0.04029119926451167	-0.19484291535307577	0.0167797799562002	-0.19021373353926546	0.0734540417132775	-0.16825199192760967	0.12350642938919483	0.13127400533026953	-0.16248351715024517	-0.08276559543868224	0.18690189043508745	-0.027161769085621405	-0.19491334165008398	0.030768458688796022	0.18600015045879212	0.0863853535558062	-0.1609967519203287	0.13581264327890574	-0.12139975152190347	-0.17652106660007869	0.06802991160534601	-0.2050059410998611
0.20695673951912086	0.041355150175733504	0.19217615294936405	-0.07640529422831248	-0.17424717737153333	-0.10718923788052426	0.15345295960809846	-0.13425663670929913	0.12894711651099083	-0.15716293588248897	0.10077352171867189	-0.17529075762075327	0.06941884709097385	-0.1879307478750419	-0.03570503428073207	0.19462726154865995	-0.0005880265879411306	-0.19486220676683222	-0.03474060538022343	0.18858539882134276	0.06914912416679792	0.17524590016684702	0.10154707671540536	0.15746843977898287	-0.14973261033331936	0.14973261030168647	0.15746843981869038	-0.10154707682277969	-0.17524590003008245	0.06914912419473229	-0.1885853987567959	0.03474060511642917	-0.19486220706018703	-0.0005880265557213968	-0.19462726154241275	0.03570503376099124	0.1879307475906904	-0.069418847110956	-0.17529075747351172	-0.10077352221238266	0.15716293587038918	-0.12894711687999624	-0.13425663691962186	-0.15345295944971687	0.10718923819477526	-0.17424717718856134	0.0764052943609127	0.1921761528642957	-0.041355149812324576	0.20695673947513693
0.2079336046533156	0.013844398615947596	0.20018253312257295	-0.02601471592723533	-0.1945810454482164	-0.03748634645337682	0.19072908661281837	-0.04871658463683969	0.1872830543224173	-0.05979323569474267	0.18367058450585014	-0.07075117460030864	0.1796174156403438	-0.08149199938797509	-0.1749897520466985	0.0920163301364955	-0.1697287348870866	-0.10208892506503396	0.1637928100115872	0.11167031367966408	-0.15716026565902158	0.11989697094068812	-0.15033928760385895	0.12799875767688948	0.16072684691689346	0.16072684692570408	-0.12799875769601193	-0.15033928757255624	0.11989697082111321	0.15716026580787948	0.11167031379607753	0.16379281002860682	0.10208892518936256	0.16972873479806375	0.09201633003787002	-0.17498975178858003	-0.08149199920849619	0.17961741554122135	0.07075117462102014	0.1836705847251021	-0.05979323572098046	0.18728305461763775	0.0487165846921436	0.19072908659200005	-0.03748634659421952	0.1945810454217163	-0.026014716058666086	-0.20018253312551273	0.013844398329755927	-0.2079336045021525
0.2079336842875269	-0.013841007570036146	0.20018263023154256	0.026016689825421678	-0.1945807119786951	0.03748723596407875	0.19072907658945287	0.0487160714786636	0.18728323517088327	0.05979275718493833	0.18367068917767765	0.07075121128491246	0.17961728919542025	0.08149223306266726	-0.17498972665781734	-0.09201628059705312	-0.16972876761847963	0.10208891517274783	0.16379280074747415	-0.11167031054258794	-0.1571602760920968	-0.11989696974689602	-0.1503392814266914	-0.1279987601031317	0.16072684740490104	-0.1607268474101426	-0.12799876010990557	0.15033928142505348	0.11989696972764773	-0.15716027622175072	0.11167031045321171	-0.16379280079631958	0.10208891520405614	-0.16972876751471774	0.09201628075220389	0.17498972667077362	-0.08149223317997283	-0.17961728889346623	0.07075121120742278	-0.1836706890544121	-0.05979275706191618	-0.1872832354102027	0.04871607145999692	-0.19072907682461374	-0.03748723593449136	-0.1945807121615541	-0.026016689696996137	0.200182630282289	0.013841007799845274	0.2079336839440858
0.20695698204213708	-0.041351852986880364	0.1921764329277924	0.07640713819144965	-0.17424621122686537	0.10718997987145573	0.15345293568963134	0.1342562348585634	0.12894761326726836	0.15716267614889104	0.10077376003111986	0.17529075126233945	0.06941857775365702	0.18793080340362903	-0.035704960644424626	-0.19462728497726278	-0.000588093183541295	0.194862192065404	-0.0347406196515843	-0.18858540667149779	0.06914910720986503	-0.17524589630476115	0.10154708642631817	-0.15746843990860554	-0.1497326089025967	-0.14973260890721352	0.15746843986755266	0.10154708643382018	-0.1752458962420965	-0.06914910711418507	-0.18858540670629595	-0.03474061959117234	-0.19486219206676034	0.0005880930848244809	-0.19462728509461796	-0.03570496089616031	0.18793080361739695	0.06941857749196907	-0.17529075131332814	0.10077375967665056	0.15716267589713517	0.1289476132729019	-0.1342562347216747	0.15345293594392267	0.10718997982874472	0.17424621146210292	0.07640713804457719	-0.19217643306666432	-0.04135185321409786	-0.20695698178262126
0.20500634938028892	-0.06802679513083269	0.17652150279801193	0.12140134494140523	-0.13581115273306613	0.16099721889388582	0.08638533709260697	0.18599996357736803	0.030769112641212105	0.1949133976326658	-0.027161544765803056	0.18690184596271192	-0.08276577978087976	0.16248335516913837	0.1312741050864223	-0.12350650170371821	0.16825195801582693	0.07345404281522297	-0.1902137287615242	-0.016779787401489228	0.19484291570738066	0.040291199505608666	0.18238076021490682	0.0927805488336294	-0.17044793791264873	0.17044793792425597	0.09278054887090227	-0.1823807602063122	-0.040291199513361305	0.19484291574454676	0.01677978743417418	0.1902137287097049	0.07345404272264247	0.1682519579140296	0.12350650180185714	-0.13127410484685995	-0.16248335558024452	0.08276578002127959	0.18690184619073638	0.027161545361339922	-0.19491339718002135	-0.030769112350776857	0.18599996314271355	-0.08638533743025045	-0.16099721872996775	-0.13581115316846173	-0.12140134483951202	0.17652150308138884	0.06802679549202874	0.2050063491394484
0.20209345665109402	-0.09353367504214564	0.1537649557661052	0.1581814511397167	-0.08306654390925643	0.1913472101327022	0.0022187300684750034	0.1913501335245594	-0.07733312578170229	0.1590134056925652	-0.14331357986346493	0.09955437114101733	-0.18479574633429097	0.022791178960665744	0.1945270555592887	0.05838976089699197	0.17032127167412234	-0.12967329591284588	-0.11610694152159422	0.17846606682599675	0.040997592801773	0.19517575558372738	-0.04144381634058881	0.17991868076629108	0.1376892070416751	0.13768920701423343	-0.17991868081337983	-0.04144381642676254	0.19517575551751343	-0.04099759282053339	0.17846606665785222	-0.11610694170738901	0.12967329610201783	-0.17032127152930224	0.058389760997223095	0.19452705539254997	0.0227911793257967	-0.1847957463042324	-0.09955437161951586	-0.14331358048012138	0.15901340539462316	-0.07733312642767531	-0.1913501328942108	0.0022187302414843992	0.19134720970146077	0.08306654442064328	0.15818145088332963	-0.15376495627339326	-0.09353367536604151	-0.20209345660479533
0.19822714347701487	-0.11724388567231919	0.12493405644649884	0.1839821925186942	-0.02182197145895571	0.1935817166369791	-0.08210130353692255	0.14891121214987993	-0.16105131482872825	0.06322898431459914	-0.19454991419182707	-0.039988447997103944	-0.1734667156775022	-0.132255328410853	0.10327746871489987	0.1873758046617203	0.0035223517563871655	-0.18943050045568405	0.09745778393721591	0.13739334241795167	-0.17010092155433568	0.04744074275284839	-0.1940686021183716	-0.053408462936562595	0.17867028444885236	-0.17867028442886665	-0.05340846291676877	0.19406860220742808	-0.04744074266560773	-0.17010092154167125	-0.1373933422998879	-0.09745778373879135	-0.18943050058471653	0.003522351631358569	-0.18737580475240526	-0.10327746869450316	0.1322553282638739	0.17346671547655138	-0.03998844749392478	0.19454991464724397	-0.06322898425248905	0.1610513155733828	0.1489112114117942	0.08210130347796761	-0.1935817160399228	-0.021821972047309294	-0.1839821922697656	0.12493405713915011	0.11724388602870946	0.19822714344848347
0.19343059867789608	-0.13888733310766155	0.09101699736286821	0.1972111859279988	0.04190962793604224	0.16742180805790607	-0.15067885071266482	0.06902239499332485	-0.1949141582885657	-0.05686077590074341	-0.15817342300019308	-0.1589481597015744	-0.055637903707336775	-0.19511435938235455	-0.0706599931506629	0.14948182405621296	-0.1677585885465781	-0.04061966880568802	0.19434661703341083	-0.08605267703018464	-0.1380736045079311	-0.17573245735594933	-0.023331943189551747	-0.19445811852107842	-0.12481941396918896	-0.12481941395599994	0.19445811856932385	-0.023331943155900457	-0.17573245729871997	0.13807360459528795	-0.08605267706212723	0.19434661700626968	0.04061966872531148	0.1677585885060551	0.14948182416714462	-0.0706599930659418	-0.1951143596179286	-0.055637903294228755	0.15894815938743748	-0.15817342297463588	-0.056860775566020025	-0.1949141588813016	-0.06902239449251217	-0.1506788508565791	0.16742180745866017	-0.04190962744455398	0.19721118568731458	-0.09101699812887085	-0.1388873334484305	-0.19343059864381146
0.187722429200002	-0.15790322740585944	0.053569007791817023	0.19683240102620259	0.1010479191054083	0.11684153404360453	-0.18964084299437448	-0.02782244015233753	-0.16809565152453504	-0.15500268628953973	-0.0507995354662473	-0.19350304241149202	0.09569036255625867	-0.12113643022892963	-0.18766586035871582	-0.02121815287075503	-0.17171819920949208	0.15182387773965483	0.056312770732029796	-0.1944027074111894	0.09086170850465339	-0.12547639458955423	0.18407242832147971	0.011730097323223608	-0.18516721469565017	0.18516721464279398	0.011730097237870446	-0.18407242847173344	0.1254763944095667	0.09086170841184223	0.19440270727819162	-0.05631277095205836	0.15182387792126906	-0.17171819908093683	0.021218152723320352	0.18766586033825905	0.12113643070380259	-0.09569036315459262	-0.1935030423138369	0.05079953481104488	0.15500268542203183	0.16809565183208328	-0.027822439999099988	0.18964084352007665	-0.11684153366992571	0.10104791900619547	-0.1968324007925825	0.0535690083931009	0.157903227699464	0.1877224290445213
0.18113256238192466	-0.17410679982439894	0.01384282820000072	0.18291875917557357	0.14986378920003315	0.04890932447363702	-0.19168897974232157	-0.1180978363774729	-0.08878821707921385	-0.19489350878942427	0.0800202412142481	-0.125649348962721	0.18904459289646577	0.038364867884967124	-0.15586241468929168	-0.17399080573851008	-0.004458575306103765	0.17810591612525517	-0.15113756255254204	-0.04596909874873941	0.19115659605305516	0.12092148068693032	0.08571130558969732	0.2006140479152335	0.11134563493693013	0.1113456349473399	-0.20061404789382226	0.0857113056036629	0.12092148059777702	-0.19115659635300872	-0.04596909836220497	-0.15113756234304393	-0.17810591604830028	0.004458575336554046	-0.17399080557042074	-0.1558624147837512	0.03836486747314384	0.1890445933595933	0.1256493492175069	0.08002024228791288	-0.19489350783049994	-0.08878821695026981	0.11809783564342805	-0.19168898043130622	0.04890932436095226	-0.14986378938008424	0.18291875894984946	-0.01384282864694754	-0.17410680013663626	-0.18113256213409687
0.17369319047512177	-0.18703716421727937	-0.026286525930562923	0.15648100398520703	0.18286120271116138	-0.025931346082904587	-0.15633437190497773	-0.17848281283819734	0.01774316155427468	-0.16107087110418886	0.17425440358299965	0.008252137356997468	0.16631533756692288	0.17011106646571164	-0.0007396623883947423	-0.17099598913251068	0.16615608655470668	0.008803180992661011	-0.1747167367609852	0.16148702290751404	0.01744591871261961	0.17795063686171	-0.15351741677293967	0.030238235810298126	0.1897132757459157	-0.18971327580090072	0.030238235720162387	0.1535174167141145	-0.17795063672960074	0.017445919187662022	-0.16148702346209853	0.17471673658402867	0.00880318053302625	0.16615608596833048	0.1709959891749393	0.0007396628631748847	-0.17011106672120785	-0.16631533776921115	0.008252137216270767	-0.17425440461164377	0.16107087010847956	-0.01774316199725641	-0.17848281141767638	0.1563343727629474	0.025931345643341857	0.18286120338967574	-0.15648100400837472	-0.026286526001416476	0.18703716469118573	0.1736931897095773
0.16544162167486384	-0.19662705450610365	-0.06555011192811745	0.11916688342271332	0.19690988701107248	-0.09731319777923746	-0.09025000395173059	-0.1944554554894706	0.11929407805252808	-0.06603451621466072	0.19026750552277558	0.1385355328203853	0.041296075702381835	0.18307297985438808	0.1560240973571133	-0.014853765096184296	0.17227488294921725	-0.17164725066406236	0.013629898688693437	0.1568023861288315	-0.18347170264999377	-0.04182229886716099	-0.1390093994693259	-0.19835333787815193	-0.09749084560672347	-0.09749084560944961	0.19835333784568218	-0.13900939964128506	-0.04182229922804692	0.18347170224176362	0.15680238623210982	0.013629898308567324	0.17164725135930242	-0.17227488248088121	-0.014853764921231083	0.1560240967425114	0.18307298027221156	0.04129607568881112	-0.13853553258776813	0.19026750628399966	-0.06603451579352203	0.11929407896981009	0.19445545395094507	-0.09025000450338383	-0.09731319700408327	-0.1969098877865975	0.11916688356219837	0.06555011212615758	-0.19662705504661795	-0.165441620812184
0.15643459681476132	-0.2025587483398004	-0.10202966378177686	0.0738107334138665	0.19033864782861576	-0.15410119004491876	-0.006890901429295856	-0.16180044434470325	0.18331068243028906	0.05347946835257686	0.120527848224821	0.19487842482115772	-0.10817215951213528	0.06792016819865795	0.1881174023534653	0.15346775964374665	0.007424914708744521	-0.16220853937325658	0.1836412059080381	-0.053958343061199544	-0.12007930948003627	-0.19423041023805965	0.10588896446197252	-0.07040797971062239	-0.19208947271004984	0.19208947258570144	-0.07040797988796602	-0.10588896463397927	0.19423041015929285	-0.12007930949301582	0.053958343119572504	-0.1836412056553232	-0.16220853980379787	0.007424914437488479	-0.15346775991633949	-0.18811740166786292	-0.06792016863694825	0.1081721594275857	0.19487842486483606	-0.12052784856831011	-0.05347946833993834	-0.18331068363965175	-0.16180044279713052	0.006890901589922857	0.15410118879210116	0.19033864874075496	-0.07381073385235531	-0.1020296642466146	0.20255874903144108	0.15643459564669004
0.1467068641432881	-0.20487655032149288	-0.13465708801863818	0.02314516241115958	0.163873738820087	-0.18861145888916822	0.07831010511699121	-0.0883897610802632	0.19054718613631863	0.15347707582388043	-0.004165083633067971	0.1481852788310211	-0.19223441777400851	-0.09593614791999235	0.07037513267134735	0.1856870202600954	-0.1663948969279353	0.02667710753763862	0.13229309047432583	-0.19564670507815554	0.1176414718238523	-0.04575032258571262	0.1776950106837521	0.18808398873195512	0.08347939510031073	0.08347939510832322	-0.18808398872020846	0.17769501073064575	-0.04575032246035261	-0.11764147160084373	-0.19564670526224204	0.1322930904596513	-0.026677107747534526	0.16639489652657521	0.18568702066340984	0.07037513249985114	-0.0959361480929423	-0.1922344175357895	-0.1481852788455102	-0.004165083664236247	0.15347707515069461	0.19054718752510322	0.08838976009962815	0.078310105664505	-0.1886114574683617	-0.16387373947424558	0.02314516301018847	0.13465708838271556	-0.20487655108593592	-0.14670686305310157
0.13634743123612098	-0.2034380342482036	-0.1617475268910204	-0.02883888278480638	0.1204852355513111	-0.19535634660625192	0.1478172025925502	0.006730199931167956	0.13849629507425693	0.1948798353879689	-0.12613498690129155	0.02361786898952592	-0.15825431311654778	-0.19154589445910264	-0.10234950379904476	0.052186780564660785	-0.17345089212232004	0.18422456183147143	-0.07766904433607412	-0.07841271281110226	0.1842099807763657	0.1711321944712576	-0.04666006357797725	0.10672672829332092	0.19209320222594367	-0.19209320209779215	0.10672672849541166	0.0466600637991051	-0.1711321943695091	0.1842099806767174	0.07841271296899249	0.07766904420250524	0.18422456249024677	-0.17345089125647245	-0.05218678084085295	0.10234950318309764	0.19154589528856333	0.1582543129094647	0.02361786879983361	0.12613498729508785	-0.1948798341353832	-0.1384962962409224	0.00673019991329485	-0.1478172038286988	0.19535634540250618	0.12048523574124038	0.02883888224676908	-0.16174752691603525	0.20343803495025295	0.13634743053438295
0.125394266276166	-0.1984167066004614	-0.1826685620918452	-0.07921605856017408	0.06424921109203476	-0.1735211148186999	0.1889410065175407	0.10086981027372746	0.042842070337132686	0.1626952950279397	-0.19204341213451007	-0.11457988457129172	-0.02656155474666346	-0.15306552472713544	-0.19505252530650677	-0.12961306553122218	-0.006998662705512057	0.13969714897744287	-0.19590562526484265	0.14498246516615815	-0.014634645441928718	0.12455621822218946	-0.1980284177899374	-0.17063637932232334	-0.06953742889488233	-0.0695374289062885	0.1706363793155002	-0.19802841778274824	0.12455621822467647	0.014634645382411717	0.1449824653037323	-0.19590562498285272	-0.13969714943138042	0.006998662379439638	-0.12961306583782037	-0.19505252440702772	-0.153065525412483	-0.026561554769565347	0.114579884664846	-0.19204341287010826	0.1626952938052595	0.04284207073930435	-0.10086980934887611	0.18894100804421315	-0.1735211139133974	-0.06424921098089549	-0.07921605805067165	0.1826685619863972	-0.19841670726727403	-0.12539426573912404
0.11399428265094211	-0.1899121776502956	-0.1962936604201972	-0.12392000191952035	0.0016478501535995014	-0.1264398057575142	0.19297875517806562	0.16916580399966222	-0.0653920420081629	0.06943454182788773	-0.17115950297197177	-0.19132368004450562	0.12044113578856269	-0.007619257170471298	-0.1320246373953267	-0.19396074259905008	0.16434976482217536	-0.0572777235203747	-0.07678275476005476	0.17460851429250737	-0.18954720549526863	-0.11359793682725239	-0.01733162429633067	-0.13729939560176793	-0.18955538649817763	0.18955538644900422	-0.13729939569831204	0.017331624161960366	0.11359793672593821	-0.18954720546459486	-0.1746085144302822	0.07678275468179444	-0.05727772370288609	0.16434976427538106	0.193960743336195	0.1320246368673535	0.007619257148469062	-0.12044113545861544	-0.19132367994779612	0.1711595038020506	-0.06943454112670605	0.06539204255239184	0.16916580244555485	-0.1929787566498581	0.126439805194084	0.0016478498413413129	0.12392000137006486	-0.1962936603416048	0.1899121783407386	0.1139942820652311
0.10217260038724903	-0.1781815888747229	-0.20250229379571588	-0.16066110496363403	-0.06168231705299111	-0.060483900799623	0.15943815988015037	0.19577607222002427	-0.15430167265837033	-0.05111909592072081	-0.07255730121171282	-0.16716528936381672	0.19492639326746425	0.14499538809844806	0.03752899194663813	-0.08466456977556998	0.1733245662695469	-0.19372746598536136	0.13808998565212952	-0.028214295085035763	-0.0932258834152724	-0.17952301950964258	0.19849141707229723	0.14722309266987071	0.05589253237673329	0.0558925323908864	-0.1472230926439529	0.19849141710736395	-0.1795230194576599	0.09322588349639226	-0.028214295196384694	0.13808998538464298	0.19372746661832138	-0.17332456539704735	-0.08466457025100366	0.03752899165633354	0.14499538877268772	0.19492639288257224	0.16716528914269596	-0.07255730168922794	-0.05111909578066448	-0.1543016739554418	-0.19577607048356088	0.15943816100562158	-0.060483900611293245	0.06168231750584999	-0.16066110438517875	0.20250229378008283	-0.1781815895703725	-0.10217259973656044
0.0901399880651974	-0.16358508046468806	-0.20093106677267852	-0.18635896206471503	-0.11819457185078075	0.013710574993148063	0.09534305585244707	0.1736096212394232	-0.1948543043564254	-0.15159166278806507	0.0580081807701847	-0.054776502090183844	0.14929089401702714	0.19431405758896503	0.17519240950914045	0.09846758745237097	0.010500225803331573	-0.11598496226949077	0.1834756339344638	-0.19073188864827154	0.1348502357006522	0.033642218893647644	0.0787068239718753	0.16052426197233483	0.18436832697019553	-0.18436832701674807	0.16052426192615618	-0.07870682398411026	-0.033642218856932166	0.13485023570306592	0.19073188872899863	-0.1834756337271486	-0.11598496271498333	0.01050022537655143	-0.09846758773225116	-0.1751924084899554	-0.1943140584270625	-0.14929089394287737	-0.05477650183218051	-0.05800818096459004	0.15159166178255248	0.19485430596698544	0.17360961982429707	-0.09534305640328818	-0.013710574802784467	-0.1181945723776934	0.1863589615166134	-0.20093106681424336	0.1635850811040979	0.09013998741127206
0.07792859187554971	-0.14648421333065154	-0.19207229306968956	-0.20017543345591882	-0.1633824750869976	0.08681618992580038	0.012022362849239307	0.10793107699774813	-0.17536534355116926	-0.1960113888317748	0.16417676950032903	0.0884461046842654	0.010768704114032829	0.10691053450543285	0.17451436164164397	0.19594119301816118	-0.1658750370214114	0.09243926024096652	0.0051523545948536234	-0.10177882943387923	0.17287891304568292	0.2008598861867794	-0.1799501743125333	-0.11937519873198679	-0.04277183247208749	-0.04277183249117928	0.11937519868960807	-0.1799501744209474	0.20085988597299664	-0.17287891323132037	-0.10177882936525647	0.005152354707439354	-0.09243926050079405	0.1658750365371479	0.19594119387085965	0.17451436071082924	0.10691053484765131	0.010768704345637727	-0.08844610470008163	0.16417677026672844	-0.19601138748870217	-0.17536534494805484	-0.1079310761256864	0.012022362805727148	0.08681618928543826	0.16338247577723417	-0.20017543300665588	0.1920722930225359	-0.14648421388148639	-0.07792859137842335
0.06586670043597961	-0.12761476168846925	-0.1766297919582237	-0.20117788585824561	-0.19203624947641748	0.14714080604795524	-0.07309347322988596	0.016012418147900165	-0.10185990513156362	-0.16627247659305144	0.19549825746155378	0.1833510308886815	-0.13253644550001087	-0.05394798073208066	0.03578335645666494	0.1178878997331343	-0.1753629757794102	0.19640873770766623	-0.17669052587359102	0.12011939879170332	-0.038101787562374416	0.05227270168373256	-0.13049747625454217	-0.1752469486107635	-0.1765291623964134	0.17652916250202144	-0.17524694847491928	0.13049747644007076	-0.052272701485972635	-0.0381017875052615	-0.12011939873359224	0.1766905256303006	0.1964087384964479	-0.1753629747951987	-0.11788790035243726	-0.03578335645447108	0.05394798116101104	0.13253644522852562	0.18335103052561583	-0.19549825836618825	0.1662724755962616	0.10185990588417915	0.01601241789297653	0.07309347378994967	-0.14714080496918494	-0.1920362503658663	0.20117788553190813	-0.17662979175469481	0.1276147621528428	0.06586670013871412
0.053968856085429485	-0.1073550106277401	-0.15553516444776752	-0.1901267982172961	-0.20266233166304065	0.18797484097285863	-0.1458856384698348	-0.08152414043211842	0.004425865513071639	-0.07327843954129266	0.1391375301718928	0.1826190188367685	-0.1969088470376189	-0.17996962347176937	-0.134755534147101	-0.06858651049956853	-0.00812366820291591	0.08358867986662129	-0.14646637342633764	0.18758149026521262	-0.2012068154292228	-0.1859987075279624	0.14551101767936497	0.08885090814222056	0.030397277736602977	0.030397277751137333	-0.08885090808904648	0.14551101781403264	-0.18599870727715304	0.20120681572290394	0.18758149010377992	-0.14646637326794834	-0.0835886803428938	0.008123667824919346	-0.06858651075331029	-0.13475553328499215	-0.1799696243114548	-0.19690884683288837	-0.18261901840562852	0.13913753077689903	-0.07327843914212354	0.004425865559042454	0.08152413985015759	-0.1458856395971538	0.18797483971055076	0.20266233251932797	-0.19012679793021853	0.15553516426547792	-0.10735501104070962	-0.05396885582465046
0.04264048666657153	-0.08671533052436171	-0.13041516498758843	-0.168477771234176	-0.19447546589209003	0.20302909237432792	-0.19107716178217582	-0.15851287203081094	0.10823854619602606	0.04570521722261629	0.021918332239702753	0.08677624181445719	-0.1413753742031791	-0.17951833933561237	-0.19700356779902178	-0.19204784344134332	0.16539483226082094	-0.12015197523645739	0.061387056678022904	0.004403765433192981	-0.06983063048550804	-0.12694471564646503	0.16714138168982512	0.18093580070522103	0.1662057449588469	-0.16620574512417954	0.1809358004683722	-0.16714138202098652	0.12694471527448226	-0.06983063069217244	-0.004403765456347209	-0.06138705661443222	-0.12015197566355915	0.16539483152549128	0.19204784433968128	0.1970035669058258	0.17951833994540697	0.1413753740412603	0.08677624169598776	-0.021918332330851935	-0.04570521705559562	-0.10823854699114972	-0.15851287060521324	0.19107716336207417	-0.20302909118389342	-0.1944754665317276	0.16847777095011401	-0.13041516495775485	0.08671533088028407	0.04264048633161541
0.03191396055828059	-0.0661251004864765	-0.10257901191179805	-0.13853209079521836	-0.16991836435789007	0.19267273547859665	-0.2034909766970824	-0.20031122411837865	0.18255844490543396	0.1511616797874286	-0.10838692931959777	-0.057533998982647314	0.002564017994253087	-0.05230207872472272	-0.10295816886877217	-0.14575159267972318	0.17773884432481055	-0.19688444121186796	0.2021517577928741	-0.1935539109907623	0.1721086952815644	0.1398704227064796	-0.10004998819222136	-0.05751131244413455	-0.018977357172324356	-0.018977357181865457	0.05751131239389983	-0.10004998831474149	0.13987042249057258	-0.1721086955776982	-0.19355391079861808	0.20215175749097405	0.19688444212325643	-0.17773884327199416	-0.14575159336790416	-0.10295816860462167	-0.05230207876140992	0.002564018018088912	0.05753399880949115	-0.10838692976010934	0.1511616789829875	0.18255844631423568	0.20031122228844064	-0.20349097835319	0.1926727343946288	0.1699183648709088	-0.1385320905802337	0.10257901190505014	-0.06612510075244254	-0.03191396028655088
0.022361165277890192	-0.04703123126622532	-0.07476606411384144	-0.10448043436438001	-0.1340500155734157	0.16106137137181945	-0.1832048573553426	-0.1985388991714688	0.20566135554021187	0.20379544251633522	-0.1927983176562415	-0.17311441907874817	0.1456883510463973	0.11186117524747137	0.07325647464872964	0.03167349005673454	0.011012520533640656	-0.05292891419381556	0.09225628398749988	-0.12722952581374125	0.15602905481442658	0.17648606899420843	-0.18542934290998686	-0.17789424556871025	-0.15384797557383575	0.15384797578155587	-0.17789424524981146	0.1854293433462445	-0.17648606851251689	0.15602905517170404	0.12722952573116653	-0.09225628378580067	-0.052928914521906595	0.011012520360366084	-0.031673490223168003	-0.07325647421434198	-0.11186117573071475	-0.1456883508086697	-0.17311441883015208	0.19279831847984202	-0.2037954412117379	-0.2056613572015528	-0.19853889747874226	0.1832048587339812	-0.16106137040102791	-0.1340500160661806	0.10448043426123396	-0.07476606400749056	0.0470312314334867	0.022361165178890828
0.01391305382162997	-0.02960646529561908	-0.04796155788769939	-0.06877897387969328	-0.09122419103291926	0.11422336652498587	-0.1366436441579687	-0.15740989912001135	0.17558489038282243	0.1904183228998587	-0.20136607904750037	-0.20808980851805975	0.21043933127685666	0.20843150754473994	0.20222135832561944	0.19207996911234004	-0.17836631798613434	0.16151316016726527	-0.1420049628382819	0.12037812836032491	-0.09722078518064314	-0.07323808314779948	0.04938678181028802	0.027158182699399513	0.008701239966370046	0.008701239972003491	-0.027158182667488387	0.04938678188463305	-0.07323808302176008	0.09722078536129547	0.12037812824126157	-0.142004962603943	-0.16151316087560616	0.1783663170709734	0.1920799699811847	0.2022213574936488	0.2084315083223024	0.21043933087145764	0.20808980825555246	-0.2013660799575358	0.1904183215913748	0.17558489181628117	0.15740989784329124	-0.136643645138265	0.11422336579673799	0.09122419141150004	-0.06877897384365243	0.047961557768216395	-0.029606465390924326	-0.013913053805134003
0.0067364447727852345	-0.014443750181196336	-0.023683097453760578	-0.03452221902879073	-0.04673995259839659	0.06000033368318923	-0.073923505767807	-0.08812784178659526	0.10225966764425834	0.11601078137153942	-0.12912712061493392	-0.14140828875104672	0.15270304910315977	0.16290060189388195	0.1719213782409457	0.17970577641096225	-0.18620086558583857	0.191343093904995	-0.19502620647292004	0.1970417345782627	-0.1969401003347203	-0.19374167892112387	0.18533712308858458	0.16766914184585918	0.14056389740952943	-0.1405638976362764	0.16766914148904627	-0.1853371235693473	0.19374167839635392	-0.196940100769305	-0.19704173443383596	0.19502620608099272	0.19134309480690784	-0.18620086460549626	-0.17970577718151848	-0.17192137757103126	-0.16290060251504182	-0.1527030488021971	-0.14140828854092913	0.1291271212174519	-0.11601078058341441	-0.10225966846673769	-0.08812784106530132	0.07392350631034521	-0.060000333305642736	-0.04673995277455626	0.03452221900992454	-0.02368309740950064	0.014443750229943781	0.006736444750082263
