0.9889133994837939
0.9888026622423469
0.9886234784602613
0.9883769882506442
0.9880595386461933
0.9876641418606257
0.9871807169495109
0.9865957150089806
0.9858913264301175
0.9850442270830841
0.984023702866777
0.9827888470748065
0.9812843079759513
0.9794336892928803
0.9771290143350028
0.9742133451809921
0.9704509213122258
0.9654736488085439
0.9586798738876664
0.9490323505474174
0.9346275117531089
0.9117252757791973
0.8724500781194987
0.7993842283210733
0.6493815523701192
0.3506184476289478
0.20061577169024525
0.1275499218545787
0.08827472424151528
0.06537248823357444
0.05096764946987753
0.04132012610242197
0.03452635119142933
0.029549078689008468
0.025786654816641552
0.022870985668670518
0.020566310702754498
0.018715692026666453
0.017211152920139416
0.01597629713536486
0.014955772915303422
0.01410867357087297
0.013404284992592802
0.012819283051538316
0.012335858141310123
0.011940461354316045
0.011623011750678385
0.011376521538234508
0.011197337758137672
0.011086600512740784
