0.9889133994850599
0.9888026622422168
0.988623478460742
0.988376988250363
0.9880595386457272
0.9876641418599086
0.9871807169491064
0.9865957150077372
0.9858913264301098
0.985044227083454
0.9840237028662852
0.9827888470769185
0.9812843079754936
0.9794336892946627
0.9771290143327993
0.9742133451817399
0.970450921310628
0.9654736488123477
0.9586798738843504
0.9490323505511576
0.9346275117490513
0.9117252757740284
0.8724500781350035
0.799384228313392
0.6493815523545805
0.3506184476574332
0.20061577167146094
0.12754992185835268
0.08827472424463034
0.06537248823059805
0.050967649471771126
0.041320126097575405
0.03452635119573444
0.02954907868890755
0.025786654816858823
0.022870985668334676
0.02056631070306414
0.018715692026760045
0.017211152921553285
0.01597629713421711
0.014955772916113773
0.014108673569982444
0.013404284991983442
0.012819283050428952
0.012335858140846877
0.011940461353476596
0.011623011750339942
0.011376521538899523
0.011197337757938143
0.011086600514804822
