0.03225460493707221
0.031188007085566006
0.030454153858756286
0.030007214174108475
0.029736223669771727
0.02957508777766243
0.029481994965605857
0.02943565278180012
0.029436739299226414
0.029449682709150386
0.029456226142853002
0.029438582147087812
0.029538444947350823
0.02954644706572748
0.029528149257979256
0.0295088741816195
0.02948890313852654
0.029467771333727563
0.02944383256853711
0.02941343857828535
0.02936818743988545
0.029289214189449502
0.02913573110579713
0.02887636525558777
0.02858143240455003
0.028581432404027426
0.028876365251980923
0.029135731103629797
0.029289214186484898
0.02936818743807655
0.02941343857747469
0.029443832569067102
0.029467771333254893
0.0294889031364795
0.02950887418493638
0.029528149257487073
0.029546447067072906
0.029538444948915284
0.02943858214821459
0.029456226142367464
0.029449682703459948
0.029436739299369383
0.02943565277897065
0.029481994964055652
0.02957508777721905
0.029736223680736217
0.03000721417355043
0.030454153849209183
0.031188007119160595
0.0322546052936117
