0.029405238753233854
0.029380781824122588
0.02935154183557082
0.02932560100965366
0.029307155317992457
0.029297950476770047
0.029298785715563366
0.029309628312901702
0.029328579459139997
0.029352704688678094
0.02938107661951514
0.029412421175898706
0.029437744592744647
0.029445514481977034
0.029437128427133027
0.029421481724341437
0.02940420247009478
0.029387229444331125
0.029371093543516802
0.02935617555459422
0.029343113712902685
0.029332667395788305
0.029325193442295238
0.029320336310472275
0.02931772984511969
0.029317729845624578
0.029320336310518225
0.0293251934422393
0.029332667395560785
0.029343113712674118
0.029356175554299042
0.029371093543333147
0.02938722944417205
0.029404202470069654
0.029421481724183622
0.029437128427264182
0.029445514481948747
0.029437744592454504
0.029412421176044996
0.02938107661977763
0.02935270468851009
0.029328579458976288
0.029309628313208665
0.02929878571603118
0.029297950476519542
0.0293071553163601
0.029325601009302024
0.02935154183838522
0.02938078181905683
0.029405238703985537
