0.930989230946161
0.930389485799127
0.9293766809102858
0.9279301689265161
0.9260195047965932
0.9236029857946311
0.9206257587532694
0.9170173809888426
0.912688676777326
0.907527705741036
0.9013946445531766
0.8941153873392369
0.8854737197559126
0.8752020674768404
0.862971154593937
0.8483795919624483
0.8309456905536869
0.8101060080164122
0.7852286029435691
0.7556536791529198
0.7207789351980798
0.6802072306158593
0.6339605359452156
0.5827221364182069
0.5279946171953201
0.47200538280380244
0.41727786358346153
0.36603946405530174
0.3197927693827454
0.279221064804535
0.2443463208439479
0.21477139705852605
0.18989399198080953
0.16905430944885738
0.15162040803143198
0.13702884540729185
0.12479793252486918
0.1145262802469062
0.10588461266130306
0.0986053554474755
0.0924722942623784
0.08731132322079808
0.08298261900956205
0.07937424124380563
0.07639701420451404
0.07398049520161865
0.07206983107129855
0.07062331909138256
0.06961051420115241
0.06901076905766267
