0.029405238703979104
0.029380781819059808
0.029351541838383222
0.029325601009300876
0.029307155316359655
0.02929795047651932
0.02929878571603084
0.02930962831320872
0.029328579458976343
0.029352704688510298
0.02938107661977743
0.029412421176044968
0.029437744592454566
0.02944551448194882
0.029437128427264238
0.029421481724183452
0.029404202470069633
0.02938722944417195
0.029371093543333032
0.029356175554299195
0.029343113712674097
0.029332667395560886
0.02932519344223944
0.029320336310519383
0.029317729845622524
0.029317729845120828
0.029320336310471772
0.029325193442295838
0.029332667395787757
0.029343113712902685
0.029356175554594095
0.029371093543516982
0.029387229444331274
0.02940420247009476
0.029421481724341596
0.029437128427132992
0.02944551448197682
0.029437744592744536
0.029412421175898797
0.029381076619515244
0.029352704688677816
0.029328579459140084
0.02930962831290118
0.02929878571556378
0.029297950476770005
0.029307155317992873
0.029325601009653465
0.02935154183557268
0.029380781824126782
0.02940523875323086
