0.013010680179422638	0.026015421022287464	0.038995760520989374	-0.051912636397393956	-0.06470471429426625	-0.07729208236169612	0.08958266951915853	0.10147897640378235	-0.1128835238927631	-0.12370254193882195	-0.13384789512993134	-0.14323761019094577	-0.15179543318043057	0.1594498865797694	-0.16613342694640898	0.1717824708141189	-0.17633948330493843	-0.17975885549488022	0.18201900556219275	0.18314343551136394	0.18323195642927625	0.18249728359832826	-0.18128881603611657	0.1800686988902299	0.179306209088441	-0.17930620907322914	-0.18006869889014995	-0.18128881604547684	-0.18249728358388614	-0.18323195645198018	-0.18314343549014128	0.18201900557491976	0.17975885546211956	0.17633948334334487	-0.17178247081347528	0.16613342690908384	0.15944988662215423	0.15179543318857788	-0.1432376102158768	0.13384789504396943	-0.1237025419768531	0.11288352390974113	-0.10147897634181695	-0.08958266953940315	-0.07729208232911018	0.06470471440103956	-0.05191263632264767	-0.038995760593137814	-0.026015420989695007	-0.013010680162883544
0.024848558859347884	0.049392523887218216	0.07330702857038185	-0.09623654478239113	-0.11779867940296641	-0.13759970414005845	0.15525572943404395	0.17041387826501192	-0.18276974058542117	-0.19207991375606337	-0.1981696714044394	-0.20093666606687524	-0.2003517343433392	0.19645785463674573	-0.18936824076947598	0.17926431493732578	-0.1663940693394667	-0.15107074604934387	0.13367079161396883	0.1146282036890909	0.09441945864428869	0.07353020246181248	-0.05239579142913945	0.03132090220735731	0.010412770295439454	0.01041277029429219	0.03132090220803731	0.05239579143202538	0.07353020245517028	0.09441945865726488	0.11462820367395515	-0.13367079162514642	-0.15107074601969667	-0.1663940693778559	0.17926431492970235	-0.18936824072820632	-0.1964578546915489	-0.2003517343585448	0.2009366661027487	-0.19816967127762924	0.19207991381967707	-0.18276974061000373	0.17041387815923914	0.155255729465782	0.13759970408099276	-0.11779867959467591	0.0962365446410801	0.07330702870718886	0.04939252382621417	0.02484855882945137
0.03653801111469739	0.07189609973491783	0.10489513126791519	-0.13437454606800586	-0.15923362964155516	-0.17849004125359277	0.191342587586143	0.19722614714744713	-0.1958508223723926	-0.18722254892098988	-0.17164544846794885	-0.14970820407620697	-0.12225734744299722	0.09036034220889926	-0.055260919319989714	0.01832826144959014	0.01899949360760622	0.05527841777235695	-0.0891310800001461	-0.11933100329038672	-0.1448996207612073	-0.16520535690409355	0.18003140670532528	-0.18955100820446816	-0.19415363000789823	0.19415362999153493	0.18955100820427234	0.18003140671456386	0.16520535689155094	0.14489962077738075	0.1193310032791306	-0.08913108000398282	-0.055278417766649976	-0.018999493607033867	-0.018328261434905763	0.05526091931124672	0.09036034223894836	0.12225734746061945	-0.14970820410445004	0.17164544836039428	-0.1872225489952737	0.19585082239230803	-0.19722614701930433	-0.19134258761519346	-0.1784900411742275	0.15923362989614162	-0.13437454586610814	-0.10489513146668085	-0.07189609964610476	-0.0365380110727127
0.048343367152700746	0.09382707456638996	0.13370889786729118	-0.16550206745540808	-0.18713620231176306	-0.19712190554769699	0.19468942020589367	0.17987570388217147	-0.15354507866876826	-0.11734095442853516	-0.07357493891586163	-0.025065558776451762	0.02505838129165828	-0.07357393636412034	0.11738438523721381	-0.15373000878303353	0.1803772379002632	0.19577543872733827	-0.1991706480515555	-0.19066316769029912	-0.17119048895902378	-0.14241135080298375	0.10647243542307215	-0.0656793107172887	-0.022177980633745462	-0.02217798063131316	-0.06567931071886202	-0.10647243542903972	-0.14241135079009978	-0.17119048898112085	-0.19066316766690602	0.19917064806713192	0.19577543869350675	0.1803772379366325	-0.15373000879105167	0.11738438520649346	0.07357393637818235	0.02505838128062472	0.02506555878347569	-0.07357493887514673	0.11734095449740592	-0.15354507867394596	0.1798757037540067	0.19468942021657357	0.1971219054552947	-0.18713620260497413	0.16550206720066596	0.13370889812599335	0.0938270744485203	0.048343367098735615
0.060031245609361135	0.11445790525783277	0.15813186347351804	-0.18681741909551466	-0.19761819683316006	-0.1893165299717355	0.1625598292768811	0.1198486892837191	-0.06531511298452382	-0.00431379080974225	0.05712485643130447	0.11291550150925848	0.1575428892314719	-0.18662427625292718	0.1973521580270009	-0.18877383479924512	0.16188030712621232	0.11949312739345755	-0.06595332095012073	-0.006631913995959352	0.05269901195750115	0.10656392893371283	-0.15042776956120746	0.18111019696375152	0.1968154169085241	-0.1968154168924268	-0.18111019696380096	-0.150427769568926	-0.10656392892642262	-0.05269901195933344	0.006631913989624467	-0.06595332095907368	-0.11949312736511859	-0.16188030716613358	0.18877383478893855	-0.19735215798330932	-0.18662427630166142	-0.1575428892323313	0.11291550152598442	-0.05712485638784286	-0.004313790850691492	0.06531511296867175	-0.11984868918340415	-0.16255982926065818	-0.18931652987632802	0.19761819712985476	-0.1868174187941222	-0.15813186378755656	-0.1144579051152036	-0.06003124554938989
0.0715409337076292	0.13345416396717516	0.17732605692175557	-0.19706878779208123	-0.18979668508642375	-0.15631529658942978	0.10110302828046752	0.03174771350263157	0.04209759688396089	0.11008527272477228	0.1626594919055692	0.19243122602717164	0.19523636227494057	-0.17072349443498663	0.1223897852397419	-0.05706324214434907	-0.016093031873928975	-0.0869135359964778	0.14571058279384597	0.18468352599403576	0.19902908692185034	0.18754029882305343	-0.15254512454318353	0.09919282915276027	0.03435790478069058	0.034357904776882796	0.09919282915579745	0.1525451245521452	0.1875402988053364	0.19902908694312813	0.1846835259753731	-0.1457105828049403	-0.0869135359926644	-0.0160930318657844	-0.05706324212254352	0.12238978522162788	0.1707234944838206	0.19523636228505406	-0.19243122605761814	0.1626594918024804	-0.11008527273343716	0.04209759691918037	0.03174771345716227	0.10110302824053624	0.15631529650187923	-0.18979668534586286	0.19706878744670858	0.17732605728522802	0.13345416381011407	0.07154093365408143
0.08275684719750956	0.15038084118496023	0.1904111996591243	-0.19532722470562966	-0.1640138281747436	-0.10209848137878798	0.02101621411883217	-0.06407704341973146	0.13716117771744704	0.18441731429232	0.19688928783592072	0.1722110199585276	0.11506082628195412	-0.03625836033081134	-0.049315000307348054	0.12556686930768854	-0.17826545370745184	-0.1977398021528908	0.18068165374916867	0.13068319349018662	0.05738286151354203	-0.025615257097934694	0.10356283470339957	-0.1633776591370732	-0.19567301286439076	0.19567301284918706	0.16337765913766755	0.10356283470914195	0.025615257098270523	-0.057382861527167844	-0.13068319347021687	0.1806816537665197	0.1977398021171546	0.17826545373878125	-0.12556686932639888	0.04931500028752896	-0.03625836034823086	-0.11506082630359407	0.17221101999082972	-0.19688928771871433	0.18441731434856115	-0.1371611777582193	0.06407704340181505	-0.02101621405430081	-0.10209848130724662	0.16401382836845183	-0.1953272243326094	-0.19041120006568094	-0.1503808410141657	-0.08275684715301419
0.09367571636054187	0.16506208567223146	0.19706698300977885	-0.1818680730686186	-0.1229027775365613	-0.03420912775294119	-0.06283963683558158	-0.1446822666778201	0.19134356710012454	0.19138006835729413	0.1447370011359834	0.06278713782928562	-0.034461075254612256	0.12328634289168214	-0.18208071172535328	0.19663447427971154	-0.163575109702638	-0.0911131880347539	-0.0030868882672756928	-0.09637408684885292	-0.1667675737733248	-0.19830191215214968	0.18459987032382819	-0.12975432669637738	-0.04659659686750303	-0.046596596862746455	-0.1297543267018604	-0.18459987033538103	-0.1983019121311176	-0.1667675737815182	-0.0963740868456348	0.00308688827108483	-0.09111318799675822	-0.16357510974871234	0.1966344742861553	-0.18208071169066406	-0.12328634290934343	-0.0344610752159476	-0.0627871378536776	0.14473700104602297	-0.191380068430631	0.1913435671260716	-0.1446822666138899	-0.06283963693305003	0.034209127702481995	-0.12290277765837955	0.18186807270220295	0.19706698345287865	0.16506208547247314	0.0936757163119697
0.10423635370045008	0.17723612269208766	0.19700944836265658	-0.15743096098062995	-0.07024389452356415	0.038289372169455556	-0.13523248743861385	-0.19100099311608543	0.18847851225728102	0.1283537932266792	0.028974281293024002	-0.07926431501387567	-0.16325616335913376	0.1973530893049994	-0.171215367855947	0.09292843752167092	0.013559954087759642	0.11586999574605229	-0.18316599129281458	-0.19555474014446597	-0.1499466306143332	-0.060548223510776815	-0.046032067990379864	0.13916310537822305	0.19299341420896884	-0.19299341419391705	-0.13916310537776466	-0.04603206799461597	0.060548223498309635	0.14994663063526756	0.1955547401261451	-0.18316599131672964	-0.11586999574322078	-0.01355995406334234	-0.09292843750701227	0.17121536783212252	0.19735308933860082	0.16325616332225634	-0.0792643150132927	-0.02897428126151048	0.12835379329221666	-0.1884785122587084	0.19100099302773865	0.1352324875562043	0.038289372190655334	0.07024389456869436	-0.1574309606450732	-0.1970094488322174	-0.17723612245670245	-0.1042363536447745
0.11440524154903285	0.18673121381334315	0.19025828683061888	-0.12350943925563873	-0.010997891504701908	0.10563097536410072	-0.1829742227292144	-0.19209813375612766	0.1294806461791878	0.0184524952393501	-0.09948285923057228	-0.18020403798230467	-0.19352850712695097	0.13451972635142592	-0.025291284878748595	-0.09334648973710227	0.17722097894103372	0.19531355136371858	-0.14122488190676438	-0.03528328757997999	0.08341972091195632	0.17186277379439982	-0.19889685266959528	0.15589934910587108	0.05871621736512595	0.05871621735984526	0.15589934910833453	0.1988968526810371	0.17186277378504464	0.08341972091324686	-0.035283287572895276	0.14122488193401783	0.195313551324794	0.1772209789531747	-0.09334648975187458	-0.02529128488587602	-0.13451972636778714	-0.19352850710731848	0.1802040380094031	-0.09948285920348802	-0.018452495269308075	0.12948064615557894	-0.1920981336726965	-0.18297422284707462	-0.1056309753485951	-0.010997891477745604	0.12350943897268359	0.19025828731466324	0.18673121353714967	0.11440524148540171
0.12413769436032716	0.19339189320366332	0.17702767791226148	-0.08213240561712794	0.04928728785023129	0.15875837415081917	-0.19735794840159496	-0.14770000510688147	0.03190451139717419	-0.09819165626177453	-0.18426363171019472	-0.18770881030488357	-0.10699939522316523	-0.021654146473593937	0.140607599341183	-0.19667708529720027	0.16494182170516275	0.05975353256766613	0.07194009524130424	0.17182620627788134	0.1962704738126521	0.13529927134872777	-0.01610291045217944	-0.10985359713657576	-0.18936108417708977	0.18936108416595188	0.10985359713934953	-0.016102910454903537	-0.1352992713383766	-0.19627047383452242	-0.17182620625567988	0.0719400952371494	-0.05975353252576806	-0.16494182173310018	0.19667708529497702	-0.14060759932016823	-0.021654146493122355	0.10699939524227092	-0.18770881035943948	0.18426363164303652	-0.09819165626936982	-0.03190451136500137	0.14770000504532463	0.1973579484780448	0.1587583740886263	-0.049287287951172674	-0.08213240538582135	-0.17702767839470854	-0.19339189290044806	-0.12413769430871811
0.13340031167641533	0.197123842479271	0.15777651316381658	-0.035804443241960915	0.10494402995669802	0.1905155664744288	-0.17576090944504572	-0.06832450313952208	-0.0751751381253348	-0.17895660423815923	-0.18815755303822065	-0.09790523016014908	0.04408978183181473	-0.16279878419865054	0.19557343616507994	-0.12521359258274392	-0.011089321876958642	-0.1415788333210553	0.19789091279351634	0.15091510758604482	0.025576017954808246	-0.1129825414181782	0.1938397531118763	-0.17656994117102565	-0.07062336800522181	-0.07062336800521656	-0.17656994117145222	-0.19383975311511295	-0.11298254141240241	0.025576017962154803	0.1509151075572178	-0.1978909128184644	-0.14157883332588275	-0.011089321863551141	-0.12521359255976885	0.19557343615563152	0.16279878424418567	0.04408978177691357	0.09790523022208072	-0.1881575529612611	0.17895660427801766	-0.07517513815282426	-0.06832450310874247	-0.1757609094510254	-0.19051556636798178	0.10494403012356639	0.03580444306601224	0.15777651363070921	0.19712384215999443	0.13340031165352864
0.14215656024015472	0.1978680668745639	0.13315700044659243	0.012682662220915046	0.15074738263361928	0.19662554432754492	-0.1221162887816454	0.02723518833113547	-0.15985995033520972	-0.1943316045686052	-0.10945191745750642	0.0426560855612163	0.16857253219123605	-0.1910047892255454	0.09624179131136697	0.05753790051054891	-0.17611649796011553	-0.1870664845012192	0.08393327836278525	-0.07027671091337287	-0.1820721641899904	-0.1844477431659792	0.07668356416872607	0.07661197737516379	0.18493299553170534	-0.18493299552089926	-0.07661197737819593	0.07668356417160911	0.18444774315361037	0.18207216420964725	0.07027671091228278	0.08393327839001423	0.1870664844622354	0.17611649797430093	-0.057537900539019866	-0.09624179132335206	-0.1910047892695997	-0.16857253213393952	0.042656085519893784	0.10945191740630794	-0.19433160462984692	0.1598599503457728	-0.027235188327687888	0.12211628870563485	0.19662554418835645	-0.15074738284853376	0.012682662334156495	-0.13315700088545893	-0.19786806654709677	-0.14215656025962597
0.15037374257684336	0.1956141093907115	0.10400744942603765	0.06040485885187705	0.18239838808428913	0.17626842026849496	-0.046208178192134054	0.11634402216278815	-0.19691694526383452	-0.13869761596088823	0.017301839893903947	0.16110296738171812	0.19133195360947336	-0.086709787711519	-0.07901484782925841	0.18915117737112683	-0.16629298935787587	-0.026634210629470443	-0.1317784233040529	-0.19820557392019467	-0.12667388679636477	0.032740345429327126	-0.16986555314721222	0.1909932902299234	0.08225671834521484	0.0822567183458569	0.19099329022833464	0.16986555314874183	0.03274034543347429	-0.12667388681659544	-0.19820557389470547	0.1317784233056235	-0.026634210592568822	-0.16629298938694292	0.1891511773727941	-0.07901484780568505	0.0867097877227446	0.19133195359002986	-0.16110296738428623	0.017301839894240556	0.13869761602938904	-0.19691694524703135	0.11634402212545603	-0.04620817803877973	-0.17626842011272942	0.18239838832631938	-0.06040485889498985	0.10400744983020198	0.19561410906163684	0.15037374264565084
0.15802027471805155	0.19039545298066013	0.07131893692727759	0.10448456325880041	0.1969253736989542	0.13218384010610343	0.03812449235348057	0.17789859169462244	-0.17530510775518632	-0.032382197108206924	0.13646114258870926	0.19602894132781742	0.09863325624844044	0.07773704208708943	-0.19193431278700537	0.15265783229326282	0.008628858936807536	0.16311820685085102	-0.1877327166676093	-0.06309774240323397	0.11173729542345041	0.19869037688552865	-0.12977562121464534	-0.04064513283308165	-0.17976157276420315	0.17976157275095586	0.04064513283385529	-0.1297756212158188	-0.1986903768754008	-0.11173729543477098	0.06309774238536299	-0.1877327166997317	-0.16311820684290507	-0.008628858917149491	-0.15265783225491225	0.1919343127680971	0.07773704211874367	-0.09863325628273731	0.19602894137886245	-0.13646114253874309	-0.03238219717003684	0.17530510771157787	-0.17789859162647262	-0.03812449256044101	0.13218383994914756	-0.19692537394287885	0.10448456322915901	-0.07131893728963573	-0.1903954526560267	-0.1580202748413748
0.16506740196124	0.18229160340100362	0.03620405402412326	0.14226319159750297	0.19296437479110878	0.07030601224896564	0.11550626867803934	0.19732146947616774	-0.10146436396561521	0.08576545022068087	0.19571485168406277	0.1293264981875211	-0.053585200131265824	0.18825663037124196	-0.15343253252675107	-0.019507398267167617	0.17498317571428904	0.17331203281782045	-0.016093607720453536	0.1557466082361784	0.1887161680181385	0.05369361596393134	0.12930144430521753	-0.1986466406096811	-0.09356607101332491	-0.09356607101675675	-0.19864664059937082	-0.12930144430049068	0.0536936159476286	0.18871616804600935	0.1557466082348808	0.016093607747502153	0.17331203278340065	0.17498317572107328	-0.019507398311280753	-0.15343253251728706	-0.18825663041394386	-0.0535852000697375	-0.12932649825602532	0.19571485161637117	-0.08576545018716179	-0.10146436391975297	0.197321469395208	0.11550626888930048	-0.07030601211128122	0.19296437499773023	-0.14226319149519565	0.03620405431875354	0.18229160308256312	0.16506740215946827
0.17148830623249228	0.17142525122966984	-0.0001425647745611605	0.17146241078266644	0.17088708582879034	-0.0010358818497694434	0.17182892193695468	0.1700126517939595	0.0026058885194371853	0.17257404047834518	0.1690509847500744	-0.004423724228125322	-0.17346821823529485	0.16817984149282503	0.0061158599772785606	-0.17433555471858006	0.1676127544742566	-0.007273912695930951	0.17505665328784953	0.167901350628411	-0.006953084264007682	-0.17533294257801552	0.17018980995873137	0.003234905781785093	0.1738757808707731	-0.17387578085349373	-0.0032349057848479563	0.17018980994746716	0.1753329425720708	0.00695308426011454	-0.16790135061670575	0.1750566533039378	0.007273912709772089	-0.16761275451132968	0.17433555472492754	-0.006115859976657471	0.16817984150105336	0.17346821818578564	-0.004423724190865555	-0.16905098469818958	0.1725740404942555	-0.0026058885375297085	-0.1700126517336312	-0.17182892209917067	-0.001035881940752327	-0.17088708596073912	0.17146241060860945	0.00014256458330393263	-0.17142525091234914	-0.1714883065322482
0.17725865752332393	0.15796109647103157	-0.036484327585337595	0.19032142714038475	0.13276636239272377	-0.0722383080954223	0.19682350218237274	0.10243962669512528	0.10589976715985212	0.19632369663129778	0.06817512394102598	-0.13588042742682965	-0.1886726040361123	0.0314340332457904	0.16083935746454517	-0.17422544181400434	-0.006164492816219948	-0.17985260891020285	0.1539810247441309	-0.04276432202507496	-0.1925769496787449	-0.12996597136683954	-0.07610658619450587	0.19925552258406398	0.10450549306902256	0.10450549308663158	0.19925552257780677	0.07610658619664296	-0.12996597132631352	-0.19257694969109332	-0.04276432204725182	-0.15398102478231143	-0.17985260890053228	-0.006164492760652891	-0.17422544181149244	0.1608393574570994	-0.03143403322326566	-0.18867260400629574	0.1358804274286516	0.06817512389016407	-0.19632369666809008	0.10589976715317699	0.1024396266723952	0.19682350229258605	0.07223830813004382	0.13276636247045495	-0.1903214269171431	-0.03648432749385766	0.1579610961475037	0.17725865790067422
0.18235653732899196	0.14210314050613038	-0.07158481515383407	0.19770292689068086	0.08218109314594813	-0.13371668339831	0.18593292602731756	0.010605696473110066	0.17764264982438352	0.14833621986682807	-0.06262905678125559	-0.1968918208635359	-0.090023321669428	-0.12711815528036025	0.18867279257263242	-0.01927483265166443	-0.17382153380641313	-0.15445210800464834	-0.053769938579701845	-0.1966779880421475	-0.09997483978070043	0.1187959992501538	-0.19397759350012794	0.03429048307100875	-0.1673009955631257	0.16730099553995356	-0.03429048306816213	-0.19397759348700314	-0.1187959992786198	0.09997483978400806	0.1966779880696043	-0.05376993857340819	0.1544521080020261	0.1738215337694494	0.019274832685411164	-0.18867279255260944	-0.12711815527287937	0.09002332165839325	-0.19689182087090654	0.06262905686199269	0.14833621987052045	-0.17764264984382308	-0.010605696451838635	-0.18593292611404266	-0.13371668339374101	-0.08218109323428496	0.19770292664669112	0.07158481508794431	-0.14210314019560855	-0.18235653771736873
0.18676262339004707	0.12409172349285084	-0.10424979465419608	0.19316174819895487	0.02388038277718663	-0.17719541445455556	0.141142832943083	-0.08373997833428333	0.19645990322370727	0.04614631599268961	-0.16593956832387893	-0.15582751235097414	0.06295006775721551	-0.1974864633976701	0.06765758063110493	0.1528060544664427	-0.16890745775228355	0.04096692268006921	-0.1963341372391329	-0.08958206269877897	0.13706621935950272	0.18164384532298156	0.015476887212863125	-0.1927975414657243	-0.11503136054267331	-0.1150313605501015	-0.19279754145874828	-0.015476887206511443	0.18164384530635078	0.13706621936798877	-0.08958206269003781	0.19633413727183718	0.04096692268831746	-0.16890745775737992	0.15280605441059736	0.0676575806302806	0.19748646336304124	0.06295006773483597	0.15582751235613576	-0.16593956841795787	-0.04614631593503817	0.19645990326585716	-0.08373997837217173	0.14114283299939462	0.1771954144222899	0.023880382902725976	-0.1931617479601691	-0.1042497945828427	0.12409172320988501	0.18676262376334793
0.19046019663085378	0.10419979109592692	-0.13336791385874144	0.1769717408275947	-0.03666230997831665	-0.19682181962481793	0.07061940830688765	-0.1582534421622938	0.15674523111083238	-0.07290558679700199	-0.1964038940626371	-0.03397669145311815	0.17793652304795807	-0.1308553010105557	-0.10673439849336365	0.18908261667884585	0.0036990373046446273	0.19129014609981107	-0.10087732413171661	0.13639743485151778	0.17608053575062954	-0.0397785173881174	0.19881501640632734	-0.07059977918844816	0.1600637665643759	-0.16006376655574256	0.07059977918440219	0.1988150163975309	0.03977851739679369	-0.17608053575980334	-0.1363974348588888	-0.10087732415240326	-0.1912901460969007	-0.0036990372960336833	-0.18908261663567222	0.10673439850185172	-0.13085530097249057	-0.17793652301909021	-0.0339766914717159	0.1964038941527255	-0.07290558688339005	-0.15674523117907874	0.1582534422085072	-0.07061940831708573	-0.1968218195538789	0.03666230982001487	0.17697174058856008	0.13336791377057344	-0.10419979085217898	-0.1904601970015745
0.19343523106173	0.08272878988296181	-0.15794850205717367	0.15010926943867398	-0.09376301864094286	-0.18995397284571022	-0.01277943661692976	-0.19528763291778523	0.07033097057512641	-0.16531760176909246	-0.14064840927350553	0.10548885712339914	0.18554804437742112	0.026552217310222538	-0.19692096459456565	0.057314505374184144	0.17263311520758481	0.13104401735312105	0.1168756666457185	0.18136513536595178	-0.03929797951941088	-0.198948038405648	0.04666473074936294	0.17950153675748518	0.12510191912467136	0.12510191912042087	0.1795015367713	-0.04666473075200563	-0.1989480384145556	-0.03929797951569754	0.18136513537120416	-0.11687566664135988	0.13104401734711513	0.17263311518293842	0.05731450537612159	-0.1969209645926737	-0.026552217341144647	0.18554804434534736	-0.10548885711906156	-0.14064840930967673	0.16531760187343236	0.07033097065162909	-0.1952876329880978	-0.01277943664992424	0.18995397276843645	-0.09376301844789264	-0.15010926922156034	-0.15794850192858742	0.08272878969598757	0.19343523141296154
0.19567643828267806	0.06000409474032056	-0.17715526269579276	0.11419430369793553	-0.14206093117423027	-0.15751635417598925	-0.0938483223959663	-0.18607171920086563	-0.03703720985494075	-0.19732214544963625	-0.02314934073548664	0.19026523485722768	0.08119149463609282	0.165540041562379	-0.13175171048614792	-0.12539112097398086	0.17017590544090144	-0.07345342459458928	0.19293724102702614	-0.014355172905391423	-0.19790064969901036	-0.04676650062151276	-0.18422948264000202	0.10440509150944012	-0.15219288113543958	0.15219288113602908	-0.10440509150812527	-0.18422948263706293	0.0467665006245555	0.19790064970579024	0.014355172903361874	0.1929372410406271	0.0734534246017034	-0.17017590541930147	0.12539112093694535	0.13175171047407372	0.16554004156947033	-0.08119149462918576	0.19026523487527383	0.023149340705746	-0.1973221455432499	0.03703720979301947	0.1860717192746628	0.09384832246086557	-0.15751635410579623	0.14206093095771907	0.11419430351652374	0.17715526253168634	-0.060004094614966356	-0.19567643861774936
0.19717531683267572	0.03637008267808057	-0.19033472925470127	0.07139273174499496	-0.1770216762132857	-0.10387540627058078	-0.1578066627716976	-0.13278830892175383	-0.13337077997733765	-0.1572246838106744	0.104512109954156	0.17640134376208577	-0.07215967402384736	0.18969015493710378	0.03735971814611622	-0.1966570505439392	-0.0012330700240831792	-0.19709442482245784	0.0350959925673205	-0.19102485693423193	-0.07058583066996195	0.17860400210893954	-0.10424747961073896	-0.1598390324968759	-0.13467728046828656	-0.13467728047244043	-0.1598390325001977	0.10424747960943646	0.17860400210958152	-0.07058583066645432	-0.19102485693512983	-0.03509599257501117	-0.19709442482805142	-0.001233070023073854	-0.19665705050944818	0.03735971815841625	-0.18969015492256605	-0.07215967399447676	-0.17640134379814346	0.10451211003447386	0.15722468387152164	-0.1333707799506409	-0.13278830897951333	-0.15780666285212192	0.10387540622189718	-0.17702167598531748	-0.07139273161548151	-0.19033472905913096	0.03637008262076896	0.1971753171508224
0.19792618024185393	0.012184909499431571	-0.19703850046712537	0.02428574601946218	-0.19536301943759696	-0.03625175575092801	-0.19299349139950026	-0.048056548521085755	-0.18996878182549765	-0.05967693040588255	0.18629354101052067	0.07108471710868057	-0.1819664362427035	0.08224924655621538	0.17699714033014816	-0.09314663553013404	-0.17141784870172327	-0.10377679306540885	-0.16529303621295194	-0.11418721455588601	0.1587080574987774	0.12446158850521219	0.15164589985020221	-0.1345073983778041	0.1437195351679094	-0.1437195351682913	0.1345073983804282	0.1516458998507164	-0.12446158851207664	-0.15870805751398348	0.11418721455698255	-0.165293036224689	0.10377679305603395	0.1714178486747278	0.093146635518372	-0.17699714032462502	0.08224924653570617	0.18196643619146982	0.07108471715048588	-0.18629354110870988	-0.059676930424092604	0.18996878184702798	0.0480565485493911	0.19299349148312078	-0.036251755727311416	0.1953630192166651	0.0242857459428883	0.1970385002452805	-0.01218490950892782	-0.19792618054259006
0.19792618001414383	-0.012184916757500925	-0.19703849677676666	-0.024285817077631302	-0.19536301157534183	0.03625175549334052	-0.19299350253665568	0.048056478225048035	-0.18996879549462312	0.0596769223189596	0.18629353150704628	-0.07108475644787139	-0.18196642495333554	-0.08224924883785704	0.17699714911270215	0.09314661452845979	-0.17141785367196063	0.10377680128016463	-0.1652930254392787	0.11418722447320676	0.1587080599284544	-0.12446157874687788	0.1516459047697796	0.13450739936329317	0.1437195334646647	0.14371953346356423	0.13450739936419798	-0.15164590476695355	-0.124461578736842	0.1587080599417213	0.11418722447158067	0.1652930254665545	0.10377680130489579	-0.17141785364554318	0.09314661452229756	0.1769971490816604	0.082249248848614	-0.1819664249051657	0.07108475640858912	0.18629353158192777	-0.05967692233264754	-0.18996879556473087	0.04805647822957737	-0.19299350261507422	-0.03625175550007067	-0.1953630113831207	0.024285817116214296	-0.19703849653466488	-0.012184916694502217	0.1979261802945766
0.19717531629958604	-0.03637008988812759	-0.19033471834932925	-0.07139279852271715	-0.17702165329767527	0.10387540592699497	-0.15780669408764403	0.13278825491711005	-0.13337081696304323	0.15722467850139324	0.10451208563602528	-0.17640136276076265	-0.07215964684827905	-0.18969015602276865	0.03735973737934037	0.19665704823033842	-0.0012330800909233614	0.1970944239966812	0.035096011729871285	0.1910248535588069	-0.07058582694696827	-0.1786040079633594	-0.10424747322282507	0.15983903149232365	-0.13467728213782434	0.13467728215689848	-0.1598390314550574	-0.10424747320150814	0.17860400794413503	0.07058582691276682	-0.19102485357654286	0.03509601169797201	-0.19709442404939748	0.0012330800748860777	-0.1966570482355265	-0.03735973730600216	-0.1896901560074772	0.07215964680706352	-0.17640136270295897	-0.10451208566261184	0.15722467850402777	0.13337081709392498	-0.1327882549455255	0.15780669418199234	0.10387540594707663	0.17702165316643279	-0.07139279856982178	0.19033471808290411	0.03637008980997663	-0.1971753165276833
0.19567643814941127	-0.06000410157923116	-0.1771552451339258	-0.1141943618195256	-0.14206089496135296	0.1575163533538456	-0.09384836778032724	0.18607169412435395	-0.037037258992896484	0.19732214487352603	-0.02314936905168634	-0.1902652239530944	0.08119152149570476	-0.1655400406983905	-0.13175169623092725	0.12539113956751496	0.170175900428022	0.07345341576065581	0.19293724496231085	0.014355161198956919	-0.1979006499066199	0.04676648874381512	-0.18422948518238713	-0.10440509290583622	-0.15219287983007965	-0.15219287985380592	-0.10440509291971321	0.18422948518895965	0.046766488769529	-0.19790064988583395	0.014355161201582646	-0.1929372449410293	0.07345341580008025	0.17017590041454334	0.1253911395939637	-0.13175169630791284	0.16554004066995584	0.08119152152367326	0.1902652238851967	-0.02314936908159176	-0.19732214484658825	-0.03703725916886146	0.18607169416354247	-0.0938483678961462	-0.15751635340890052	-0.1420608949100138	0.11419436190978867	-0.17715524484199907	-0.060004101516345706	0.19567643830021508
0.19343523186762548	-0.08272879616411694	-0.15794847854205832	-0.15010931515041123	-0.09376297220405104	0.1899539711856271	-0.012779487600110518	0.19528764257359305	0.07033092408130172	0.16531760612701132	-0.14064842915207237	-0.10548882224333285	0.18554805509617966	-0.026552214968544197	-0.19692096671752318	-0.057314482074954334	0.17263312055608313	-0.1310440243408531	0.11687565016966135	-0.18136513922193592	-0.03929798326767437	0.19894803934202387	0.04666472395922445	-0.1795015360153323	0.12510192101268477	-0.12510192100048745	0.17950153603965108	0.046664723962442825	-0.19894803936465685	0.03929798323918621	0.18136513922084244	0.11687565015603035	0.1310440243161647	-0.1726331205355758	0.05731448202508104	0.19692096676687085	-0.02655221494731085	-0.18554805512421887	-0.10548882218122965	0.1406484292304453	0.1653176060677165	-0.07033092389374865	-0.195287642600253	0.012779487734034823	0.18995397127970334	0.09376297224260932	-0.15010931530189883	0.1579484782323585	0.08272879613648458	-0.19343523192974485
0.19046019871852182	-0.1041997966349736	-0.13336788504679786	-0.17697177107128376	-0.036662257294469376	0.19682181723667527	0.07061936150473	0.1582534842101276	0.15674520101735853	0.07290559503544497	-0.1964038969169218	0.03397673219046985	0.17793651109349579	0.13085530311931387	-0.10673441579348805	-0.18908260960710047	0.0036990475999268643	-0.1912901425419009	-0.10087734079530548	-0.13639742556184456	0.17608053504675292	0.03977852945670123	0.19881501701272153	0.07059977933666824	0.16006376544105289	0.16006376546586476	0.07059977934978988	-0.19881501701901347	0.0397785294336863	0.1760805350288905	-0.13639742556268078	0.10087734077023004	-0.19129014257169072	0.0036990476005186817	-0.18908260959696685	-0.10673441577073564	-0.13085530313622593	0.1779365110897812	-0.03397673222257756	-0.19640389698454896	-0.07290559497982525	0.1567452008459121	0.15825348423621094	0.07061936136022938	-0.19682181738629556	-0.03666225741238635	0.1769717713032727	-0.13336788470911365	-0.10419979666778784	0.19046019866990715
0.18676262634307622	-0.12409172846267659	-0.10424976106098616	-0.19316176133616647	0.023880436918359085	0.17719541207779388	0.14114279920593817	0.08374004278153607	0.1964598982601595	-0.046146306293612084	-0.16593955329587504	0.15582753785330092	0.06295004003785293	0.19748646307398074	0.06765756133703721	-0.15280607031332882	-0.16890745368699653	-0.04096691153548188	-0.1963341333976795	0.08958207219166359	0.13706622348504946	-0.18164384141527828	0.015476894074102734	0.19279754045477018	-0.11503136231089427	0.11503136230147629	-0.19279754047578376	0.015476894072879667	0.18164384143953327	-0.1370662234497111	-0.08958207218613815	-0.19633413337392697	0.04096691158701012	0.16890745367788146	0.15280607034179006	-0.06765756141907826	0.1974864630621084	-0.06295004000444396	0.1558275378287807	0.16593955333213148	-0.04614630631644066	-0.19645989816874665	-0.08374004280322683	-0.14114279907820837	0.17719541224801905	-0.02388043673688748	-0.19316176161111004	0.10424976070531673	0.12409172855785025	-0.18676262621254808
0.18235654035586063	-0.14210314528601034	-0.07158477741089388	-0.1977029228726989	0.08218114407946693	0.13371668146368007	0.18593291096095066	-0.01060562424702783	0.17764267175789503	-0.14833621259089413	-0.06262903025172922	0.19689181748605156	-0.09002334766564644	0.12711815302788015	0.1886727869956093	0.01927480933801998	-0.17382153919791452	0.1544521139498546	-0.053769920378828925	0.19667798629140743	-0.09997483723016126	-0.11879600848316973	-0.19397759097436515	-0.03429048311123072	-0.16730099540770071	-0.16730099542377821	-0.03429048312034064	0.19397759097358944	-0.11879600847914004	-0.09997483722775644	0.19667798629573485	0.05376992037908468	0.1544521139391554	-0.1738215391821976	0.01927480930006531	0.18867278706691587	-0.12711815300537138	-0.09002334770542149	-0.1968918174246569	-0.06262903024038283	0.14833621257741791	0.1776426717672648	-0.010605624235735916	0.18593291086338298	-0.1337166816268654	0.08218114384983426	0.19770292316283183	-0.07158477705035966	-0.14210314544527375	0.18235654016231126
0.17725866051933245	-0.15796110069559408	-0.036484287361530254	-0.19032140660295543	0.1327664058185388	0.07223830633806408	0.19682350802530885	-0.10243956319999838	0.1058998101706961	-0.19632369526967963	0.06817515137498407	0.13588039561212403	-0.18867261110880648	-0.03143403417385253	0.16083937182708744	0.17422543364201604	-0.006164500487952867	0.17985260144284668	0.15398103370192792	0.04276431270055791	-0.19257695341676953	0.12996596424924256	-0.07610659165520231	-0.19925552125632895	0.10450549477365216	-0.10450549477148763	0.19925552126764098	-0.07610659165458843	-0.12996596425974521	0.19257695338238623	-0.04276431271236718	0.1539810336896423	-0.179852601484557	0.0061645004682352195	-0.17422543363177995	-0.16083937183589708	-0.0314340341734515	0.18867261112761607	0.13588039555322148	-0.06817515142785607	-0.1963236952231933	-0.10589981025528658	0.10243956320777997	-0.19682350796849468	0.07223830647788392	-0.1327664055661565	-0.19032140690122182	0.0364842870163803	0.15796110091254448	-0.17725866026215234
0.1714883099123594	-0.1714252549583092	-0.00014252318900430475	-0.1714623738947159	0.17088711705887852	0.0010358806792778671	0.1718289484998785	-0.17001261293595063	0.002605939442690508	-0.17257404453661293	0.169050999522542	0.004423681567841923	-0.1734682035071744	-0.16817984258869087	0.0061158811378716985	0.17433556746696013	0.16761275013240934	0.007273901949315662	0.17505664335223983	-0.16790135650209392	-0.006953087389988466	0.17533294787565704	0.1701898049345473	-0.0032349066115566188	0.1738757814565968	0.1738757814695085	-0.003234906606213027	-0.17018980493328428	0.17533294788288548	-0.006953087371774234	-0.16790135650509916	-0.17505664333518314	0.007273901992672517	0.16761275012928198	0.17433556749770743	0.006115881095028208	0.16817984256700327	-0.17346820349747782	-0.004423681532841287	0.16905099958875308	0.17257404446343336	0.0026059395630725715	-0.17001261296552203	0.17182894849693203	-0.0010358807808834292	0.1708871168149931	0.17146237419279578	-0.0001425228846872215	-0.17142525521693996	0.17148830959193315
0.16506740639067896	-0.18229160668706412	0.03620409573443903	-0.142263140119298	0.1929643899290703	-0.07030601120477424	0.11550631304674974	-0.1973214669637905	-0.10146432351487111	-0.08576545443438702	0.1957148432875431	-0.12932652541809836	-0.053585176890100124	-0.1882566352967407	-0.15343252523678724	0.01950741706116786	0.17498317562138782	-0.17331203203358023	-0.01609362226361334	-0.15574660470145404	0.18871617169540453	-0.05369360768723191	0.12930144760261242	0.19864663861752746	-0.09356607238981594	0.0935660723936126	-0.19864663862124535	0.12930144760090861	0.05369360769019128	-0.18871617168303167	0.1557466047250432	-0.016093622268053994	0.17331203203435014	-0.17498317559277143	-0.019507417110196535	0.15343252528015658	-0.18825663526822745	0.053585176856834595	-0.12932652542258416	-0.1957148433358302	-0.08576545435384789	0.10146432340504315	0.19732146701466832	-0.11550631310221643	-0.07030601115261102	-0.1929643897180705	-0.1422631404034504	-0.03620409597193333	0.18229160696979507	-0.16506740601444558
0.15802027910130145	-0.19039545548516426	0.07131897689259425	-0.10448450191832157	0.19692537297719687	-0.13218383809405715	0.03812454450387766	-0.17789862330887485	-0.17530508759412886	0.032382192360873384	0.13646111748057213	-0.19602894195149775	0.09863327603224109	-0.07773704555182608	-0.19193432280073647	-0.15265782226896626	0.008628864268141578	-0.16311819649246945	-0.18773271931678126	0.0630977511710493	0.11173730036930973	-0.19869037820278584	-0.12977561503176901	0.04064513314427157	-0.17976157349471844	-0.17976157350566668	0.04064513313953517	0.12977561503017052	-0.19869037821464627	0.11173730034966585	0.06309775115748811	0.18773271929804636	-0.16311819652957313	0.008628864243756217	-0.15265782224717475	-0.19193432281077516	0.07773704553372322	0.0986332760718539	0.1960289419266342	0.13646111749541628	-0.032382192413944695	-0.1753050875283202	-0.1778986233675935	0.038124544603304195	0.1321838380951377	0.1969253728099443	0.1044845021665854	0.07131897705238935	-0.19039545578667563	0.1580202786835016
0.15037374532484357	-0.19561410781872982	0.10400748137798987	-0.06040479748084751	0.1823983783813529	-0.17626842492112976	-0.04620813575514811	-0.11634407220963025	-0.19691694360604445	0.1386976050691623	0.017301816304727213	-0.1611029479460132	0.19133196408786404	0.08670979352234177	-0.07901486218141064	-0.18915118042748774	-0.16629298002311182	0.02663421587021392	-0.1317784137507491	0.1982055786736176	-0.12667388952129138	-0.03274035289656308	-0.16986555349466995	-0.19099328763861245	0.08225671953194708	-0.08225671953356191	0.1909932876362171	-0.16986555349036292	0.03274035290047754	0.1266738895203672	-0.1982055786869588	-0.1317784137256941	-0.026634215844505156	0.16629298001940784	0.1891511804509998	0.07901486215616986	0.08670979351915982	-0.19133196411574405	-0.16110294790681495	-0.01730181628477263	0.13869760507180814	0.19691694359787096	0.11634407225693615	0.046208135632895615	-0.17626842497114306	-0.18239837826360641	-0.060404797671951636	-0.10400748145909344	0.19561410813835226	-0.1503737448801771
0.14215656182051353	-0.19786806130111714	0.1331570230447385	-0.012682604295147178	0.15074736435097394	-0.19662555478160904	-0.12211626363835189	-0.027235245257228764	-0.15985996786117995	0.19433159152930338	-0.10945192911722189	-0.04265605651830526	0.16857252782394624	0.1910048010975292	0.09624178479128986	-0.05753791264151618	-0.1761164923487724	0.1870664775829067	0.08393328730539865	0.0702767068798132	-0.1820721720521059	0.1844477422816571	0.07668355905382904	-0.07661197590944233	0.1849329953539413	0.18493299536437	-0.07661197590502013	-0.07668355905269347	0.18444774229227548	-0.18207217203309944	0.07027670689876606	-0.08393328730675331	0.1870664775977273	-0.17611649232420193	-0.05753791268330058	0.09624178482958692	-0.19100480107593007	0.16857252783016213	0.042656056488128015	-0.10945192916263248	-0.19433159148551013	-0.15985996790515505	-0.02723524527712938	-0.12211626351280748	0.1966255548696269	0.15074736428709581	0.012682604414259046	0.13315702304943727	-0.19786806163746407	0.14215656136334678
0.13340031241109504	-0.1971238333826763	0.15777652607742412	0.03580449502851322	0.10494400341506437	-0.19051557937978117	-0.17576090381632792	0.06832445003378895	-0.07517517293993023	0.1789565977532049	-0.1881575519776044	0.09790525809904342	0.044089760974062725	0.16279878951507967	0.1955734382802682	0.12521357830188648	-0.011089328844079687	0.1415788248691548	0.19789091300225817	-0.15091511713729558	0.025576017806729207	0.11298254724654633	0.19383975089434985	0.17656993842980823	-0.0706233691377597	0.07062336914066124	-0.17656993842706672	0.19383975089003333	-0.11298254725622685	-0.025576017815208282	0.15091511714019315	0.19789091297875588	-0.1415788249053992	0.01108932882654278	-0.1252135782801998	-0.195573438301108	0.16279878949196827	-0.0440897609606187	0.09790525810298926	0.1881575520304764	0.17895659768765013	0.07517517301594351	-0.06832445004908524	0.17576090370369477	-0.19051557948883602	-0.10494400340579528	0.035804494988019187	-0.15777652600922887	0.197123833733766	-0.13340031195642404
0.12413769432087458	-0.19339188107550107	0.17702768126043175	0.08213244875277502	0.049287254672416105	-0.158758386448794	-0.1973579617314632	0.14769996672114077	0.03190446774744139	0.09819166094163795	-0.18426362077498026	0.18770882499861102	-0.10699942224634197	0.021654139381480086	0.14060760637041944	0.19667707969580606	0.16494180756566543	-0.05975353208783058	0.07194008749134616	-0.17182620955526712	0.1962704820833018	-0.13529926814797327	-0.01610290634169873	0.10985359486761483	-0.1893610840743781	-0.18936108408513283	0.1098535948640687	0.016102906341235918	-0.13529926815526871	0.1962704820699083	-0.17182620957442368	-0.07194008747230626	-0.059753532072833945	0.16494180755811977	0.1966770797069786	0.14060760635859962	-0.021654139376679093	-0.10699942226873801	-0.1877088249753689	-0.18426362081525346	-0.09819166088667354	0.03190446766516957	0.14769996676802585	-0.19735796164405567	0.15875838655975227	0.049287254714647184	-0.08213244879057918	0.17702768112517805	-0.19339188143779673	0.12413769388181241
0.11440524111482885	-0.1867311996324515	0.19025828168498427	0.12350947268600086	-0.010997930207212315	-0.10563098281007959	-0.18297424943666663	0.1920981156182643	0.12948060280911364	-0.018452476848624486	-0.09948284787425277	0.18020403672580762	-0.19352852889863362	-0.13451974561072705	-0.02529128299042086	0.09334649341559786	0.17722096764180995	-0.19531353906293955	-0.14122488535053815	0.03528329242088231	0.08341972771039198	-0.17186277967111066	-0.19889685011559027	-0.15589934744620904	0.05871621876446817	-0.058716218768367204	0.15589934744246842	-0.19889685010969216	0.17186277968460018	-0.08341972769844873	-0.0352832924126509	-0.1412248853443005	0.19531353908772553	-0.17722096761760275	-0.09334649343738374	0.025291283025885215	-0.13451974558962607	0.1935285289150703	0.18020403668925558	0.09948284788990663	-0.01845247686612449	-0.1294806027460099	-0.19209811568584442	0.18297424938256182	-0.1056309829033373	0.010997930121542982	0.12350947279649546	-0.19025828149096155	0.1867312000003394	-0.11440524070191119
0.10423635302942781	-0.17723610702214707	0.1970094355342295	0.15743098363053454	-0.07024393624523179	-0.03828937248180096	-0.1352325210846192	0.19100099759095582	0.18847847993184022	-0.12835376559974493	0.02897428573020285	0.07926430097985594	-0.16325616936962986	-0.1973531099509254	-0.17121537500550096	-0.09292843006733081	0.013559954717014903	-0.11586998317496298	-0.18316598454102537	0.19555474525580155	-0.14994663384313767	0.060548216603743564	-0.04603207226657444	-0.13916310363516052	0.19299341503924355	0.19299341504804898	-0.13916310362745007	0.04603207226408268	0.06054821660215073	-0.1499466338306757	0.19555474526914993	0.1831659845243239	-0.11586998321443848	0.013559954700007213	-0.09292843006535326	-0.17121537504023127	0.19735310991562807	-0.16325616936761445	-0.07926430094820053	0.028974285739175883	0.1283537655670074	0.18847847990288227	0.1910009976651769	-0.1352325210718739	0.038289372543355564	-0.0702439361301399	-0.15743098380844192	0.1970094352938772	-0.17723610738485263	0.10423635264643395
0.09367571610094254	-0.1650620698021583	0.19706696422527384	0.18186808520387313	-0.12290282054768699	0.03420913739809351	-0.0628396681187544	0.1446822894184354	0.1913435521193718	-0.191380038075864	0.14473699288807895	-0.06278715335723406	-0.034461065778610675	-0.12328635417409298	-0.18208072551940618	-0.19663447273455267	-0.16357510069044476	0.09111318966676536	-0.0030868773698126133	0.09637408380197536	-0.1667675810158807	0.1983019138854815	0.18459986564347527	0.1297543250084432	-0.046596598139545566	0.04659659814004287	-0.12975432500987874	0.18459986564375885	-0.19830191389412294	0.1667675809882593	-0.09637408381534873	-0.0030868773755698604	-0.09111318964725466	0.16357510068734227	0.19663447276517984	0.1820807255357004	-0.12328635414373995	0.034461065747959985	-0.06278715337300986	-0.14473699290756517	-0.19138003799510608	-0.19134355212461743	-0.1446822894885831	0.06283966815772031	0.03420913737478127	0.12290282042359524	0.18186808544575309	-0.19706696395388648	0.16506207014283292	-0.09367571574412129
0.08275684732134335	-0.15038082569108707	0.19041117662037324	0.1953272273580602	-0.16401387054220354	0.1020985017836547	0.021016192958104352	0.0640770767860495	0.1371611818845143	-0.1844172894428363	0.19688926749736535	-0.1722110259983169	0.11506084261840831	0.036258363283656246	-0.049315012756726534	-0.1255668776937012	-0.17826544763734845	0.19773979331345598	0.1806816578376494	-0.1306832027851363	0.05738286255574158	0.02561526319437925	0.10356283603696145	0.1633776555827785	-0.195673012280884	-0.1956730122928982	0.16337765558216916	-0.10356283603694492	0.025615263193726936	0.05738286256440229	-0.13068320279095633	-0.18068165780849912	0.19773979332660682	-0.17826544762140506	-0.1255668777318346	-0.04931501275038854	-0.036258363289951696	0.11506084266870942	0.17221102599631166	0.19688926751514474	0.1844172893417647	0.13716118191289384	0.0640770768374334	0.02101619286829512	-0.10209850179807708	-0.16401387042266008	-0.1953272276501445	0.19041117633489243	-0.1503808259993206	0.08275684699202705
0.071540934340632	-0.13345414932564628	0.17732603077794276	0.19706878136636027	-0.18979672372859643	0.15631532628504713	0.10110302262631754	-0.03174767888786788	0.04209761776837705	-0.11008526144014473	0.16265946738134143	-0.19243121804899593	0.19523637388587348	0.17072350791500676	0.12238978273991656	0.057063230492749216	-0.016093035485649318	0.08691352733471688	0.14571057613646166	-0.18468352997344795	0.1990290951056467	-0.18754029805567268	-0.1525451196816412	-0.09919282846322167	0.03435790625256457	-0.034357906253015505	0.09919282846159905	-0.1525451196798593	0.187540298068271	-0.19902909508984715	0.1846835299905884	0.14571057611348448	-0.08691352735477573	0.01609303547525946	-0.057063230476323897	-0.12238978275440993	0.17072350789454532	-0.19523637393855714	-0.19243121803963298	-0.16265946738965228	-0.11008526135449728	-0.04209761780078564	0.03174767886758119	-0.10110302249379327	0.15631532632868386	0.18979672362114713	0.19706878168859876	-0.1773260304965841	0.1334541495956832	-0.07154093404281028
0.06003124507079949	-0.11445788966714543	0.15813183434433972	0.18681740506619887	-0.19761823026630043	0.18931656676511674	0.16255984078762722	-0.11984866139739117	-0.0653150815106725	0.004313785100880259	0.05712483721019422	-0.11291548251354694	0.15754288853165963	0.1866242905906303	0.19735216680843135	0.1887738291295394	0.16188029630772366	-0.11949312572814279	-0.06595333009842462	0.006631920350007835	0.0526990161032587	-0.10656393551162212	-0.1504277700015756	-0.1811101936526878	0.19681541667738947	0.1968154166859526	-0.18111019364608075	0.15042776999949872	-0.1065639355202243	0.05269901609314153	0.00663192034575014	0.06595333009070643	-0.11949312572925141	0.16188029630224277	0.18877382914296925	0.19735216681650217	-0.18662429055972599	0.15754288856360632	0.11291548250666994	0.05712483720754325	-0.004313785137514272	-0.06531508148815239	-0.11984866141348104	0.16255984063082154	-0.18931656682754627	-0.19761823017386881	-0.18681740539154928	0.15813183408362924	-0.11445788989684158	0.060031244811654054
0.048343365124601446	-0.09382705775892913	0.1337088662512863	0.1655020463513342	-0.18713622736292412	0.19712194474240513	0.19468944733448434	-0.17987569006074655	-0.15354504664835184	0.11734093405035995	-0.07357494399656131	0.025065578117565775	0.025058369348303168	0.07357394152663553	0.11738439755064438	0.15373001319334872	0.180377230245966	-0.19577542890498567	-0.19917064917075955	0.19066317616957146	-0.1711904946255454	0.14241134683939743	0.10647243029760774	0.06567931072524143	-0.02217798218458077	0.022177982185258457	-0.06567931072345107	0.1064724302954941	-0.14241134684950993	0.171190494616585	-0.19066317618428585	-0.19917064914012964	0.1957754289223779	-0.18037723023247	-0.15373001322010676	-0.11738439754981035	0.07357394150846826	-0.025058369341554088	0.02506557811956624	0.07357494400749114	0.11734093402200671	0.15354504663930044	0.179875690107922	-0.1946894471767533	0.19712194481365342	0.1871362272866885	0.16550204665124943	-0.13370886602421725	0.09382705794709084	-0.048343364910969425
0.03653800544621273	-0.07189607931492481	0.10489509719190614	0.13437452064399238	-0.1592336469826634	0.17849007989879914	0.19134262528063525	-0.19722614825567372	-0.19585079653947815	0.1872225202749813	-0.17164543856429526	0.1497082162081597	-0.12225736479972922	-0.09036034896794881	-0.055260911087635305	-0.018328249627699515	0.01899949584133174	-0.05527840840621091	-0.08913107025987829	0.11933100315819856	-0.14489962982700302	0.16520536311937192	0.1800314056128246	0.1895510041517261	-0.19415362899454464	-0.19415362900156813	0.18955100414263187	-0.18003140560941022	0.16520536313329998	-0.14489962981594065	0.11933100317036048	0.08913107024354236	-0.05527840841567418	0.01899949583560266	-0.018328249615757818	-0.055260911093653865	0.09036034895952541	-0.12225736484194595	-0.14970821620614302	-0.17164543857952533	-0.1872225201959789	-0.19585079654119728	-0.19722614831811244	0.1913426251425314	-0.17849007996752714	-0.15923364692429295	-0.13437452089383448	0.10489509700954239	-0.0718960794591689	0.03653800528213274
0.024848550776424075	-0.049392502319099904	0.07330699576820378	0.09623651880430059	-0.1177986885770281	0.1375997364664013	0.15525576876475244	-0.17041389138935487	-0.18276972687187937	0.19207988729123837	-0.19816965221779514	0.20093666608273197	-0.2003517467435993	-0.19645786744466587	-0.1893682418692513	-0.1792643063906107	-0.16639406126093362	0.15107074674719365	0.133670801077512	-0.1146282109702117	0.09441945725349316	-0.07353019467196105	-0.05239578706647911	-0.031320904128224906	0.010412772493946617	-0.010412772494288625	0.03132090412725061	-0.05239578706533035	0.07353019467722921	-0.09441945724943923	0.11462821097804368	0.13367080105766077	-0.15107074675698726	0.16639406125313574	0.17926430640463745	0.18936824187651674	-0.19645786741539165	0.20035174679944892	0.20093666607841934	0.19816965223292193	0.19207988719745944	0.18276972687915877	0.1704138914479276	-0.1552557686607138	0.13759973652161256	0.11779868853746257	0.09623651898666341	-0.07330699563855086	0.04939250241792386	-0.024848550663255975
0.013010674539622255	-0.02601540708947756	0.038995739862261354	0.051912619354064854	-0.06470471744202243	0.07729210053982284	0.08958269431975555	-0.10147898772788987	-0.11288351891372084	0.12370252681011963	-0.13384788167174516	0.14323760779729314	-0.15179543998763187	-0.15944989607739463	-0.16613342924198699	-0.17178246460241414	-0.17633947462435534	0.17975885276083717	0.18201901373567742	-0.183143446409118	0.18323196020679872	-0.1824972741152076	-0.18128880371558553	-0.1800686968796966	0.1793062204322253	0.17930622043829475	-0.18006869687053775	0.18128880371193995	-0.18249727413046943	0.18323196019590474	-0.1831434464241784	-0.18201901370630683	0.1797588527753928	-0.1763394746138917	-0.17178246462220972	-0.16613342924693753	0.1594498960515778	-0.1517954400268675	-0.14323760779375846	-0.13384788168150002	-0.12370252674647449	-0.11288351891988713	-0.10147898776398134	0.08958269426193961	-0.0772921005714834	-0.06470471742151844	-0.051912619453627636	0.03899573979263217	-0.026015407141324606	0.013010674479755794
