-0.013010680162783603	-0.026015420989608396	-0.03899576059309131	0.051912636322625064	-0.0647047144010931	-0.07729208232910055	0.08958266953942448	0.1014789763418156	-0.11288352390976227	-0.12370254197684646	-0.13384789504396058	0.14323761021586648	-0.15179543318857625	0.1594498866221673	-0.16613342690907584	-0.17178247081346462	-0.17633948334337535	-0.1797588554621273	0.1820190055749179	0.18314343549013445	0.1832319564519796	-0.18249728358390258	-0.18128881604548738	0.18006869889010915	0.17930620907321268	0.1793062090884742	0.1800686988902448	0.1812888160361177	-0.18249728359832768	-0.1832319564292606	-0.18314343551134885	0.18201900556218922	0.17975885549487006	0.17633948330491606	-0.1717824708141438	-0.16613342694641944	0.15944988657977002	0.15179543318044716	-0.14323761019091386	0.13384789512996992	0.12370254193881591	0.11288352389276696	-0.10147897640377437	-0.08958266951913148	0.07729208236168521	0.06470471429423803	-0.051912636397365965	-0.038995760520990574	-0.026015421022374047	-0.013010680179512145
-0.024848558829260306	-0.04939252382605184	-0.0733070287071092	0.09623654464104281	-0.11779867959477508	-0.1375997040809826	0.15525572946582616	0.1704138781592371	-0.18276974061003473	-0.19207991381966857	-0.198169671277614	0.2009366661027324	-0.2003517343585433	0.1964578546915711	-0.18936824072820369	-0.1792643149296938	-0.16639406937789158	-0.15107074601970427	0.13367079162513995	0.11462820367394069	0.09441945865725399	-0.07353020245516809	-0.05239579143202951	0.03132090220804164	0.010412770294301012	-0.010412770295433747	-0.03132090220735817	-0.05239579142914832	0.07353020246182432	0.09441945864429213	0.11462820368908593	-0.13367079161396273	-0.15107074604932733	-0.1663940693394381	0.1792643149373467	0.18936824076948813	-0.19645785463675308	-0.20035173434336814	0.20093666606683824	-0.19816967140450337	-0.1920799137560515	-0.18276974058542386	0.17041387826499127	0.15525572943398797	-0.13759970414003306	-0.11779867940291856	0.09623654478234203	0.07330702857038528	0.049392523887387234	0.024848558859523577
-0.03653801107243118	-0.0718960996458752	-0.10489513146658609	0.1343745458660689	-0.15923362989628376	-0.17849004117423084	0.19134258761526401	0.19722614701930458	-0.19585082239233723	-0.18722254899527274	-0.17164544836038437	0.14970820410444122	-0.12225734746062544	0.09036034223897453	-0.05526091931125996	-0.018328261434907837	0.018999493607025637	0.05527841776665132	-0.08913108000398917	-0.11933100327913727	-0.1448996207773907	0.165205356891575	0.18003140671457807	-0.18955100820423051	-0.1941536299915197	-0.1941536300079364	-0.18955100820448403	-0.1800314067053212	0.16520535690408433	0.14489962076118476	0.11933100329037229	-0.08913108000014876	-0.05527841777236314	-0.018999493607613164	-0.018328261449583556	-0.05526091931998894	0.09036034220890556	0.12225734744301917	-0.14970820407618565	0.17164544846801566	0.18722254892097706	0.19585082237239743	-0.19722614714741749	-0.19134258758606426	0.17849004125355233	0.15923362964149643	-0.1343745460679362	-0.10489513126791274	-0.07189609973516475	-0.036538011114961806
-0.0483433670983605	-0.09382707444822769	-0.13370889812589132	0.16550206720062954	-0.18713620260514988	-0.1971219054553122	0.1946894202166569	0.17987570375400594	-0.15354507867395745	-0.11734095449741377	-0.07357493887514838	0.02506555878348122	0.02505838128061247	-0.07357393637816442	0.11738438520646967	0.15373000879103718	0.18037723793665542	0.19577543869351233	-0.19917064806712872	-0.19066316766689492	-0.17119048898111444	0.1424113507901037	0.10647243542904462	-0.06567931071885692	-0.022177980631312814	0.022177980633749463	0.06567931071729692	0.10647243542308499	-0.1424113508029948	-0.17119048895901895	-0.19066316769028907	0.19917064805155718	0.19577543872733358	0.18037723790024657	-0.15373000878306292	-0.11738438523722733	0.07357393636411756	0.025058381291652977	0.025065558776460224	-0.07357493891591181	-0.11734095442853566	-0.15354507866878872	0.1798757038821488	0.19468942020581811	-0.19712190554765474	-0.1871362023117036	0.16550206745532542	0.13370889786728285	0.09382707456671109	0.04834336715305667
-0.06003124554892689	-0.11445790511486537	-0.15813186378747318	0.18681741879411826	-0.19761819713008028	-0.18931652987638178	0.1625598292607581	0.1198486891834216	-0.06531511296867427	-0.0043137908507161525	0.057124856387821374	-0.11291550152596198	0.15754288923232077	-0.18662427630167092	0.19735215798330266	0.18877383478893112	0.16188030716617893	0.11949312736513515	-0.06595332095907695	-0.0066319139896235495	0.05269901195933347	-0.10656392892643503	-0.15042776956892953	0.18111019696375202	0.19681541689240853	0.19681541690856216	0.1811101969637688	0.15042776956120413	-0.10656392893370746	-0.05269901195749077	0.00663191399595562	-0.06595332095010678	-0.11949312739343683	-0.1618803071261796	0.18877383479925977	0.19735215802700506	-0.1866242762529211	-0.15754288923148208	0.11291550150922576	-0.05712485643129546	0.004313790809751323	0.0653151129845457	-0.11984868928369333	-0.16255982927681203	0.18931652997167914	0.1976181968330814	-0.1868174190954013	-0.15813186347348615	-0.11445790525820766	-0.06003124560980085
-0.07154093365353972	-0.1334541638097422	-0.17732605728517797	0.19706878744675524	-0.1897966853461352	-0.15631529650197334	0.10110302824063998	0.031747713457199324	0.0420975969191838	0.11008527273340721	0.16265949180245673	-0.19243122605759938	0.19523636228506033	-0.17072349448386395	0.12238978522165439	0.05706324212255333	-0.016093031865752824	-0.08691353599265059	0.14571058280493548	0.18468352597536744	0.1990290869431289	-0.18754029880535236	-0.15254512455216035	0.09919282915579664	0.03435790477689013	-0.03435790478068698	-0.0991928291527602	-0.1525451245431868	0.18754029882305445	0.19902908692183466	0.18468352599402607	-0.14571058279386084	-0.08691353599649643	-0.016093031873950232	-0.05706324214432886	-0.12238978523972328	0.1707234944349724	0.19523636227494987	-0.19243122602712165	0.16265949190559642	0.11008527272475285	0.042097596883945064	0.03174771350260471	0.10110302828041477	-0.15631529658935553	-0.18979668508631425	0.19706878779192666	0.17732605692168862	0.13345416396758583	0.07154093370814045
-0.08275684715241031	-0.1503808410137793	-0.19041120006568793	0.1953272243327325	-0.1640138283687712	-0.10209848130738468	0.021016214054394904	-0.06407704340176605	0.13716117775822728	0.18441731434854436	0.19688928771871356	-0.17221101999084104	0.11506082630362907	-0.03625836034829567	-0.049315000287476596	-0.1255668693263732	-0.178265453738793	-0.19773980211716397	0.18068165376652953	0.1306831934702261	0.057382861527183	0.025615257098264857	0.10356283470912964	-0.1633776591376103	-0.19567301284916822	-0.1956730128644346	-0.16337765913710145	-0.10356283470340709	0.02561525709794209	-0.057382861513533466	-0.13068319349016744	0.18068165374916115	0.1977398021528879	0.17826545370744656	-0.12556686930773514	-0.0493150003073876	-0.03625836033078566	-0.11506082628194296	0.17221101995847166	-0.1968892878359655	-0.18441731429229385	-0.137161177717445	0.06407704341975726	-0.02101621411879854	0.10209848137869029	0.16401382817459167	-0.19532722470542077	-0.1904111996590092	-0.1503808411853865	-0.08275684719807617
-0.09367571631132615	-0.16506208547210982	-0.19706698345298362	0.18186807270243566	-0.12290277765874721	-0.03420912770266313	-0.06283963693298288	-0.14468226661385353	0.1913435671261014	0.1913800684306641	0.14473700104607323	-0.06278713785373513	-0.034461075215894005	0.12328634290930283	-0.18208071169063744	-0.19663447428614916	-0.16357510974877745	-0.09111318799680224	-0.0030868882710541616	-0.09637408684561129	-0.16676757378150708	0.1983019121311357	0.1845998703354035	-0.12975432670186515	-0.046596596862763226	0.04659659686749124	0.12975432669636935	0.1845998703238225	-0.1983019121521456	-0.16676757377331194	-0.09637408684886205	0.003086888267310251	-0.09111318803471555	-0.16357510970259376	0.19663447427972497	0.1820807117253692	-0.12328634289169797	-0.03446107525464779	-0.06278713782922991	0.14473700113600219	0.19138006835724491	0.19134356710011977	-0.14468226667782907	-0.06283963683559349	-0.03420912775281553	-0.12290277753635283	0.18186807306833777	0.19706698300958983	0.16506208567263966	0.09367571636114459
-0.10423635364410165	-0.17723612245638573	-0.19700944883243804	0.1574309606454142	-0.07024389456908262	0.038289372190454536	-0.1352324875561809	-0.19100099302772927	0.1884785122587546	0.12835379329228983	0.0289742812615821	0.07926431501323086	-0.16325616332223006	0.19735308933862764	-0.17121536783215202	-0.092928437507028	0.013559954063289708	0.11586999574319541	-0.18316599131672068	-0.19555474012614238	-0.14994663063527716	0.06054822349831759	-0.04603206799460271	0.13916310537771126	0.19299341419390223	0.1929934142090129	0.1391631053782488	0.0460320679903821	0.060548223510771895	0.1499466306143199	0.19555474014445048	-0.18316599129282865	-0.11586999574607645	-0.013559954087790404	-0.0929284375216425	-0.1712153678559237	0.19735308930498913	0.16325616335916657	-0.07926431501389711	-0.028974281293016147	-0.1283537932266264	-0.18847851225727655	0.1910009931160748	0.13523248743860533	-0.03828937216959609	0.07024389452331217	-0.1574309609802896	-0.1970094483623907	-0.1772361226924593	-0.10423635370108103
-0.11440524148470828	-0.18673121353690633	-0.19025828731502153	0.12350943897313273	-0.010997891478130383	0.1056309753483941	-0.18297422284710171	-0.19209813367272766	0.1294806461556418	0.01845249526941064	-0.09948285920342179	0.18020403800937396	-0.19352850710734493	0.13451972636787757	-0.0252912848859495	0.09334648975184541	0.17722097895318126	0.19531355132481104	-0.14122488193403826	-0.03528328757291622	0.0834197209132261	-0.17186277378505227	-0.1988968526810467	0.15589934910832448	0.058716217359855154	-0.05871621736511676	-0.15589934910586123	-0.19889685266958362	0.17186277379439405	0.08341972091195052	-0.035283287579957134	0.1412248819067359	0.1953135513636979	0.1772209789410188	-0.0933464897371497	0.025291284878696654	-0.13451972635138887	-0.19352850712695174	0.18020403798227622	-0.09948285923060625	0.018452495239301606	0.12948064617917268	-0.19209813375608867	-0.18297422272918518	0.10563097536424071	-0.010997891504419245	0.12350943925524412	0.19025828683026028	0.18673121381364893	0.11440524154968211
-0.12413769430801032	-0.19339189290029551	-0.17702767839521286	0.08213240538636175	0.049287287950824946	0.1587583740884482	-0.1973579484781163	-0.14770000504539177	0.0319045113650685	-0.09819165626926646	-0.18426363164300366	0.1877088103594639	-0.10699939524234031	-0.02165414649302526	0.14060759932010514	0.19667708529495379	0.1649418217331558	0.05975353252580135	0.07194009523713403	0.1718262062556712	0.19627047383452448	-0.13529927133838407	-0.016102910454913258	-0.10985359713930318	-0.18936108416594064	-0.18936108417712974	-0.10985359713659432	0.01610291045218536	-0.13529927134872846	-0.1962704738126424	-0.17182620627788547	0.07194009524134466	-0.05975353256762141	-0.16494182170511543	0.19667708529722014	0.14060759934121903	-0.021654146473631636	0.10699939522312821	-0.18770881030481337	0.1842636317102452	0.09819165626181313	-0.031904511397139616	0.14770000510680956	0.19735794840154444	-0.15875837415093486	-0.049287287850521465	-0.0821324056166925	-0.1770276779117981	-0.1933918932038759	-0.12413769436098447
-0.13340031165282812	-0.19712384215996334	-0.15777651363137402	0.03580444306662669	0.10494403012329878	0.19051556636787406	-0.17576090945115772	-0.06832450310885661	-0.0751751381527614	-0.17895660427796026	-0.1881575529612968	0.09790523022217007	0.044089781776828686	-0.16279878424415337	0.19557343615565048	0.1252135925597982	-0.0110893218634697	-0.14157883332585097	0.1978909128184718	0.15091510755724752	0.025576017962200572	0.11298254141238945	0.19383975311511847	-0.17656994117145677	-0.07062336800525916	0.07062336800518204	0.1765699411709999	0.19383975311186538	-0.11298254141819174	0.025576017954785663	0.15091510758601018	-0.197890912793523	-0.14157883332109691	-0.011089321877025502	-0.12521359258268086	-0.19557343616504524	0.16279878419865942	0.044089781831886984	0.09790523016004281	-0.1881575530382453	-0.1789566042381668	-0.07517513812539209	-0.06832450313940458	-0.17576090944495273	0.1905155664744776	0.10494402995695924	0.03580444324149748	0.157776513163235	0.19712384247935683	0.1334003116770607
-0.1421565602589456	-0.19786806654719621	-0.13315700088627203	-0.012682662333497264	0.15074738284837477	0.1966255441883423	-0.12211628870581258	0.02723518832754486	-0.159859950345728	-0.1943316046298604	-0.10945191740639851	-0.04265608551978636	0.1685725321338925	-0.1910047892696619	0.09624179132344333	-0.05753790053896697	-0.17611649797427706	-0.187066484462239	0.08393327839002683	-0.07027671091226498	-0.18207216420962882	0.18444774315360482	0.07668356417160703	0.07661197737815652	0.18493299552088366	0.18493299553173115	0.07661197737517002	-0.07668356416873594	0.18444774316597698	0.18207216418997918	0.07027671091339274	0.08393327836274402	0.18706648450119948	0.17611649796012516	-0.05753790051064034	0.09624179131127425	-0.191004789225504	-0.1685725321912929	0.042656085561309696	0.10945191745748134	0.1943316045685584	0.15985995033526276	-0.02723518833127307	0.1221162887815169	-0.19662554432750007	-0.15074738263381862	0.012682662221383458	-0.13315700044589784	-0.19786806687450265	-0.14215656024077128
-0.150373742644992	-0.1956141090618573	-0.1040074498311221	-0.060404858894332794	0.18239838832628041	0.1762684201127998	-0.0462081780389534	0.11634402212533239	-0.196916945247017	-0.13869761602945996	0.017301839894155287	-0.1611029673842306	0.19133195359004415	-0.08670978772284102	-0.07901484780561646	-0.18915117737277634	-0.16629298938699882	-0.02663421059259033	-0.13177842330563413	-0.19820557389472435	-0.12667388681661879	-0.03274034543348575	-0.16986555314876375	0.19099329022833536	0.08225671834588438	-0.08225671834519305	-0.19099329022990325	-0.16986555314718857	0.03274034542932554	-0.12667388679634964	-0.1982055739201768	0.13177842330408798	-0.026634210629416902	-0.16629298935781905	0.18915117737115641	0.07901484782932733	0.08670978771146173	0.19133195360947808	-0.1611029673817471	0.01730183989396764	-0.13869761596079697	-0.19691694526386186	0.116344022162907	-0.04620817819199541	0.17626842026835968	0.1823983880844119	-0.06040485885232523	0.10400744942525571	0.19561410939050175	0.15037374257742625
-0.1580202748407462	-0.1903954526563701	-0.07131893729063063	-0.10448456322854607	0.19692537394296614	0.13218383994930266	0.038124492560292385	0.1778985916263967	-0.17530510771160487	-0.03238219717015054	0.1364611425386981	-0.19602894137889162	0.09863325628280965	0.07773704211867676	-0.19193431276810635	-0.15265783225493854	0.008628858917072622	0.1631182068428908	-0.1877327166997452	-0.06309774238537917	0.11173729543475294	-0.19869037687540284	-0.1297756212158113	-0.04064513283383459	-0.17976157275095622	-0.17976157276422777	-0.04064513283307363	0.12977562121467012	-0.1986903768855357	-0.11173729542344235	0.06309774240321582	-0.18773271666760796	-0.1631182068508841	-0.008628858936868891	-0.15265783229321123	-0.19193431278700132	0.07773704208712726	-0.09863325624838673	0.19602894132776902	-0.13646114258879238	0.03238219710809887	0.17530510775518382	-0.17789859169470182	-0.038124492353613766	-0.1321838401058928	-0.1969253736989989	0.10448456325920673	-0.07131893692643483	-0.19039545298030122	-0.15802027471859695
-0.16506740215888016	-0.18229160308303421	-0.0362040543197968	-0.1422631914946653	0.1929643749979441	0.07030601211151459	0.1155062688891886	0.19732146939519551	-0.10146436391982418	0.0857654501870308	0.19571485161638102	-0.12932649825612966	-0.05358520006963761	0.18825663041394272	-0.1534325325173633	0.01950739831123692	0.17498317572104796	0.17331203278340307	-0.016093607747495273	0.15574660823489062	0.1887161680460158	-0.05369361594760281	0.1293014443005235	-0.19864664059936413	-0.09356607101676741	0.09356607101331682	0.19864664060965687	0.12930144430517515	0.05369361596394464	0.1887161680181237	0.15574660823617253	0.016093607720422082	0.17331203281780552	0.174983175714299	-0.019507398267251324	0.15343253252668707	-0.18825663037124685	-0.05358520013135145	-0.12932649818742356	0.1957148516841392	0.08576545022077146	-0.10146436396558726	0.1973214694761983	0.11550626867815325	0.07030601224870713	0.19296437479107728	-0.14226319159784828	0.03620405402324715	0.18229160340050207	0.16506740196174804
-0.17148830653169908	-0.17142525091293978	0.00014256458224615065	-0.1714624106081941	0.17088708596106092	-0.001035881940468779	0.17182892209910686	0.17001265173368	0.002605888537431794	0.1725740404941525	0.16905098469825153	0.004423724190736418	-0.17346821818571254	0.16817984150111914	0.006115859976568029	0.174335554724892	0.16761275451137167	-0.007273912709755217	0.17505665330394282	0.167901350616712	-0.006953084260096516	0.17533294257207188	0.17018980994745314	0.0032349057848325238	0.17387578085349	0.17387578087078873	0.0032349057817777057	-0.17018980995874472	0.1753329425780189	0.006953084264009847	-0.16790135062838904	0.17505665328787737	0.007273912695981504	-0.16761275447420562	0.1743355547186244	0.006115859977361067	0.168179841492784	0.1734682182353556	-0.004423724228225483	-0.1690509847501061	-0.1725740404783781	-0.0026058885194809173	-0.1700126517939324	-0.17182892193702898	0.0010358818500368794	-0.17088708582868828	0.17146241078292918	0.00014256477543834084	-0.1714252512290379	-0.17148830623296754
-0.17725865790018844	-0.15796109614822845	0.03648432749282128	-0.190321426916896	0.13276636247088117	-0.07223830812975623	0.19682350229261592	0.10243962667251837	0.10589976715309105	0.19632369666809332	0.06817512389028133	0.13588042742857254	-0.1886726040063319	0.031434033223385754	0.16083935745707664	0.17422544181152813	-0.006164492760559229	-0.1798526089005324	0.15398102478234627	-0.04276432204723463	-0.19257694969110584	0.12996597132632418	-0.07610658619666086	0.1992555225778172	0.10450549308667766	-0.10450549306899785	-0.19925552258405485	-0.07610658619449362	-0.12996597136683524	-0.19257694967874803	-0.04276432202511892	-0.15398102474410302	-0.17985260891024785	-0.006164492816308849	-0.17422544181395527	-0.16083935746459588	-0.03143403324570129	-0.1886726040360925	0.13588042742689402	0.06817512394097301	0.19632369663124433	0.10589976715990806	0.10243962669502327	0.19682350218238104	-0.07223830809566927	0.1327663623925388	-0.19032142714053812	-0.036484327586195325	0.15796109647025977	0.17725865752375194
-0.18235653771694416	-0.14210314019645673	0.07158481508695684	-0.1977029266466249	0.08218109323478517	-0.13371668339348125	0.1859329261141628	0.010605696452008853	0.17764264984377418	0.14833621987063536	-0.06262905686186691	0.1968918208709188	-0.09002332165852703	-0.12711815527277487	0.1886727925526694	0.019274832685493692	-0.17382153376938214	-0.1544521080020416	-0.05376993857336895	-0.19667798806957884	-0.09997483978403261	-0.11879599927859717	-0.19397759348697585	0.03429048306818471	-0.1673009955399316	-0.1673009955631304	0.03429048307101141	0.19397759350013136	-0.1187959992501579	0.09997483978070124	0.19667798804215814	-0.05376993857975248	0.15445210800464515	0.17382153380645507	0.01927483265157181	0.1886727925726177	-0.12711815528043338	0.09002332166934791	-0.1968918208635331	0.06262905678135432	-0.14833621986672418	-0.17764264982443384	-0.010605696472976765	-0.1859329260272803	0.13371668339850634	-0.08218109314571564	0.19770292689074148	0.07158481515464955	-0.1421031405052511	-0.18235653732939486
-0.18676262376300176	-0.12409172321085568	0.1042497945819443	-0.19316174796030688	0.023880382903263407	-0.17719541442210685	0.14114283299960162	-0.08373997837199874	0.19645990326588	0.04614631593524045	-0.16593956841789287	0.15582751235625733	0.06295006773467575	-0.19748646336303932	0.06765758063039462	-0.15280605441053924	-0.16890745775742316	0.040966922688285355	-0.19633413727184296	-0.0895820626900587	0.13706621936797325	-0.18164384530636224	0.01547688720651387	-0.19279754145874964	-0.11503136055016612	0.11503136054262854	0.19279754146572062	0.015476887212875417	0.18164384532296457	0.13706621935952037	-0.08958206269871706	0.19633413723913842	0.04096692268013224	-0.1689074577522194	0.15280605446649254	-0.06765758063101793	0.1974864633976548	0.06295006775731124	0.15582751235087514	-0.165939568323957	0.04614631599256166	0.19645990322370557	-0.08373997833440365	0.1411428329429885	-0.17719541445465206	0.02388038277692447	-0.19316174819889845	-0.10424979465493024	0.12409172349186395	0.18676262339040414
-0.19046019700129915	-0.10419979085324953	0.13336791376979346	-0.17697174058888931	-0.03666230981949322	-0.19682181955379877	0.07061940831733644	-0.1582534422083825	0.156745231179168	-0.07290558688317822	-0.19640389415276036	0.033976691471883654	0.17793652301900842	-0.13085530097259723	-0.10673439850178175	-0.18908261663569503	0.0036990372959196005	0.19129014609689418	-0.10087732415245597	0.13639743485884676	0.17608053575982874	0.03977851739675771	0.19881501639750793	-0.07059977918444224	0.160063766555713	0.160063766564393	-0.07059977918843717	-0.19881501640633706	0.039778517388143406	-0.1760805357506328	-0.13639743485157743	-0.10087732413165555	-0.1912901460998587	-0.003699037304755064	-0.18908261667879758	-0.10673439849345015	-0.13085530101045514	-0.17793652304800495	-0.033976691452968125	0.19640389406265713	0.07290558679711005	-0.15674523111077368	0.15825344216237183	-0.07061940830675095	0.19682181962480408	0.03666230997858998	0.17697174082742564	0.13336791385937402	-0.10419979109484748	-0.19046019663116598
-0.19343523141277472	-0.08272878969715049	0.157948501927964	-0.15010926922208057	-0.09376301844743674	-0.18995397276849377	-0.012779436649666734	-0.1952876329880674	0.07033097065177298	-0.16531760187329075	-0.14064840930981967	-0.10548885711892976	0.18554804434541375	0.02655221734098661	-0.19692096459271605	-0.05731450537622045	0.17263311518286584	0.13104401734715912	0.11687566664131431	0.18136513537120755	-0.039297979515654634	0.19894803841455494	0.04666473075200902	0.17950153677129063	0.12510191912049115	-0.12510191912462235	-0.1795015367574897	0.04666473074934251	-0.19894803840564138	-0.03929797951944061	0.1813651353659207	-0.11687566664578379	0.13104401735308494	0.17263311520763505	0.05731450537406041	0.1969209645945721	-0.026552217310351393	0.18554804437737077	-0.10548885712352665	-0.1406484092734459	-0.16531760176913943	0.07033097057501618	-0.19528763291779228	-0.012779436617091971	-0.18995397284557178	-0.09376301864120305	-0.15010926943838834	-0.15794850205767566	0.08272878988179823	0.19343523106197963
-0.19567643861763268	-0.060004094616196664	0.1771552625312244	-0.11419430351719272	-0.14206093095736122	-0.15751635410596787	-0.09384832246064904	-0.18607171927471436	-0.03703720979287618	-0.19732214554321273	-0.023149340705916146	-0.19026523487523964	0.08119149462934343	0.16554004156936603	-0.131751710474175	0.125391120936863	0.17017590541932362	-0.07345342460167043	0.19293724104063043	-0.014355172903332837	-0.1979006497057846	0.04676650062457401	-0.18422948263703512	0.10440509150815251	-0.1521928811359963	-0.15219288113544452	0.1044050915094331	0.18422948264000563	0.046766500621493234	0.19790064969902244	0.014355172905454794	0.192937241027019	0.073453424594649	-0.170175905440862	0.12539112097406013	-0.13175171048609072	0.16554004156244748	-0.0811914946359933	0.1902652348572711	0.02314934073539811	0.19732214544961976	0.037037209855059226	0.18607171920081406	0.0938483223961206	0.15751635417575774	0.14206093117445426	0.11419430369756146	0.17715526269615708	-0.06000409473909806	-0.1956764382828779
-0.19717531715076847	-0.036370082622044095	0.19033472905883775	-0.07139273161625236	-0.17702167598508578	-0.10387540622215118	-0.15780666285198341	-0.13278830897962277	-0.13337077995054242	-0.157224683871589	0.10451211003435816	-0.1764013437982125	-0.07215967399432931	0.18969015492257163	0.03735971815834894	0.19665705050943913	-0.0012330700229932112	-0.19709442482806042	0.03509599257504652	-0.19102485693511306	-0.07058583066648455	-0.17860400210957778	-0.10424747960942667	-0.15983903250018938	-0.13467728047250735	0.13467728046824642	0.15983903249688547	-0.10424747961072642	0.17860400210894617	-0.07058583066994312	-0.1910248569342453	-0.035095992567254986	-0.19709442482247574	-0.0012330700241602623	-0.19665705054390678	-0.03735971814618	-0.18969015493707073	-0.07215967402393021	-0.17640134376202363	0.10451210995422348	-0.15722468381060345	-0.13337077997742638	-0.13278830892165713	-0.1578066627718162	-0.10387540627028596	-0.17702167621344767	-0.07139273174455352	-0.19033472925491335	0.03637008267681735	0.19717531683282105
-0.19792618054258249	-0.01218490951022575	0.19703850024515124	-0.024285745943709948	-0.19536301921656915	-0.0362517557276075	-0.19299349148307746	-0.048056548549525804	-0.1899687818469983	-0.05967693042423479	0.18629354110869942	-0.07108471715062059	-0.18196643619141098	0.08224924653580493	0.17699714032464312	0.0931466355184247	-0.17141784867467055	-0.10377679305606184	-0.1652930362246679	-0.1141872145569855	0.1587080575139684	-0.12446158851208022	0.1516458998506989	-0.134507398380447	0.14371953516826344	0.14371953516790725	-0.13450739837780465	-0.15164589985020183	-0.12446158850520206	-0.15870805749879335	0.11418721455584133	-0.1652930362129939	0.10377679306537682	0.17141784870176038	0.09314663553002966	0.17699714033016745	0.082249246556113	0.18196643624272466	0.07108471710854077	-0.18629354101052872	0.05967693040578444	0.1899687818255253	0.04805654852097011	0.19299349139955926	0.036251755750613325	0.1953630194376764	0.02428574601898268	0.19703850046717727	-0.01218490949814889	-0.19792618024194375
-0.1979261802946053	0.01218491669320333	0.1970384965346942	0.024285817115394872	-0.1953630113831615	0.03625175549977436	-0.1929935026151282	0.04805647822945107	-0.1899687955647738	0.05967692233248408	0.1862935315820236	0.07108475640845427	-0.18196642490521503	-0.08224924884849327	0.17699714908174155	-0.09314661452223374	-0.1714178536455568	0.10377680130488375	-0.16529302546656116	0.11418722447156841	0.1587080599417346	0.1244615787368433	0.15164590476692918	0.13450739936419	0.14371953346361943	-0.14371953346463048	-0.13450739936329636	0.15164590476977083	-0.12446157874688535	0.15870805992844633	0.11418722447324743	0.16529302543924665	0.1037768012802098	-0.17141785367192508	0.09314661452854658	-0.17699714911265751	0.08224924883795769	-0.181966424953282	0.07108475644802673	0.18629353150698	0.059676922319054033	-0.1899687954945691	0.04805647822515702	-0.1929935025366372	0.036251755493632166	-0.1953630115753221	0.024285817078116015	-0.1970384967766546	-0.012184916758780109	0.1979261800141766
-0.19717531652777467	0.036370089808703286	0.19033471808311417	0.07139279856906344	-0.17702165316662863	0.10387540594683234	-0.15780669418215576	0.13278825494545252	-0.13337081709404477	0.15722467850391714	0.10451208566278757	0.17640136270290122	-0.07215964680719135	-0.1896901560074362	0.03735973730608912	-0.19665704823551802	-0.0012330800749595621	0.19709442404943175	0.0350960116979463	0.19102485357655385	-0.07058582691274472	0.17860400794415476	-0.10424747320149873	0.15983903145509357	-0.13467728215686953	-0.13467728213783742	0.1598390314923234	0.10424747322283938	0.1786040079633501	0.0705858269469995	-0.19102485355878768	0.03509601172994985	-0.1970944239966897	0.001233080090844709	-0.19665704823033558	0.03735973737925278	-0.18969015602279687	0.0721596468481753	-0.1764013627608622	-0.10451208563589481	-0.1572246785014539	0.1333708169629047	-0.1327882549171899	0.15780669408753387	-0.10387540592722797	0.17702165329753697	-0.07139279852317863	0.19033471834904062	0.03637008988938206	-0.19717531629954316
-0.1956764383003838	0.0600041015151212	0.1771552448423941	0.11419436190913941	-0.14206089491036028	0.15751635340874576	-0.09384836789640418	0.18607169416354732	-0.03703725916903297	0.19732214484657726	-0.023149369081403012	0.1902652238852469	0.08119152152354117	-0.1655400406700349	-0.13175169630787917	-0.12539113959401998	0.1701759004144799	0.07345341580013369	0.19293724494101308	0.01435516120161047	-0.1979006498858382	-0.04676648876951677	-0.18422948518893673	-0.10440509291969154	-0.152192879853859	0.15219287983004617	0.10440509290584017	-0.18422948518238078	0.04676648874382572	-0.19790064990662504	0.014355161198908152	-0.19293724496233666	0.07345341576062557	0.17017590042805972	0.12539113956743533	0.1317516962309847	0.1655400406983271	0.08119152149578593	0.19026522395309564	-0.023149369051818594	0.19732214487353944	-0.03703725899271921	0.18607169412439314	-0.09384836778014981	0.15751635335399825	-0.14206089496110844	0.11419436181994372	-0.1771552451334756	-0.06000410158044296	0.19567643814929428
-0.19343523192999407	0.08272879613532734	0.1579484782329282	0.15010931530139734	-0.09376297224308007	0.1899539712796608	-0.012779487734346584	0.19528764260033554	0.07033092389357032	0.1653176060678088	-0.14064842923031923	0.1054888221813551	0.1855480551241596	-0.02655221494745743	-0.19692096676690346	0.057314482025014934	0.17263312053557506	-0.13104402431614692	0.11687565015602885	-0.18136513922083117	-0.03929798323920243	-0.19894803936466424	0.046664723962448154	-0.1795015360396766	0.12510192100046544	0.125101921012686	-0.17950153601533833	-0.046664723959223914	-0.19894803934202074	0.039297983267663004	0.18136513922194356	0.11687565016962072	0.1310440243408796	-0.17263312055605617	0.05731448207502572	-0.19692096671750953	-0.026552214968438716	-0.18554805509617958	-0.10548882224324298	0.1406484291521438	-0.16531760612697521	-0.07033092408145736	-0.19528764257358017	0.012779487599905982	-0.18995397118567617	0.09376297220372595	-0.15010931515075837	0.15794847854146718	0.08272879616526468	-0.1934352318674362
-0.19046019867021424	0.10419979666670515	0.13336788470982566	0.17697177130293618	-0.036662257412931186	0.19682181738635968	0.07061936135992145	0.15825348423634056	0.15674520084577295	0.07290559497998024	-0.19640389698453262	-0.03397673222244639	0.1779365110898222	0.1308553031361113	-0.10673441577079253	0.18908260959694484	0.003699047600567165	-0.1912901425717199	-0.10087734077023115	-0.13639742556268813	0.1760805350288948	-0.03977852943368223	0.19881501701899468	0.07059977934977778	0.16006376546590675	-0.16006376544103426	-0.07059977933666128	0.19881501701271936	0.039778529456698526	0.17608053504676435	-0.13639742556180748	0.10087734079535887	-0.1912901425419032	0.0036990475998745034	-0.18908260960710502	0.106734415793425	-0.13085530311939458	0.1779365110934197	-0.03397673219060099	-0.19640389691691065	0.07290559503538097	0.15674520101745207	0.15825348421007648	0.07061936150492147	0.19682181723662565	-0.0366622572941009	0.1769717710715496	-0.13336788504609973	-0.10419979663604628	0.19046019871827996
-0.1867626262129193	0.12409172855686146	0.10424976070615509	0.19316176161096746	0.023880436736313376	0.17719541224819593	0.14114279907796048	0.08374004280338777	0.19645989816869194	-0.04614630631626686	-0.16593955333224397	-0.15582753782870523	0.06295004000457687	0.19748646306210296	0.06765756141903179	0.15280607034183225	-0.16890745367782226	-0.04096691158706968	-0.1963341333739244	0.08958207218610657	0.13706622344973884	0.18164384143953416	0.015476894072884696	0.19279754047580946	-0.11503136230144141	-0.11503136231090386	0.19279754045477046	-0.01547689407409076	0.18164384141528078	-0.1370662234850368	-0.08958207219170741	-0.1963341333976801	0.04096691153544809	0.16890745368702584	0.1528060703132573	0.06765756133710844	0.1974864630739821	-0.06295004003772911	0.1558275378534096	0.1659395532957758	0.04614630629369207	-0.19645989826015725	-0.0837400427814425	-0.14114279920608172	-0.17719541207763598	-0.023880436918744335	-0.19316176133632298	0.10424976106019296	0.12409172846365119	-0.1867626263427685
-0.1823565401627493	0.14210314544439923	0.07158477705129594	0.19770292316289761	0.08218114384928954	0.13371668162713568	0.18593291086324926	-0.010605624235585111	0.17764267176731427	-0.14833621257729807	-0.06262903024057563	-0.19689181742468398	-0.09002334770528145	0.12711815300548474	0.18867278706692608	-0.019274809299998537	-0.17382153918219512	0.15445211393913066	-0.05376992037908462	0.19667798629572678	-0.09997483722774338	0.11879600847913957	-0.1939775909735695	-0.03429048312031864	-0.16730099542381643	0.16730099540768203	0.034290483111224956	-0.19397759097436457	-0.11879600848316296	-0.09997483723017908	0.1966779862913943	0.05376992037877183	0.1544521139498868	-0.17382153919788923	0.019274809338106148	-0.18867278699562923	-0.1271181530277975	-0.09002334766574926	-0.19689181748607548	-0.06262903025157772	-0.14833621259096066	0.17764267175779114	-0.010605624247149377	0.18593291096101805	0.13371668146342633	0.08218114407983436	0.1977029228727324	-0.07158477741002903	-0.14210314528686752	0.18235654035548177
-0.17725866026264378	0.1579611009117898	0.036484287017376875	0.19032140690147958	0.1327664055656873	0.07223830647820312	0.1968235079684881	-0.10243956320767758	0.1058998102554076	-0.19632369522316417	0.06817515142767751	-0.13588039555331963	-0.18867261112754896	-0.03143403417330983	0.16083937183594632	-0.1742254336317456	-0.006164500468282858	0.17985260148457877	0.15398103368963997	0.04276431271238863	-0.1925769533823966	-0.12996596425974094	-0.0761065916545845	-0.19925552126765345	0.10450549477144865	0.10450549477365478	-0.19925552125631846	0.07610659165519021	-0.12996596424923973	0.19257695341676104	-0.04276431270050829	0.15398103370196195	-0.17985260144284387	0.006164500487907013	-0.17422543364203097	0.16083937182703706	-0.03143403417395091	0.18867261110881947	0.13588039561205278	-0.06817515137511171	0.1963236952697033	-0.10589981017052705	0.10243956320011298	-0.19682350802528908	-0.07223830633775329	-0.13276640581885088	-0.19032140660286917	0.036484287360628816	0.15796110069631975	-0.17725866051888733
-0.17148830959246528	0.17142525521630642	0.00014252288570878866	0.17146237419321975	0.17088711681463525	0.0010358807812083824	0.1718289484970465	-0.1700126129654867	0.0026059395632277117	-0.17257404446350427	0.16905099958866507	-0.0044236815329595095	-0.17346820349752481	-0.16817984256693388	0.006115881095080109	-0.1743355674977335	0.16761275012923574	0.007273901992714802	0.1750566433351895	-0.16790135650508156	-0.006953087371789044	-0.1753329478828841	0.17018980493327018	-0.0032349066062337104	0.17387578146954402	-0.17387578145658705	0.003234906611564591	0.1701898049345569	0.1753329478756552	-0.00695308738996572	-0.16790135650212462	-0.1750566433522139	0.007273901949277766	0.16761275013244156	0.1743355674668941	-0.006115881137779382	0.1681798425887439	-0.17346820350708328	-0.004423681567699305	0.1690509995225945	-0.17257404453657516	0.0026059394424975133	-0.17001261293603118	0.17182894849976957	0.0010358806789464079	0.170887117059102	0.17146237389451033	-0.00014252318809586262	-0.17142525495888672	0.1714883099118432
-0.16506740601500594	0.1822916069692805	-0.03620409597091857	0.14226314040401028	0.19296438971784868	-0.07030601115231958	0.11550631310242677	-0.19732146701469774	-0.10146432340489163	-0.08576545435399083	0.19571484333585598	0.1293265254224933	-0.05358517685696674	-0.1882566352682652	-0.15343252528012627	-0.019507417110254843	0.17498317559276383	-0.17331203203432763	-0.01609362226804179	-0.15574660472504787	0.18871617168303273	0.05369360769018748	0.1293014476009014	0.1986466386212565	-0.09356607239357666	-0.0935660723898168	0.1986466386175163	-0.12930144760260592	0.05369360768722872	-0.18871617169540372	0.15574660470142526	-0.016093622263667184	0.1733120320336019	-0.17498317562137414	-0.019507417061082524	-0.1534325252368448	-0.18825663529670503	0.053585176889956176	-0.12932652541823603	-0.19571484328749447	0.08576545443429799	0.10146432351503011	0.1973214669638128	-0.11550631304656908	0.0703060112050824	-0.1929643899291804	-0.14226314011898308	-0.03620409573532704	0.18229160668748437	-0.16506740639009254
-0.15802027868407997	0.19039545578627867	-0.07131897705141454	0.10448450216724114	0.19692537280987332	-0.13218383809492135	0.03812454460356534	-0.17789862336767737	-0.17530508752821952	0.032382192413791505	0.1364611174955369	0.1960289419266195	0.09863327607172906	-0.07773704553383094	-0.19193432281078807	0.15265782224714874	0.008628864243782671	-0.16311819652959228	-0.18773271929804802	0.0630977511574802	0.11173730034967819	0.19869037821464394	-0.12977561503016674	0.04064513313955702	-0.17976157350569985	0.17976157349471386	-0.040645133144277444	-0.12977561503178422	-0.19869037820278843	0.11173730036928131	0.0630977511711083	0.18773271931680488	-0.16311819649244863	0.00862886426808571	-0.15265782226900582	0.191934322800713	0.0777370455517155	0.09863327603236285	0.19602894195156145	0.13646111748044062	0.032382192360990845	-0.1753050875942165	-0.1778986233088349	0.03812454450365425	-0.13218383809431122	0.1969253729771938	0.10448450191792194	0.07131897689344052	-0.19039545548543624	0.15802027910065888
-0.15037374488078228	0.19561410813808988	-0.10400748145819447	0.06040479767267473	0.18239837826370872	-0.176268424971042	-0.04620813563262579	-0.11634407225707367	-0.1969169435978672	0.1386976050717062	0.017301816284948184	0.16110294790690738	0.19133196411571804	0.08670979351905424	-0.07901486215623511	0.18915118045104876	-0.16629298001938414	0.026634215844453513	-0.13177841372572924	0.19820557868697808	-0.12667388952035794	0.03274035290049572	-0.16986555349037416	-0.1909932876362276	0.08225671953351454	0.08225671953196244	-0.190993287638608	0.1698655534946639	0.03274035289655705	0.12667388952131378	-0.1982055786736267	-0.13177841375071128	-0.026634215870256935	0.16629298002315873	0.18915118042745255	-0.07901486218132485	0.08670979352245632	-0.19133196408789716	-0.1611029479459713	-0.01730181630456938	-0.13869760506927134	0.1969169436060424	0.11634407220953663	0.046208135755377855	0.17626842492130199	-0.1823983783812413	-0.060404797480388905	-0.10400748137877243	0.19561410781885755	-0.15037374532415299
-0.1421565613639775	0.19786806163734097	-0.13315702304864555	0.012682604415005558	0.150747364287364	-0.19662555486966238	-0.12211626351258097	-0.027235245277292243	-0.15985996790525334	0.19433159148550191	-0.10945192916247613	0.04265605648828749	0.1685725278302567	0.19100480107589984	0.09624178482951205	0.0575379126833857	-0.17611649232420884	0.1870664775976932	0.0839332873067149	0.0702767068987966	-0.18207217203310044	-0.18444774229225508	0.07668355905267796	-0.07661197590504563	0.18493299536439028	-0.18493299535393176	0.07661197590944833	0.07668355905383753	0.18444774228165645	-0.18207217205209414	0.0702767068797668	-0.08393328730544412	0.18706647758292116	-0.17611649234877474	-0.05753791264145478	-0.09624178479135746	-0.19100480109756718	0.16857252782388205	0.042656056518195	-0.10945192911732647	0.19433159152936708	-0.15985996786110684	-0.027235245257118686	-0.12211626363854297	-0.19662555478168697	0.15074736435078168	0.01268260429466841	0.13315702304543922	-0.19786806130111675	0.14215656181979275
-0.13340031195707566	0.19712383373377915	-0.15777652600856834	-0.03580449498729351	0.1049440034062032	-0.19051557948900444	-0.17576090370355082	0.0683244500489326	-0.07517517301611239	0.17895659768773536	-0.18815755203040097	-0.09790525810284209	0.04408976096077015	0.16279878949202461	0.19557343830107407	-0.12521357828015717	-0.011089328826564843	0.1415788249054099	0.1978909129787563	-0.15091511714019454	0.025576017815206794	-0.11298254725622969	0.19383975089004132	0.17656993842707622	-0.07062336914061762	-0.07062336913777613	0.17656993842980687	-0.19383975089434868	-0.11298254724653724	-0.02557601780676225	0.15091511713734237	0.1978909130022586	-0.14157882486912698	0.011089328844038352	-0.12521357830191948	0.19557343828026616	0.1627987895150193	-0.04408976097394564	0.09790525809916054	0.18815755197761283	-0.17895659775320866	0.07517517293982376	-0.06832445003388117	0.1757609038164525	0.19051557937977281	-0.10494400341482853	0.03580449502897725	-0.15777652607803566	0.19712383338257305	-0.1334003124103662
-0.12413769388247164	0.19339188143792832	-0.177027681124657	-0.08213244878991528	0.049287254715147145	-0.1587583865600183	-0.19735796164400704	0.14769996676791447	0.03190446766498789	0.09819166088680766	-0.18426362081527808	-0.18770882497530367	-0.10699942226862559	0.02165413937677388	0.14060760635862324	-0.19667707970700687	0.16494180755810234	-0.05975353207279043	0.07194008747233756	-0.1718262095744432	0.19627048206990017	0.13529926815524512	-0.016102906341225142	0.10985359486408233	-0.18936108408513383	0.18936108407436628	-0.1098535948676309	-0.016102906341689482	-0.13529926814796434	0.19627048208330836	-0.17182620955526573	-0.07194008749131499	-0.059753532087862875	0.16494180756571328	0.19667707969579384	-0.14060760637036135	-0.021654139381370546	-0.10699942224644286	-0.18770882499868344	-0.18426362077490513	0.09819166094159142	0.03190446774754417	0.14769996672120014	-0.19735796173151773	-0.15875838644871987	0.04928725467217067	-0.08213244875320028	0.1770276812609554	-0.19339188107532257	0.12413769432015884
-0.1144052407025683	0.18673120000057578	-0.19025828149058946	-0.12350947279593318	-0.010997930121004565	-0.10563098290365942	-0.18297424938261392	0.19209811568580334	0.12948060274587486	-0.018452476865995295	-0.09948284789001907	-0.18020403668930776	-0.1935285289150684	-0.1345197455895593	-0.025291283025819157	-0.09334649343745664	0.1772209676176092	-0.19531353908769195	-0.1412248853442684	0.035283292412632644	0.08341972769845118	0.17186277968459265	-0.19889685010969496	-0.1558993474424697	0.05871621876832244	0.058716218764488404	-0.15589934744621106	0.19889685011559133	0.1718627796710989	-0.08341972771036196	-0.03528329242093114	-0.14122488535056538	0.19531353906294333	-0.17722096764182171	-0.09334649341555457	-0.025291282990488436	-0.1345197456108095	0.1935285288986571	0.18020403672579777	0.09948284787413153	0.018452476848703714	-0.1294806028091832	-0.19209811561827944	0.18297424943664828	0.10563098280995332	0.010997930207444235	0.12350947268636675	-0.19025828168541184	0.18673119963220752	-0.11440524111413336
-0.10423635264707981	0.17723610738517775	-0.1970094352936536	-0.15743098380800588	-0.0702439361296091	-0.03828937254369257	-0.13523252107201472	0.19100099766521092	0.18847847990282432	-0.12835376556692307	0.028974285739019893	-0.079264300948343	-0.16325616936771992	-0.19735310991563168	-0.17121537504017043	0.092928430065302	0.013559954700029898	-0.11586998321444925	-0.18316598452433133	0.19555474526916294	-0.1499466338306695	-0.060548216602130916	-0.04603207226409716	-0.1391631036274662	0.19299341504804327	-0.19299341503922943	0.13916310363516946	-0.04603207226657617	0.0605482166037457	-0.149946633843158	0.19555474525582395	0.1831659845410058	-0.11586998317492915	0.01355995471697722	-0.09292843006736871	0.17121537500552497	0.19735310995092198	-0.16325616936955945	-0.07926430097976814	0.02897428573031519	-0.12835376559983053	0.1884784799318641	0.19100099759093173	-0.135232521084541	-0.03828937248164135	-0.07024393624543344	-0.1574309836308313	0.19700943553456293	-0.17723610702185352	0.10423635302876277
-0.09367571574474277	0.16506207014322252	-0.19706696395379822	-0.1818680854454533	-0.12290282042311314	0.0342091373744744	-0.06283966815791578	0.14468228948866982	0.19134355212463336	-0.19138003799508424	0.1447369929074286	0.06278715337285672	-0.03446106574809465	-0.12328635414379713	-0.18208072553568022	0.19663447276518803	-0.16357510068732922	0.09111318964721986	-0.0030868773755983823	0.09637408381537071	-0.16676758098825797	-0.19830191389410942	0.18459986564376377	0.1297543250098832	-0.04659659814000834	-0.046596598139562455	0.12975432500844836	-0.18459986564348527	-0.19830191388548282	0.16676758101587477	-0.09637408380195372	-0.0030868773697802416	-0.09111318966679184	0.163575100690495	0.19663447273456097	-0.18208072551938143	-0.12328635417402217	0.034461065778500805	-0.06278715335734898	-0.1447369928881361	0.1913800380759353	-0.1913435521193607	-0.14468228941839323	0.06283966811864401	-0.03420913739826253	0.12290282054784744	0.18186808520410294	-0.1970669642255286	0.165062069801842	-0.09367571610032394
-0.0827568469926206	0.15038082599976552	-0.19041117633493868	-0.1953272276499962	-0.16401387042226834	0.10209850179783655	0.021016192868072214	0.06407707683756361	0.13716118191298707	-0.18441728934182325	0.1968892675150902	0.17221102599622035	0.11506084266861127	0.036258363289856765	-0.04931501275045036	0.1255668777319123	-0.1782654476214326	0.19773979332659292	0.18068165780847698	-0.13068320279093465	0.057382862564368246	-0.025615263193768046	0.10356283603698685	0.16337765558220643	-0.19567301229289594	0.19567301228086337	-0.16337765558276945	0.10356283603694492	0.02561526319435497	0.057382862555781414	-0.1306832027851782	-0.18068165783764648	0.19773979331342775	-0.17826544763734226	-0.12556687769365465	0.049315012756658935	-0.036258363283750615	0.11506084261848885	0.17221102599838914	0.1968892674973293	-0.18441728944285068	0.13716118188446028	0.0640770767859913	0.021016192958226522	0.10209850178380521	-0.16401387054229843	-0.1953272273582022	0.1904111766205364	-0.15038082569074812	0.08275684732077129
-0.07154093404335958	0.13345414959615048	-0.17732603049673065	-0.19706878168857833	-0.18979672362085465	0.15631532632852346	0.1011030224935743	-0.03174767886744054	0.04209761780091313	-0.11008526135459545	0.16265946738968048	0.19243121803963004	0.19523637393854124	0.17072350789447455	0.1223897827543183	-0.05706323047625876	-0.01609303547529003	0.08691352735478815	0.14571057611348856	-0.1846835299905947	0.19902909508983208	0.18754029806824918	-0.152545119679861	-0.09919282846160106	0.03435790625298664	0.03435790625258245	-0.09919282846323378	0.15254511968166268	0.18754029805569317	-0.19902909510567296	0.18468352997346493	0.14571057613643662	-0.08691352733467589	0.016093035485602893	-0.057063230492805074	0.12238978273997521	0.17072350791506496	-0.19523637388588622	-0.19243121804900123	-0.1626594673812462	0.1100852614401099	-0.04209761776830622	0.03174767888792629	-0.10110302262643422	-0.15631532628517028	0.18979672372863246	0.1970687813664284	-0.17732603077803208	0.13345414932530653	-0.07154093434011784
-0.06003124481213861	0.11445788989728933	-0.1581318340838262	-0.1868174053916109	-0.1976182301736604	0.1893165668274575	0.1625598406306294	-0.1198486614133617	-0.0653150814880418	0.004313785137434366	0.05712483720761358	0.11291548250672608	0.15754288856365434	0.18662429055970894	0.1973521668164394	-0.18877382914296675	0.16188029630224043	-0.1194931257292338	-0.06595333009069566	0.006631920345744405	0.05269901609314353	0.10656393552022811	-0.1504277699995147	-0.1811101936460968	0.19681541668592956	-0.19681541667736008	0.18111019365267925	-0.15042777000157204	-0.10656393551161751	0.05269901610324904	0.006631920350022706	0.0659533300984292	-0.11949312572814268	0.1618802963077622	0.1887738291295611	-0.19735216680844678	-0.1866242905906303	0.15754288853161777	0.1129154825135038	0.05712483721010374	0.0043137851009370665	-0.06531508151073147	-0.11984866139743872	0.16255984078773303	0.18931656676522232	-0.19761823026630843	-0.1868174050662308	0.15813183434439268	-0.11445788966683938	0.06003124507036105
-0.04834336491136898	0.09382705794747749	-0.1337088660244124	-0.16550204665134016	-0.1871362272865362	0.19712194481360962	0.194689447176591	-0.17987569010783225	-0.15354504663922958	0.11734093402197682	-0.07357494400742173	-0.02506557811949953	0.025058369341613398	0.07357394150849449	0.11738439754980254	-0.15373001322014257	0.18037723023248214	-0.195775428922362	-0.1991706491401181	0.19066317618428663	-0.17119049461656982	-0.14241134684949003	0.10647243029549461	0.06567931072345322	-0.02217798218524228	-0.022177982184588944	0.06567931072524612	-0.10647243029762	-0.14241134683940987	0.1711904946255663	-0.1906631761695901	-0.19917064917073452	0.1957754289049496	-0.1803772302459724	-0.15373001319333465	0.11738439755062292	0.0735739415265966	-0.025058369348248694	0.025065578117622198	0.07357494399659856	-0.11734093405041625	0.15354504664838645	0.17987569006078066	-0.19468944733457538	-0.19712194474249453	0.18713622736291785	0.1655020463513459	-0.13370886625131717	0.09382705775867137	-0.048343365124245224
-0.03653800528244046	0.07189607945947725	-0.10489509700971351	-0.13437452089393176	-0.15923364692419312	0.1784900799675203	0.19134262514241568	-0.19722614831806537	-0.195850796541181	0.18722252019601132	-0.17164543857949166	-0.14970821620610672	-0.12225736484191807	-0.09036034895947917	-0.05526091109360323	0.01832824961571855	0.018999495835625605	-0.0552784084156901	-0.0891310702435586	0.11933100317038232	-0.14489962981594917	-0.16520536313330558	0.1800314056094363	0.18955100414265505	-0.19415362900154748	0.194153628994517	-0.18955100415171675	0.1800314056128226	0.1652053631193683	-0.14489962982699875	0.11933100315818691	0.08913107025984185	-0.05527840840616727	0.018999495841289207	-0.018328249627748802	0.05526091108768916	0.09036034896800907	-0.12225736479976942	-0.1497082162082015	-0.17164543856426165	0.1872225202750107	-0.19585079653947185	-0.19722614825567697	0.1913426252806889	0.1784900798988522	-0.15923364698263492	-0.13437452064397845	0.1048950971919111	-0.07189607931471521	0.036538005445937445
-0.024848550663470366	0.04939250241814602	-0.07330699563868534	-0.09623651898675173	-0.11779868853741103	0.13759973652163104	0.15525576866064836	-0.1704138914479175	-0.18276972687918147	0.1920798871975275	-0.19816965223292277	-0.2009366660784173	-0.20035174679945775	-0.19645786741534976	-0.18936824187644213	0.17926430640462912	-0.16639406125312772	0.151070746756962	0.13367080105764376	-0.11462821097803788	0.09441945724942633	0.0735301946772146	-0.052395787065326924	-0.03132090412724806	0.010412772494276329	0.010412772493955634	-0.0313209041282327	0.0523957870664922	0.07353019467197622	-0.09441945725351614	0.11462821097023787	0.1336708010775146	-0.1510707467471951	0.16639406126098324	0.17926430639065236	-0.1893682418692959	-0.1964578674447063	0.20035174674359976	0.20093666608273575	0.1981696522177054	-0.19207988729122966	0.18276972687183765	0.17041389138933052	-0.15525576876477049	-0.13759973646642318	0.11779868857699266	0.09623651880427779	-0.07330699576819738	0.049392502318950086	-0.024848550776234053
-0.013010674479869616	0.026015407141444694	-0.03899573979270793	-0.05191261945368024	-0.06470471742149557	0.0772921005714989	0.08958269426190747	-0.10147898776398064	-0.11288351891990753	0.12370252674652285	-0.13384788168150552	-0.1432376077937628	-0.15179544002688058	-0.1594498960515496	-0.1661334292468805	0.17178246462221677	-0.17633947461389396	0.17975885277537645	0.18201901370630083	-0.1831434464241883	0.1832319601959007	0.18249727413046374	-0.1812888037119602	-0.18006869687055843	0.17930622043827626	-0.1793062204322047	0.18006869687969623	-0.18128880371559752	-0.1824972741152223	0.183231960206821	-0.18314344640913943	-0.18201901373566215	0.17975885276081793	-0.17633947462438648	-0.17178246460243557	0.16613342924201055	0.1594498960774127	-0.1517954399876191	-0.14323760779728398	-0.13384788167167205	0.12370252681010428	-0.11288351891368606	-0.10147898772786901	0.08958269431976032	0.07729210053983175	-0.06470471744200115	-0.05191261935405116	0.03899573986225716	-0.026015407089398538	0.013010674539522787
