0.9309892309423391
0.9303894857988493
0.9293766809086185
0.9279301689287027
0.9260195047983834
0.9236029857954877
0.9206257587561955
0.9170173809904402
0.9126886767792035
0.9075277057376238
0.9013946445525253
0.8941153873387002
0.885473719753097
0.875202067475133
0.862971154592711
0.848379591968569
0.8309456905511409
0.8101060080191907
0.7852286029414777
0.7556536791560555
0.7207789351954685
0.6802072306172597
0.6339605359447003
0.5827221364165429
0.527994617196195
0.4720053828046748
0.41727786358180285
0.36603946405478804
0.319792769384139
0.2792210648019239
0.24434632084708247
0.21477139705643256
0.18989399198359042
0.16905430944631653
0.1516204080375497
0.1370288454060657
0.12479793252316321
0.11452628024408962
0.10588461266076549
0.09860535544682583
0.09247229425896683
0.08731132322267517
0.0829826190111594
0.07937424124673265
0.07639701420537129
0.07398049520340871
0.07206983107348547
0.07062331908971586
0.06961051420087422
0.06901076905384017
