-0.008786666024820356	0.018058255218182828	0.02798939970489075	0.03851782166767628	-0.049512390745767514	0.060835930961202406	0.07236011656977151	0.08396774956555252	0.09555151967150853	-0.10701164161945861	0.11825321641653568	0.12918345696601669	0.139708760922527	0.1497318065848455	-0.15914848363108594	-0.1678448528621967	-0.1756950544557365	-0.18256154574297045	0.18830088497217948	0.19278039629433624	-0.19591244757041568	-0.19771227752324222	-0.19837246687924953	-0.19830718526377594	0.1980665717812054	-0.1980665723080056	0.19830718569081668	-0.19837246621051366	-0.1977122771739189	-0.19591244842604424	-0.19278039658792692	0.18830088389546126	-0.18256154548053216	-0.17569505565819016	-0.16784485302604923	0.15914848253736885	-0.14973180677868336	0.13970876181457026	-0.1291834562697438	-0.11825321564447269	0.10701164255534545	-0.09555152017662814	0.08396774865602137	-0.07236011654857007	0.06083593185949988	0.04951239045737049	0.03851782089215628	-0.027989400015257456	-0.01805825562580035	-0.008786665743874216
-0.01821584276242079	0.03720741140153312	0.05709122109918444	0.0774747336754903	-0.09781502387839448	0.11756023183970515	0.13619020833292844	0.15322967371991866	0.1682531176082075	-0.1808867789921671	0.19080978689150696	0.19775508121899135	0.2015104477443912	0.20192027195852955	-0.19888799605202034	-0.19237982830826664	-0.18243080152147023	-0.1691537839322223	0.1527520459288405	0.13353419754574575	-0.11192585307440361	-0.08846571680987907	-0.06376475676819988	-0.038407510704661633	0.012816060936295972	0.012816060836634051	-0.03840751091092849	0.06376475670814785	0.08846571656269685	0.11192585337686672	0.13353419777617856	-0.15275204525698538	0.16915378372845635	0.18243080256468228	0.19237982838386658	-0.19888799486573963	0.2019202724105362	-0.20151044895346168	0.19775507996492755	0.19080978560748713	-0.18088678066820585	0.1682531185782701	-0.15322967205812868	0.13619020820991484	-0.11756023349935416	-0.09781502335638403	-0.07747473224450341	0.05709122177189598	0.03720741214078291	0.018215842063582264
-0.028713347906742053	0.05807438950357363	0.08767078689295212	0.11628157998250649	-0.14248818644151012	0.16494389834424422	0.18247749444524825	0.19414558439561294	0.19926380139033975	-0.19742528594198439	0.1885097648206265	0.17268431274306517	0.15039653134857128	0.12236101396505648	-0.08953922297169976	-0.053113307490193794	-0.014453891983524701	0.024919952581642087	-0.06339277780377497	-0.09932512705265865	0.13115756397439862	0.15755499059523298	0.17757918011200904	0.19081906956663033	-0.1973346683951857	0.1973346689044982	-0.19081906997934445	0.1775791795483718	0.15755499031169798	0.1311575645091025	0.09932512718796864	-0.06339277743593455	0.02491995260783431	-0.014453891922737933	-0.053113307553601184	0.08953922268754429	-0.12236101432678999	0.15039653205170647	-0.17268431152776276	-0.1885097636571984	0.19742528779097085	-0.19926380239714792	0.19414558226621678	-0.18247749441532493	0.1649439007537539	0.14248818565386312	0.1162815777756156	-0.08767078788449129	-0.05807439067935139	-0.0287133468664062
-0.039957357689548056	0.07973872166759764	0.11770661965684996	0.15119104457539123	-0.1774712563634549	0.19427064357823162	0.19998768025583208	0.1938163036586251	0.17579511856712765	-0.1467972688242985	0.10846777989714809	0.06311421844979208	0.013557898574164591	-0.03704584614696016	0.08540922834480236	0.1283253413739033	0.1628838210042201	0.1866801123339382	-0.19800987258941544	-0.19603751917382944	0.18091863833833643	0.15383952761782094	0.11691673871798436	0.07290329799891407	-0.024747661300133728	-0.024747661038615178	0.07290329844807485	-0.11691673870108071	-0.15383952711408236	-0.18091863867579755	-0.19603751957879828	0.19800987194645162	-0.1866801121824049	-0.16288382180948774	-0.1283253412222843	0.08540922765214108	-0.03704584630139592	-0.013557898344650364	0.06311421804372526	0.10846777949289838	-0.1467972700628858	0.17579511901370834	-0.19381630149331555	0.1999876806270071	-0.1942706466787811	-0.17747125528426733	-0.151191041470755	0.11770662086509891	0.07973872340022505	0.03995735645485044
-0.05154886957172619	0.10110459929720608	0.14492182052159183	0.17828454788452358	-0.19705797393838873	0.1985417464855775	0.1818627591298543	0.14809105651697824	0.10013239441750879	-0.04242986175302792	-0.01948752302820107	-0.0795630316184537	-0.1318233718999592	-0.17098569001770555	0.19300422214221688	0.1955054973885024	0.17807062837505822	0.14233367442075504	-0.09187589061271116	-0.031904186412216026	-0.031288973862021514	-0.09106586298366524	-0.1413120540527283	-0.17724858723600237	0.19587896778961475	-0.19587896815948921	0.17724858744694671	-0.14131205367541655	-0.09106586301003824	-0.03128897402844448	0.03190418665285624	-0.09187589032971072	0.14233367410914197	0.17807062920119512	0.19550549748437282	-0.19300422101929113	0.17098569032943117	-0.13182337281030496	0.07956303121761756	0.01948752271459602	0.04242986194522663	-0.10013239431442071	0.1480910549376811	-0.1818627598031677	0.19854174972060704	0.19705797265443004	0.17828454425211157	-0.1449218220255619	-0.10110460144055973	-0.051548867956667736
-0.06326792874165287	0.1214654108353403	0.1677716408183777	0.1950723641824838	-0.1983563379519267	0.1760141536832047	0.13024156999908543	0.06677203674240466	-0.0059374763678517045	0.07792214110477101	-0.139143883318293	-0.18094103896047117	-0.19729035123729075	-0.18570585429182707	0.1476472260894232	0.08837485451484739	0.01626122260284733	-0.05836227923417138	0.12468258914818768	0.1730167701199008	-0.19632828479688272	-0.19138340563953812	-0.15926818125145045	-0.1050493704967446	0.03663553042474922	0.036635529987329676	-0.10504937113448828	0.15926818137013907	0.1913834050566089	0.19632828493837193	0.1730167703797403	-0.1246825889942664	0.05836227942549336	-0.016261222810625538	-0.0883748549066083	0.14764722534810987	-0.18570585433740472	0.19729035224131847	-0.18094103822576518	-0.13914388261582394	0.07792214187189028	-0.005937476752067608	-0.06677203614740729	0.1302415706609093	-0.17601415642514745	-0.1983563366920646	-0.19507236059297076	0.16777164270266728	0.12146541309819414	0.06326792643346674
-0.0749798997692824	0.14030431029384938	0.18513296588952632	0.20007808120560444	-0.1807315436358046	0.1292732408944558	0.05429473109459929	-0.03078204224227662	-0.11027770677826056	0.16928875810583602	-0.19658843171236143	-0.1868388002727384	-0.14169049915378876	-0.06955507541762386	-0.015919767393719808	-0.09840015992419739	-0.1619762038770181	-0.19425494076266983	0.18884379250408267	0.1467152053611649	-0.0761133050455196	0.009083284521631728	0.09228666457265158	0.15772933444516826	-0.19354816345894005	0.19354816361699034	-0.1577293343245115	0.09228666440332568	0.009083285003315834	-0.07611330516723001	-0.14671520601876378	0.18884379196853932	-0.19425494031008267	-0.1619762045169909	-0.09840015992738868	0.015919767251442618	0.06955507544607732	-0.14169049983991253	0.18683879951978793	0.19658843072621623	-0.16928875940200055	0.11027770743762676	-0.030782041928300887	-0.054294731604385776	0.1292732429063698	0.1807315426675993	0.20007807798083135	-0.18513296805034293	-0.14030431251118664	-0.07497989669987555
-0.08658596803173799	0.15720844420859256	0.19621826431163295	0.1927871888734835	-0.14571343627612493	0.06470081912214856	-0.03172009013938251	-0.1206992157037133	-0.180747113942906	0.19713019131442355	-0.1656263170053879	-0.09370106038659214	0.0012011756466165332	0.09585176430049051	-0.16691056711412047	-0.19669834203910622	-0.17764828130827845	-0.11431146316321414	0.02235908378373993	-0.07525808666284313	0.15411224604707308	0.19460389339752965	0.1870246998567396	0.13382693861615066	-0.048453558770900955	-0.04845355862779098	0.13382693889982242	-0.18702469969088645	-0.19460389333498943	-0.15411224635274676	-0.07525808625300018	-0.022359083791610845	0.11431146243370661	0.1776482818472228	0.196698342471593	-0.16691056645799685	0.095851764335513	-0.0012011755484506773	-0.09370106011034239	-0.16562631614350876	0.19713019247417876	-0.18074711458262593	0.12069921469500494	-0.031720089993645444	-0.06470082015869438	-0.14571343582677765	-0.1927871863884991	0.19621826669303233	0.15720844619094174	0.08658596408965241
-0.09797123403109735	0.1717623822011457	0.20041604725927878	0.17340242303534306	-0.09646812255476672	-0.008901755534350334	-0.11173144899284282	-0.18108419163270978	-0.19574010503751546	0.15094573721785126	-0.06010207458806442	0.0491681365005738	0.1433970007083249	0.19353987332511885	-0.18398276052933418	-0.11749178240928083	-0.014520943871556554	0.09299503875344795	-0.1715300658607938	-0.1965093028434155	0.1601561916813322	0.07400404173647382	-0.03491540102583895	-0.13295148959524025	0.19047695076069387	-0.19047695096775666	0.13295148943029078	-0.03491540079754932	0.07400404123621535	0.16015619177721102	0.19650930320100526	-0.17153006556003855	0.09299503904553447	-0.014520943961458385	-0.11749178309499861	0.1839827598173602	-0.19353987306774229	0.14339700118033144	-0.04916813651820608	0.060102073984000644	-0.1509457379557685	0.19574010576745468	-0.1810841902931716	0.11173144896140785	-0.008901755288236656	0.0964681226145063	0.17340242118219926	-0.20041604964916493	-0.17176238407441874	-0.09797122950872347
-0.1090477111773862	0.18364480306359865	0.19745650210269866	0.14303006785508338	-0.0377342857645815	-0.08127101722626948	-0.17061680468716436	-0.1971333093877203	-0.15063110429571774	0.04808943322584366	0.07242121669437845	0.16586018047805043	0.19710403202975615	0.15424533898365714	-0.053249674276177515	0.06787467409787133	0.16330740350343587	0.1967609380824229	-0.15538291740927102	-0.05483128439594919	-0.06660952839739362	-0.1627740300197225	-0.19746850879996586	-0.15817522946541607	0.0601266896597753	0.06012668952949332	-0.15817522975103493	0.197468508528729	0.1627740300964026	0.06660952873235375	-0.05483128493278817	0.15538291730555942	-0.19676093772987732	-0.16330740384311293	-0.0678746736399141	-0.053249674071198114	0.15424533844072832	-0.19710403270038684	0.16586018048444665	0.07242121695839923	0.048089433445004826	-0.1506311051458771	0.19713330808758456	-0.1706168045026896	0.08127101752260243	-0.03773428620161103	-0.14303006643168234	0.1974565043014648	0.1836448050098967	0.10904770642212182
-0.11974060744667452	0.19260363862154106	0.18737290585523242	0.10354206677284582	0.024727411538192773	-0.14221484007326954	-0.1971503152617712	-0.16481450589428778	-0.05918758716957202	-0.07284769116431808	0.172282078825953	0.19444122176408155	0.1292008927053881	0.0057654424554156826	0.12028019501064804	0.19194705433102083	0.17665494996199427	0.08117931381808655	0.05119999300393266	0.1602757620542541	-0.1964300227771807	-0.14340106257580768	-0.025557130682407756	0.10373971588680561	-0.18671312861409337	0.18671312887318733	-0.10373971576754791	-0.025557130823492456	-0.14340106223515672	-0.19643002312451655	-0.16027576197134416	0.05119999261359423	0.08117931321018715	0.17665495013995847	0.19194705442228688	-0.12028019471550638	-0.005765441851991618	0.12920089316139355	-0.1944412219819731	-0.17228207876552232	0.07284769131776686	0.05918758810891373	-0.16481450493671918	0.19715031473625247	-0.14221484067581255	-0.024727410922601174	0.10354206558332087	-0.18737290770725143	-0.1926036407864815	-0.11974060274871615
-0.1299880288133908	0.19845865614613825	0.17049592907062944	0.05744316873834672	0.08473563450587723	-0.18311134585945088	-0.18623841261372132	-0.09200472207962125	0.0504888901044841	-0.16637479130816374	0.1944580137256889	0.11973264134591591	-0.018398473226896507	-0.14675853082136717	0.1971232654784976	0.14256090657410234	0.011998690616491512	-0.12495104085456284	0.19506191721127747	0.16076266529479835	-0.04042047467395519	0.10155578570898803	0.189537727284095	0.17721221371533646	-0.07159099484044192	-0.07159099472280137	0.17721221396509346	-0.18953772698270738	-0.10155578590717629	0.04042047454789587	0.1607626657499351	-0.19506191676996973	0.12495104103123914	-0.011998690327581277	-0.1425609070574536	0.1971232650632883	-0.14675853116054424	0.018398473267854897	0.11973264174344833	0.19445801344765928	-0.1663747916068921	0.05048888918802936	0.09200472168447256	-0.1862384117388362	0.1831113465925657	0.08473563392226377	-0.05744316763106891	0.17049593046054035	0.19845865860830492	0.1299880243819296
-0.13973000037681912	0.20108153456196826	0.14740705598139733	0.0076656719838439	0.1363514736652705	-0.19817580861228548	-0.1399294679200368	0.003421959503768497	0.14461734699203785	-0.19725090438343024	0.12890477726525992	-0.018606621158655415	-0.15463367564636765	-0.1953561590501827	0.11553478725547987	-0.03565661300028616	-0.1647543469454435	-0.19174765604703167	0.09979707647514116	-0.05409303531544022	0.17441997159129471	0.1866687534739537	0.08355433637067511	-0.07105727150099052	0.182269271079692	-0.18226927133528695	0.07105727133813554	0.08355433642327993	0.18666875321900497	0.1744199720020637	0.05409303497656675	0.09979707652605128	-0.19174765561935933	-0.16475434743826733	-0.0356566125900803	-0.115534787185831	0.1953561589868474	-0.15463367614348525	0.018606620792037152	-0.12890477693386881	0.1972509046345317	-0.14461734626449652	0.0034219592359934635	0.1399294668827926	-0.19817580938007587	-0.13635147325359512	0.0076656709357172	-0.14740705685500458	-0.20108153727330663	-0.1397299962690203
-0.14891380511808833	0.20040787611578553	0.11893068931758287	-0.0426048620285847	0.1744560533371161	-0.18527074707022728	-0.0670193760021351	0.09800114100918553	0.19417737132768637	-0.15381834695968347	0.005174981524175283	-0.14706098645939136	-0.19541660460654509	-0.10561935573466824	-0.058900277757780665	-0.18163264995289713	-0.17547110104692232	-0.044685629347708124	-0.11783371132082063	-0.1965017752611129	0.1353810135148154	-0.021990368039109365	-0.16392974567691102	-0.19026392960445718	0.08279324273470368	0.08279324264969512	-0.19026392983149432	0.1639297453723403	0.02199036832754632	-0.13538101359525553	-0.19650177547517034	0.11783371081612116	0.044685628831462196	0.17547110120087553	0.18163264997049297	-0.058900277365645175	-0.10561935539581019	0.19541660520138218	-0.14706098630934802	0.005174981313771183	-0.1538183470521151	0.19417737092097645	-0.09800114014556191	-0.06701937503076752	0.18527074778105396	0.17445605317114884	0.04260486299515368	0.11893068965673607	0.20040787898258414	0.14891380133626447
-0.1574922138213819	0.19643454826440618	0.08609920931563333	-0.090138596061551	0.19525951342316655	-0.14620258202451086	0.018636616911087086	0.16847534931909938	0.1838882247896664	-0.05243087395163478	-0.1208926506345164	-0.19733166307815572	-0.1155518045172842	0.058917897307717605	-0.18598548495965395	-0.16344747768421933	-0.009355526603643692	0.15221633123279568	-0.19099455118607625	-0.07566523351323576	-0.10073582051297965	-0.19603119304519678	-0.1336969466489165	0.03599160348151737	-0.17715330532974732	0.17715330558767972	-0.035991603293412895	-0.13369694661322531	-0.19603119291916252	-0.10073582088856885	0.07566523395720402	-0.19099455085574085	0.15221633124776895	-0.00935552621363475	-0.1634474780729229	0.18598548445458607	-0.0589178976582922	-0.11555180476107278	0.19733166316014292	0.12089265060044928	0.05243087389083254	-0.1838882247659957	0.16847534808291714	-0.018636617621668565	-0.14620258259339844	-0.19525951353014606	-0.09013859692256435	-0.08609920911635986	-0.19643455116017935	-0.1574922103329148
-0.1654233105175803	0.189218526793749	0.05011198788595017	-0.13187556895955493	0.1966875361849931	-0.08647950789677422	0.10074796060738907	0.19750804793823076	0.11691763649001506	0.0687094364218733	-0.19238753297588002	-0.14267745078894983	0.035662982228587256	0.18172784479469908	-0.16356758835782553	0.002459114095679618	0.16618006241370448	0.1793381578628627	-0.02996964196466605	0.14654663705967952	-0.19020992962075356	-0.06152481752691038	0.12301711052845483	0.19687423882917857	-0.0936864357675213	-0.09368643569557421	0.196874239009144	-0.12301711022614586	0.06152481722010643	0.19020992990338131	0.14654663699340087	0.02996964224647528	-0.17933815739531633	-0.16618006297305618	-0.0024591137431775635	-0.16356758821000872	0.18172784492661317	-0.0356629825300524	-0.1426774509854119	-0.1923875327200345	0.06870943658033617	0.11691763678865678	-0.19750804661900645	0.10074796092337336	0.08647950826798213	0.19668753657171184	0.1318755697185017	0.050111987154856465	0.18921852959230173	0.1654233072864697
-0.1726687461627346	0.17887224717562467	0.012286241416006139	-0.16512834481571959	0.17859240514934033	-0.014536192568260074	0.16368853873207437	0.1779500819318155	0.013904163415742181	0.16395606228997772	-0.17703416119325754	-0.012155819019036437	0.16485761147094294	0.17581807038859923	-0.009659437919435281	0.16614092803883243	0.17423608397486973	0.006431788914252254	0.16780241885105412	0.17242555981181726	-0.002774819558361026	0.1698218288245532	0.1713186225835045	0.0002806747304246765	0.1713772510744805	-0.17137725132850237	-0.0002806749477787092	0.1713186224790415	0.16982182884971067	-0.0027748192920093815	-0.17242556014736377	0.16780241825677925	0.006431788557680742	0.17423608412332628	0.16614092805802508	0.009659438324975927	-0.17581807032431856	0.1648576122026486	0.012155819073565846	0.177034160764432	-0.16395606237678334	-0.013904163971478348	0.1779500808689359	-0.16368853863262464	-0.014536192719355306	-0.1785924058147749	-0.16512834551916694	-0.012286240154547155	-0.1788722497483464	-0.17266874314747757
-0.17919434921818994	0.16556244874748183	-0.025990751551011392	-0.18775470260612895	0.14276712610567924	0.05946069822736955	0.19547639721362645	0.1146076935958705	-0.09339674145453007	0.19741512621081533	-0.08176224871106579	0.12482777274039072	0.1922508971918303	0.045368034360539766	0.15201574688359223	0.1796538673328666	0.006695404501671444	-0.17364444040773871	0.15981996474100457	-0.03270580852262635	0.18870252458508302	0.13386066763589738	-0.07061423585621669	-0.19681245315259713	0.10422720283700909	0.10422720279672128	-0.1968124533002273	0.0706142355884991	-0.13386066737157945	-0.18870252503135093	-0.03270580830122671	-0.15981996453487515	0.17364444019292444	-0.006695404089849431	-0.17965386768712407	0.1520157462228393	0.04536803429170303	-0.19225089796287836	0.12482777298276539	-0.08176224826513802	0.19741512617610396	-0.09339674086689516	-0.11460769291442174	0.19547639664190597	-0.059460698206439594	0.14276712703472955	0.18775470326505078	-0.025990753237949842	0.1655624510667877	0.17919434643250348
-0.1849699674934078	0.14950692986943379	-0.0633130068847534	-0.198295341251876	0.09276585623066036	0.12505291937688295	0.1900591841858613	0.023064513307696904	-0.17190152277228146	0.1564736252855625	0.05042086698985921	0.19543085402101915	0.10092593133712087	-0.11721899499648294	0.1914805948960041	0.030779866778828168	-0.16759210001820782	-0.16003761256701998	-0.044127965890582176	-0.1940190159167706	0.10545834821229844	-0.11280682665817998	-0.19291206072592404	-0.036536172448492124	-0.16495829100255585	0.16495829126949277	0.0365361726313617	-0.1929120604671602	-0.1128068266758587	0.10545834830581877	0.1940190162392281	-0.044127965572340305	-0.16003761194522909	-0.16759210052599846	0.03077986706973349	-0.1914805944518594	0.11721899480948361	0.10092593183594815	-0.19543085459071385	-0.0504208673376452	-0.1564736251658211	0.1719015224199778	0.023064512946000197	-0.19005918308588882	0.1250529193187588	-0.09276585740062673	-0.19829534186622028	0.06331300883552256	-0.14950693196407633	-0.18496996498048743
-0.18996936699393555	0.130970367452826	-0.09830853861637631	-0.19606922739377164	0.033552123648998164	0.172968640835986	0.14846646891992918	-0.074153760732562	-0.1974026142721688	0.05655885545344267	0.15984110660682602	0.16210809887711222	-0.05272232082557596	-0.19677130430887	0.07700455059240444	-0.14591694010224532	-0.17297268954726158	0.03207421536315137	-0.19396541215330312	-0.09538906477286166	-0.13131895925997966	-0.18190722746386867	0.011615293604616172	0.1900774297252346	-0.11437462263623814	-0.11437462279240093	0.19007743002470467	-0.01161529361828014	0.1819072269972552	0.13131895940294736	-0.0953890654428094	0.1939654119687781	-0.03207421587256101	0.17297268949437516	0.1459169401991559	0.0770045505752536	-0.19677130368790754	0.05272232050600693	0.1621080998111116	0.15984110698582116	0.05655885522446827	-0.19740261430171713	0.07415376094605612	0.14846646725778717	-0.17296864052221642	0.0335521250413603	0.1960692279490257	-0.0983085406179314	0.13097036941768486	0.1899693648314184
-0.19416999147449984	0.1102592745018561	-0.12969060181095335	-0.1812181350037236	-0.02899391652595299	0.19643337945484457	0.07861369041622918	-0.15312401224862754	-0.16203583004239538	-0.06467281203307472	0.19709760167787535	0.04257839031045637	-0.17381238669519622	-0.13693620493041805	-0.0993797297153544	-0.19071823473720448	-0.004021637194205919	0.18840952147128662	-0.10596639412285716	0.13104114085411314	-0.17691406008853353	0.03533149435948021	0.19646283117798488	0.07154864372270778	0.1579180300339219	-0.1579180303007972	-0.07154864390187682	0.19646283085903593	0.035331494468853294	-0.17691406035336052	-0.1310411408644045	-0.10596639416704765	0.188409521102265	-0.004021636871208904	-0.19071823545274907	0.09937972966763499	0.13693620399943654	-0.1738123864385924	-0.042578391189747766	-0.1970976018627323	0.06467281196872936	0.16203583079668854	-0.15312401270991954	-0.07861368823176904	0.19643337885819237	0.028993915242034287	-0.18121813511791096	0.12969060329911292	-0.11025927672920684	-0.19416998988980871
-0.19755303562816068	0.08771683534732709	-0.15630510130843295	-0.15469743546313114	-0.08866011581739244	0.1921288470548517	-0.006203521376184609	-0.19441268953980767	-0.07670576969313074	-0.16152901994991856	0.14536856286757158	-0.0995944297728497	-0.18756704529294413	0.01990076158983152	-0.1958663117602488	-0.06312606375459032	0.16898310146710716	0.13459037444254288	0.1119658005520806	0.1819035491607323	0.035054489783137084	0.19695520534758518	0.04846597737402445	-0.17689593773839757	0.12408978753490024	0.12408978738933114	-0.17689593768100031	-0.048465977595342984	-0.19695520527024354	-0.03505449010337455	0.18190354953141835	-0.11196580012429198	-0.1345903737298127	-0.16898310167951666	0.06312606460806602	-0.19586631205916327	0.019900762541674832	0.1875670448053382	-0.0995944291065107	0.14536856298296738	-0.1615290195858804	-0.07670577104742954	0.1944126904025547	-0.006203523912249045	-0.19212884607858674	-0.08866011471922945	0.15469743511657513	-0.1563051020987979	0.0877168379408686	0.19755303468275578
-0.20010346999914969	0.06371711918349314	-0.17717302734350304	-0.11821431169685413	-0.13952002414738962	0.16066285630874594	-0.08983988401865522	-0.18785846036443976	0.03227654623619831	-0.1975041231986635	0.028008113342349317	-0.1888031970956023	-0.08549148809572334	0.16264020690680508	-0.13488370726413762	0.12152698226835895	0.17167543060857196	-0.06935327568811141	0.19260681494670162	-0.010946106341095867	0.19598825884188442	0.048551005069544156	-0.18164086258979373	-0.10413217858233643	-0.15028165336563326	0.15028165361015813	0.10413217881070168	-0.18164086233068955	0.04855100477561921	0.19598825906480896	0.010946105884799037	0.19260681491672038	-0.06935327616750393	0.17167543027526652	0.12152698194473775	0.1348837077680608	-0.16264020715088143	-0.08549148776256439	0.1888031971632846	-0.02800811316507011	0.1975041224876711	-0.03227654459354013	-0.18785846145143645	0.08983988640727401	0.16066285519533047	0.1395200234971154	-0.1182143108059202	0.17717302727483258	-0.06371712219190427	-0.20010346971802465
-0.20181002812701868	0.03865868952564446	-0.19152666320612416	-0.0741179035127401	-0.17652167721610515	0.10648345809247217	-0.15637426986086353	-0.1350736644118616	0.13130628634293295	-0.15903864159112754	-0.10199743556141816	-0.17760621979691724	0.06937889461289205	0.19016834954452758	0.034540287885937215	0.19632905111920612	0.001341061410169202	-0.19593896335776068	0.03707609289031905	-0.18912980719486217	0.07158816130458491	-0.1762777694098587	-0.10401312216861995	0.15771419610292609	-0.1333356984866301	-0.13333569819431862	0.15771419582991208	0.10401312250304189	0.17627776967736983	-0.07158816086967827	-0.18912980700972828	-0.03707609353095419	0.19593896326412727	-0.0013410607173930747	-0.19632905159239425	0.03454028761129514	0.19016834875902322	-0.06937889437671482	-0.1776062208010439	-0.10199743618921223	-0.1590386406318202	0.13130628479769227	0.13507366540264612	-0.15637427159551326	-0.1064834571807965	-0.17652167726024642	0.07411790199556545	-0.19152666216014136	0.038658692985729264	0.20181002852264157
-0.20266518368378963	0.012957848708290053	-0.1988379517316221	-0.025248004757519107	-0.1959894836564928	0.03724999183490677	-0.1931409916714159	-0.04904804545680863	0.1898469568582589	-0.060630206190593734	-0.18595246033961468	-0.07195785909167672	0.1814047390249975	0.08298441445261337	0.17619494579917028	0.09366494364691565	-0.1703450255188843	-0.10396981971077565	-0.16391671782889533	-0.11391918513366135	-0.15703516232947973	-0.12362636761624467	0.14983282368882608	0.13318235071356546	0.14207730960768328	-0.14207730983665254	-0.13318235094719802	0.1498328234462242	-0.12362636729641038	-0.15703516260266906	0.11391918566294626	-0.16391671750600237	-0.10396981895542957	-0.17034502571472732	0.093664944585882	-0.17619494604378796	-0.08298441325882348	0.18140473841995036	0.07195786032477855	0.18595246099249074	0.060630205528704004	-0.18984695598208892	-0.04904804598604408	0.19314099244956012	0.037249991212158905	0.1959894842440408	-0.02524800289559708	0.1988379499882767	-0.012957852422347942	-0.20266518461645727
-0.2026651651270241	-0.012958332544394805	-0.19883793463791255	0.025247980146436755	-0.1959895196425499	-0.03724971873221982	-0.19314102272789	0.04904802331387841	0.18984694074871541	0.06063031154572491	-0.18595243679806106	0.07195786493638573	0.18140474429662867	-0.08298439248102987	0.176194949516388	-0.09366496013820598	-0.1703450230131262	0.10396980799619875	-0.16391672295211904	0.11391918472754758	-0.15703515874966623	0.1236263714131384	0.1498328250026335	-0.13318234912067745	0.14207730969421295	0.14207730936384813	-0.1331823487448052	-0.14983282533895548	-0.12362637191458338	0.15703515834750872	0.11391918405416838	0.16391672349279424	-0.10396980869741525	0.17034502235485371	0.09366495956089985	0.1761949501935664	-0.08298439310751249	-0.1814047437185767	0.07195786433978613	-0.18595243706182718	0.060630311493141	0.18984694087975054	-0.049048023416915006	-0.19314102244375897	0.0372497190902617	-0.19598952056349317	-0.025247982041041107	-0.19883793250977974	-0.01295832877180919	0.20266516645227933
-0.20180997382108393	-0.038659164532837346	-0.1915266112794004	0.07411788168754792	-0.17652177989774545	-0.10648322540349059	-0.15637435883104334	0.1350736467345365	0.13130624465223054	0.1590387046951078	-0.10199737353703896	0.1776062222725814	0.06937890623428307	-0.19016834676124084	0.03454029776220524	-0.19632905101425535	0.0013410657934595982	0.1959389643974759	0.03707608627394096	0.18912980651293057	0.07158816439017598	0.17627776980195206	-0.1040131217934949	-0.15771419510834137	-0.13333569885563826	0.1333356990750376	0.157714195296943	-0.10401312152575462	0.17627776961783076	0.0715881647775963	-0.18912980671389107	0.03707608562340144	0.1959389641409481	0.0013410666184367676	-0.19632905139874987	-0.034540298390533436	0.19016834637736862	0.06937890592148761	-0.17760622256654288	0.10199737345549978	-0.15903870403211276	-0.13130624556631923	0.13507364737779676	0.15637435760253815	-0.10648322544457539	0.17652178115563463	0.07411788355553535	0.19152660876820268	0.03865916071251517	-0.20180997553695773
-0.20010338197360458	-0.06371758026364795	-0.17717294026067548	0.11821429514440537	-0.13952018112608755	-0.16066269485908086	-0.08984001696220341	0.1878584504923575	0.032276494213089535	0.19750412177669804	0.028008188915051215	0.1888031957234856	-0.08549147960610558	-0.16264022221394892	-0.13488369527240254	-0.1215269674637418	0.17167543249318953	0.069353289152919	0.19260681782222613	0.01094610601922072	0.1959882547011658	-0.04855101028219297	-0.18164086422967754	0.10413217541535047	-0.15028165433301535	-0.15028165400575377	0.10413217499563425	0.18164086451253916	0.04855101088785959	-0.19598825445541126	0.01094610687345424	-0.19260681794101722	-0.06935328818622369	-0.17167543255599252	0.12152696841943475	-0.13488369527037913	-0.16264022124892552	0.08549147946799798	0.18880319657780947	0.028008189178714518	0.19750412084525715	0.03227649541635195	-0.18785845150623434	-0.08984001514269987	0.16066269449760098	-0.13952018267199245	-0.11821429700152536	-0.17717293735625933	-0.06371757637892861	0.20010338409401687
-0.19755291581710108	-0.08771728019240872	-0.15630497960498674	0.1546974244781263	-0.08866031095698339	-0.19212877519349245	-0.006203675789586944	0.19441269128580846	-0.07670581575496087	0.16152895847284143	0.1453686202965394	0.09959442368630092	-0.18756704575987415	-0.019900778745333934	-0.1958663029208415	0.06312607389057902	0.16898310295683824	-0.13459036490951673	0.11196580843395479	-0.18190354924495258	0.03505448385263165	-0.1969552081563647	0.04846597608019711	0.1768959357890478	0.12408978810317797	-0.12408978830411864	-0.17689593588907052	0.048465975785475804	-0.19695520820657192	0.03505448339812708	0.18190354893393204	0.11196580913378364	-0.13459036543316488	0.1689831021678659	0.06312607333546212	0.1958663036505583	0.019900778027098654	-0.1875670451225348	-0.09959442454023089	-0.1453686207407093	-0.16152895763440378	0.07670581460285875	0.19441269243765258	0.006203673798239895	-0.19212877443607138	0.08866031252817798	0.15469742628693203	0.15630497656128195	0.08771727627448896	-0.19755291824093468
-0.19416984275527538	-0.11025970064492004	-0.1296904467520659	0.18121812941625132	-0.028994128824550793	-0.19643340297471648	0.07861354072867668	0.1531240264343141	-0.1620358540346028	0.06467271836084837	0.1970976189780943	-0.04257840112474198	-0.17381239590030612	0.13693620038687868	-0.09937972911516957	0.1907182296182695	-0.0040216387056191075	-0.18840952329457933	-0.10596638783739039	-0.13104114398131828	-0.17691405951215639	-0.03533149034926167	0.19646283529707517	-0.07154864355423833	0.15791802737560112	0.1579180270576234	-0.07154864314101088	-0.1964628355275851	0.03533148981516426	0.176914059432092	-0.13104114456127533	0.10596638753086571	0.18840952287768065	0.004021639445166359	-0.19071822986083287	-0.09937972993980194	0.1369362004353523	0.17381239513949429	-0.04257840069457366	0.19709761952605342	0.06467271795022768	-0.16203585310468208	-0.15312402734633368	0.07861354260272324	0.1964334020138455	-0.02899413022488946	-0.18121813107909263	-0.12969044383084022	-0.11025969674349613	0.194169845364882
-0.18996919126085374	-0.1309707686330679	-0.0983083541613792	0.19606922672309995	0.033551916053403116	-0.17296875541830853	0.14846634985680052	0.0741537856433143	-0.19740260851619135	-0.05655894483851304	0.15984107984180965	-0.16210811327281494	-0.05272232925461786	0.19677131163430825	0.07700454024494424	0.1459169270783688	-0.1729726954576306	-0.03207422307209964	-0.1939654108428426	0.09538905883765704	-0.13131895625843368	0.1819072346533877	0.011615294940284604	-0.19007742692746266	-0.11437462335171653	0.11437462350063021	0.1900774268936425	0.011615295222017947	0.1819072349733307	-0.13131895585564204	-0.09538905811663768	-0.19396541121928149	-0.03207422218910834	-0.17297269542470184	0.145916927779261	-0.07700454006912959	-0.19677131121811278	-0.05272232901790874	0.16210811327781516	-0.1598410801097624	0.05655894474708188	0.1974026080435687	0.07415378598972984	-0.14846635141134765	-0.17296875455592822	-0.03355191479467683	0.19606922808497296	0.09830835138965918	0.13097076482830208	-0.1899691940300396
-0.18496976641406201	-0.1495072997631828	-0.06331279866357403	0.19829534420284767	0.0927656733509332	-0.12505310890560972	0.1900591168885422	-0.02306448174697064	-0.17190149131309795	-0.15647367934732986	0.05042080656295121	-0.1954308630538054	0.10092592818905999	0.11721900957723526	0.191480582338716	-0.030779875508492767	-0.16759210502459035	0.16003760894248256	-0.04412796898776704	0.19401901355268647	0.10545834717491459	0.11280682666547877	-0.1929120654985686	0.03653617315338094	-0.16495828800962387	-0.16495828768890844	0.03653617281779318	0.19291206574937486	-0.11280682644553583	-0.1054583470831961	0.194019013365046	0.04412796925142026	-0.16003760963951857	0.1675921045547943	0.03077987477018343	0.19148058281260727	0.11721900902126944	-0.10092592770872943	-0.19543086333870427	0.05042080629367967	-0.1564736789126014	-0.17190149149053013	0.02306448200798764	0.1900591178394152	0.12505310826312752	0.09276567231981825	-0.19829534526681966	-0.06331279611885983	-0.1495072960602483	0.184969769302562
-0.17919412408508564	-0.16556278186941117	-0.025990526802275322	0.1877547074746622	0.14276698411155006	-0.05946093641620817	0.19547639405375908	-0.11460766127879495	-0.09339669768618478	-0.1974151293762644	-0.08176232151267007	-0.12482776571622264	0.19225089574733398	-0.04536801704708698	0.15201574688784114	-0.17965386796311084	0.006695408693922095	0.1736444426945494	0.15981995969183824	0.032705813587106176	0.1887025211871306	-0.1338606748763418	-0.07061423877334119	0.19681245045114457	0.10422720383394214	-0.1042272038831674	-0.19681245023896135	-0.07061423899226729	-0.1338606754056029	0.18870252088333075	-0.03270581426179819	0.1598199597625325	0.17364444244467706	0.006695409130147864	-0.17965386770650377	-0.1520157475049242	0.045368017558327714	0.19225089509432686	0.12482776632352716	0.08176232197805051	0.19741512866781813	0.09339669835904287	-0.11460766199137197	-0.19547639412393553	-0.05946093589983049	-0.14276698360875636	0.1877547084133056	0.025990524725846724	0.16556277820839452	-0.17919412699415557
-0.1726684987462257	-0.17887253891308177	0.012286474920453509	0.1651283494756136	0.1785923152062955	0.01453593746295365	0.1636886017123963	-0.1779500581722028	0.013904206667377628	-0.16395601391383824	-0.17703421494642907	0.012155839518110228	0.16485761119041228	-0.175818060696477	-0.009659423635187566	-0.1661409214507612	0.17423609441559673	-0.006431784580148835	0.16780241706496146	-0.17242555377320218	-0.0027748197601404827	-0.1698218319127857	0.17131862651468743	-0.0002806758811200604	0.17137724828521314	0.1713772479641809	-0.000280675626466829	-0.171318626733583	0.16982183196898354	0.0027748198150983135	-0.1724255531493218	-0.16780241741867907	0.006431785414085467	-0.17423609432765577	0.16614092180212414	-0.009659423336954607	-0.17581806081904747	-0.16485761067101287	0.01215583903509716	-0.17703421551833126	-0.16395601334352938	0.013904205659697667	0.17795005906733596	0.16368860094713655	-0.014535937709772743	0.17859231516350535	-0.16512835011774624	0.012286476605391889	-0.17887253546226434	0.1726685016913892
-0.16542304338750657	-0.18921877418300337	0.05011222413788215	0.1318755691025918	0.19668750207817037	0.08647926678591981	0.10074808238032579	-0.19750804377113998	0.11691767101558574	-0.06870935126969706	-0.19238754087043192	0.1426774714698622	0.03566298515803844	-0.18172785070095043	-0.16356757177733006	-0.0024591053474645255	0.16618006769792595	-0.17933815580915619	-0.029969637883519362	-0.14654663866835743	-0.1902099267931509	0.061524823777638606	0.12301711461392136	-0.1968742361437226	-0.09368643681631252	0.09368643687655487	0.19687423590196398	0.12301711494264221	0.06152482416783526	-0.19020992639482132	0.1465466387267505	-0.02996963784619717	-0.17933815649970794	0.16618006729275323	-0.00245910607409239	0.16356757199075897	0.18172785044365397	0.03566298513752253	-0.14267747121489582	0.19238754118117063	0.06870935091307726	-0.11691767007464578	-0.19750804464038246	-0.1007480809565688	0.08647926679719783	-0.19668750258265288	0.13187556956245686	-0.0501122252993517	0.189218770891824	-0.1654230462869468
-0.1574919294675777	-0.19643474894269392	0.08609944221700735	0.0901385878698999	0.19525953434518556	0.14620238547161307	0.01863677713131303	-0.16847536909197983	0.18388824309376897	0.0524309650694075	-0.12089260904783292	0.19733167273418611	-0.11555180013197315	-0.0589179133085854	-0.18598547733481577	0.16344747903391482	-0.009355530007273655	-0.1522163359748379	-0.19099454834089505	0.07566522850283959	-0.10073581684333419	0.19603119702643368	-0.13369694770832347	-0.03599160364065963	-0.1771533040258611	-0.1771533037257959	-0.035991603871453864	0.13369694775988597	-0.19603119716112316	0.1007358164389233	0.07566522801773921	0.19099454883687889	0.1522163359728459	0.009355530177561154	-0.16344747838905124	-0.1859854777705613	-0.05891791275163116	0.11555179980295426	0.19733167291788117	-0.12089260909950644	0.05243096504722294	0.18388824246999208	0.16847536978682023	0.018636775514158852	-0.1462023850224199	0.19525953505471827	-0.09013858787656137	0.08609944310723198	-0.1964347460098719	0.1574919323825591
-0.14891350590350674	-0.20040802860498227	0.11893091272342635	0.042604842566931964	0.17445612325275378	0.18527061961303135	-0.06701920524857491	-0.09800118250198582	0.19417737064112903	0.1538184120679921	0.00517505513624654	0.14706097873737892	-0.19541659961281338	0.10561933897009411	-0.058900286966290016	0.181632643977771	-0.1754711109230228	0.04468562458546815	-0.1178337116150658	0.19650177264838128	0.1353810124219975	0.02199036400619515	-0.16392975090841297	0.19026392690349933	0.08279324359624828	-0.08279324367875217	-0.1902639266307517	-0.16392975125141568	0.02199036369063475	0.13538101227986266	-0.1965017724149375	-0.11783371212462113	0.04468562518321609	-0.17547111060591408	0.18163264388748565	0.05890028729363403	-0.10561933943966792	-0.1954165990954605	-0.14706097916568955	-0.005175055404933425	-0.1538184117682745	-0.19417737053384687	-0.09800118291695206	0.0670192066707996	0.18527061872449507	-0.17445612406603306	0.04260484214694503	-0.11893091332849695	0.20040802601455263	-0.1489135087788502
-0.13972969003298408	-0.20108164079829877	0.1474072678886964	-0.007665709895997327	0.13635157560554073	0.1981757583859793	-0.13992930994641073	-0.0034220216299915254	0.14461733682885175	0.19725092738181996	0.12890485605548085	0.018606595293944872	-0.15463366835186873	0.1953561483338041	0.11553476446359355	0.0356566075652418	-0.16475435539546845	0.19174765954672587	0.09979707658630937	0.05409303652013253	0.1744199659596886	-0.186668757084988	0.08355433348905567	0.07105727300350723	0.18226927143243513	0.18226927113868793	0.07105727315679491	-0.08355433345300937	0.18666875737628646	-0.17441996550428077	0.05409303686122291	-0.09979707661541101	-0.19174766002261068	0.1647543547934628	-0.03565660799942805	0.11553476455977042	0.19535614849457672	0.1546336679625893	0.018606595745485545	0.12890485648816524	0.19725092689085427	0.1446173371586884	0.0034220216439843293	-0.13992931091280994	-0.1981757571803447	0.13635157643011184	0.007665710711691211	0.14740726822857372	-0.20108163855515776	0.13972969283230555
-0.12998771359425548	-0.1984587193162855	0.17049612457738603	-0.0574432274415642	0.08473574844995571	0.18311136837097658	-0.18623828960468972	0.09200464956474354	0.050488881004076926	0.16637477392683628	0.19445807005727253	-0.11973267387246887	-0.018398467014376894	0.14675852870151265	0.19712324150911567	-0.14256090581753872	0.011998694956179404	0.12495104930970716	0.19506192151242255	-0.1607626621723372	-0.04042047325078701	-0.10155578317603518	0.18953772890667878	-0.17721221177757132	-0.07159099773164787	0.07159099782939875	0.17721221148389882	0.18953772923453527	-0.10155578300466095	-0.04042047337838431	0.1607626617369446	0.1950619220848276	0.1249510491999125	0.011998695241979702	-0.1425609052198682	-0.19712324195855274	-0.14675852846917337	-0.01839846689617887	0.11973267368571096	-0.1944580705197196	-0.16637477344750853	-0.050488881595361745	0.09200464996355749	0.18623828999627826	0.1831113670706193	-0.08473574925689249	-0.05744322854590033	-0.1704961246347378	0.19845871737448795	-0.12998771626390754
-0.11974029422531775	-0.1926036639210139	0.187373082523037	-0.10354214960951873	0.024727513129843975	0.14221491636892408	-0.19715023803845733	0.16481443109278923	-0.0591875800521595	0.07284765574428753	0.17228210052155685	-0.1944412508331669	0.12920089972834878	-0.00576544351149232	0.12028017997317042	-0.19194704410533872	0.17665496198814556	-0.08117930670048665	0.05120000113586883	-0.1602757632503264	-0.19643001622547313	0.14340106860832613	-0.025557129625113632	-0.1037397157942872	-0.18671312835376566	-0.18671312807182366	-0.10373971587914976	0.02555712949106436	-0.14340106896105065	0.19643001583552358	-0.16027576328136303	-0.05120000159723398	0.08117930723196262	-0.17665496165644592	0.19194704384749423	0.12028018047576339	-0.005765443950447902	-0.1292008995334	-0.19444125097178616	0.1722821008309484	0.07284765543732527	-0.059187579430422396	-0.1648144318209345	-0.19715023789549976	-0.14221491524526916	0.024727513913744368	0.10354215089066186	0.18737308229782634	-0.19260366222321224	0.11974029670858516
-0.10904740620721116	-0.18364479485409585	0.19745665550215408	-0.14303017297072762	-0.03773421563717034	0.08127112472715396	-0.17061677927770094	0.1971332453374575	-0.1506310755197189	-0.04808946164793691	0.07242120412289535	-0.1658601949851973	0.1971040378691221	-0.15424534389316052	-0.053249675215859986	-0.0678746612107212	0.16330741246716254	-0.19676093971283637	-0.1553829123348772	0.0548312795713751	-0.06660952442819938	0.1627740296953836	-0.19746851142081143	0.15817522723981434	0.06012669170629047	-0.06012669179428604	-0.1581752269495238	-0.19746851174364327	0.16277402970854196	-0.06660952404551591	-0.05483127915721325	-0.15538291249515354	-0.19676094001813568	0.16330741178609925	-0.06787466150909668	0.05324967501489452	0.1542453442914796	0.19710403751159236	0.16586019533467675	-0.07242120415053241	0.048089461700608	0.1506310750299088	0.19713324617495526	0.1706167787019764	0.08127112399562256	0.03773421489601529	-0.14303017434831744	-0.19745665503604626	0.18364479336774578	-0.10904740846511358
-0.09797094202911466	-0.17176234407640342	0.2004161736264347	-0.17340254698624943	-0.09646809807405782	0.008901870280908386	-0.11173147351812696	0.1810841488663564	-0.19574005618012796	-0.15094573817849144	-0.06010210730941963	-0.04916813367221989	0.14339700562808974	-0.19353988410018758	-0.18398275234894507	0.11749178970923174	-0.014520948684403779	-0.09299504535744697	-0.17153006818596384	0.19650929999860817	0.16015618646953417	-0.07400404669029186	-0.034915403049476	0.1329514887391881	0.19047695152581096	0.19047695121583916	0.1329514887309803	0.03491540332901358	0.07400404699963171	-0.16015618634808554	0.1965092997602022	0.1715300687151501	0.09299504507355853	0.01452094901933813	-0.1174917890594952	-0.18398275265533712	-0.19353988434696467	-0.14339700533290786	-0.04916813394865854	-0.06010210764651718	-0.1509457379817582	-0.1957400558380738	-0.1810841495235727	-0.11173147269332775	-0.008901870119083891	-0.0964680973971191	0.17340254842843553	0.20041617300543263	-0.17176234277439673	0.09797094401670751
-0.08658568925909751	-0.15720837754154282	0.19621836194602116	-0.19278732647965235	-0.14571346081240316	-0.06470071421169622	-0.03172015656711462	0.12069919984891721	-0.1807470567943728	-0.19713016322816268	-0.1656263530266393	0.09370107496022798	0.001201179815453889	-0.09585177368330243	-0.16691055651764433	0.19669833985187352	-0.17764829808037913	0.11431145878930044	0.02235907520085394	0.07525808884102204	0.1541122370450392	-0.19460389541884815	0.18702470334937618	-0.13382693585582695	-0.04845355966881793	0.04845355979898375	0.1338269355733975	0.1870247035388273	-0.19460389555045107	0.15411223663382884	-0.07525808912096417	0.022359074952749018	0.11431145941068743	-0.17764829775905322	0.19669833935575018	0.16691055709531671	0.09585177368163474	0.001201179783194349	-0.09370107486580362	0.1656263536008461	0.1971301629093677	0.18074705664249466	0.12069920013557421	0.03172015566302953	-0.06470071379608186	0.14571346026022836	-0.1927873279475058	-0.19621836122899855	0.15720837638483248	-0.08658569094322656
-0.07497963463960743	-0.14030421703680265	0.18513303340440435	-0.20007822464899802	-0.18073161372664281	-0.12927316015043105	0.05429463772827721	0.030782053897382606	-0.11027765772606013	-0.1692887118392127	-0.19658845358020832	0.18683881603655111	-0.14169049708200154	0.0695550751771991	-0.015919762846120605	0.09840015304517483	-0.16197621819107524	0.19425494288483458	0.18884378685732126	-0.14671520174769037	-0.07611330582367895	-0.009083280575550594	0.09228666745927087	-0.15772933231082012	-0.1935481646699294	-0.19354816445205833	-0.15772933234028896	-0.09228666775275995	0.009083280250470357	0.07611330592342776	-0.1467152012509748	-0.18884378718886116	-0.19425494325173048	0.16197621752471847	-0.0984001530273361	-0.015919763206868196	0.06955507536435075	0.14169049670155315	0.1868388160662562	-0.19658845425947116	-0.1692887116903527	-0.11027765778397063	-0.03078205360727795	0.05429463870562925	0.1292731592590665	-0.18073161320473888	0.2000782259482199	0.1851330326481033	-0.1403042161565725	0.07497963616589243
-0.06326768144560514	-0.12146529572139898	0.16777167563237538	-0.1950725016984972	-0.19835644478748982	-0.17601410855797567	0.13024146816098564	-0.06677200049120974	-0.005937450668632925	-0.07792209347508111	-0.13914388047313003	0.18094104795964003	-0.19729035397155786	0.1857058644220254	0.1476472208738742	-0.08837485919802049	0.016261224519469427	0.05836228571518375	0.12468259297499815	-0.17301676900980872	-0.196328275645361	0.19138340981527266	-0.15926818458187597	0.105049368003932	0.036635530705800404	-0.03663553096032529	-0.1050493676509211	-0.15926818452301436	0.19138341010557336	-0.19632827546489512	0.17301676900437638	0.12468259334868222	0.058362285284836606	0.016261224850325714	-0.08837485853622144	-0.1476472209227897	-0.1857058648308351	-0.19729035356421967	-0.1809410480597009	0.13914388082989987	0.07792209339734338	0.005937450900226044	-0.06677200109610329	-0.13024146889828128	-0.17601410737903042	0.19835644454897508	-0.19507250298253656	-0.16777167486282107	0.12146529487779066	-0.06326768260612188
-0.05154864583621789	-0.1011044694772368	0.14492182228416448	-0.17828466772726764	-0.19705810391830272	-0.19854174236379754	0.18186266867835105	-0.14809100506603595	0.10013238874537622	0.04242989261609978	-0.019487496559195436	0.0795630281430032	-0.13182337682561351	0.17098570401979243	0.193004213848767	-0.19550549754118468	0.17807064322537183	-0.142333667721827	-0.09187588142154342	0.031904185949464585	-0.031288966619738165	0.0910658620592409	-0.14131205929246363	0.17724858458464143	0.19587896855540982	0.19587896833978885	0.1772485844696233	0.14131205949780476	-0.09106586194106084	0.03128896654757961	0.031904185455256154	0.0918758815606115	0.14233366856082216	-0.17807064286512195	0.1955054967045431	0.19300421429477235	0.17098570441926586	0.13182337654494733	0.07956302820215852	-0.019487496566462034	0.04242989244729854	0.1001323883800295	0.1480910059814145	0.18186266928949676	0.19854174111607198	-0.1970581038008209	0.17828466877133686	0.14492182153844085	-0.10110446883875888	0.05154864682540154
-0.03995716464977001	-0.07973858914974692	0.11770659540086133	-0.15119113899718872	-0.17747139005336762	-0.1942706729927392	0.19998761458642064	-0.19381625142778952	0.17579508695043536	0.14679727340895704	0.1084678182671791	-0.06311423267280558	0.013557894921898031	0.037045854910193535	0.0854092258056684	-0.12832533881561867	0.16288383372107743	-0.18668011093053974	-0.19800986821137712	0.19603751863308144	0.18091863421586943	-0.15383953196076539	0.11691673969811413	-0.07290329628898246	-0.024747662260325726	0.024747662270122928	0.07290329611762897	0.11691673988921565	-0.15383953230247496	0.18091863377442513	-0.19603751809763376	-0.19800986886634475	-0.1866801115671303	0.16288383305786427	-0.12832533831200255	-0.08540922614050546	-0.03704585504617261	0.013557894795266716	0.06311423254513358	-0.10846781857812351	-0.1467972731475178	-0.17579508659603277	-0.19381625241314873	-0.19998761497258724	-0.19427067184597105	0.17747139011099608	-0.1511911398593466	-0.11770659471678363	0.0797385886009545	-0.03995716537295698
-0.028713192034113332	-0.058074267193759195	0.08767074729695928	-0.11628164617319903	-0.14248830569002766	-0.16494394753794067	0.1824774585283853	-0.19414554283058896	0.199263756159487	0.1974252657973762	0.18850980052444388	-0.17268433263818414	0.15039653364571154	-0.12236101725089359	-0.08953921488003852	0.05311330515812981	-0.01445389076631561	-0.024919955707306943	-0.06339277790905945	0.09932512478726745	0.1311575577991843	-0.15755499495062772	0.17757918427951686	-0.19081906432743262	-0.1973346704970521	-0.1973346701767681	-0.19081906403690935	-0.17757918462807437	0.15755499519794647	-0.13115755745658192	0.09932512463264734	0.06339277816442883	0.024919955677869143	0.01445389078426477	-0.053113304868634754	-0.08953921521343478	-0.12236101779586057	-0.1503965331665627	-0.17268433214976367	0.18850980074865678	0.19742526556955708	0.1992637561064925	0.19414554385636532	0.1824774586855805	0.16494394648583943	-0.1424883057705431	0.11628164685299405	0.08767074679106102	-0.05807426677817174	0.028713192514001947
-0.018215733995350633	-0.037207318195255745	0.057091182862421264	-0.07747477376980008	-0.09781511190911349	-0.1175602798607943	0.13619019444911062	-0.15322964700508218	0.16825307569806155	0.18088674977561328	0.19080981211619033	-0.19775509931161395	0.20151045375338636	-0.20192028360967562	-0.19888798170653882	0.19237982059899428	-0.1824308107005497	0.16915377907294657	0.15275204386491237	-0.13353420151798273	-0.11192585243043654	0.0884657170538029	-0.06376475528385908	0.03840751127273197	0.012816063069380813	-0.012816062995785422	-0.03840751120472388	-0.06376475548614115	0.08846571731121633	-0.11192585208972444	0.1335342010088751	0.15275204435978634	0.16915377983478422	-0.18243081003668135	0.1923798196620494	0.19888798246334005	0.201920284593847	0.20151045324241748	0.1977550986474698	-0.1908098121008013	-0.18088674956746112	-0.16825307588598185	-0.15322964795394428	-0.13619019452188824	-0.11756027901280186	0.09781511187796821	-0.07747477417731546	-0.05709118256787588	0.037207318006364926	-0.018215734348830462
-0.008786608865931482	-0.01805820265578059	0.0279893743459787	-0.038517838834456	-0.0495124376901514	-0.06083596203103311	0.07236011591328785	-0.083967738573798	0.09555149463307848	0.10701161922846174	0.11825322636021159	-0.12918346605801131	0.13970876675098728	-0.149731819491512	-0.15914847537264598	0.16784484589765883	-0.17569506058918583	0.1825615385078915	0.1883008829992823	-0.19278040409811317	-0.19591244839061783	0.19771227936928915	-0.1983724601202271	0.19830717630438086	0.19806658297571605	0.1980665825786005	0.19830717589110602	0.198372460562185	-0.19771227986804069	0.1959124478740149	-0.19278040345373892	-0.18830088359221278	-0.18256153928338575	0.1756950599590677	-0.16784484507979558	-0.15914847593394874	-0.14973182023010237	-0.13970876647326091	-0.1291834656408565	0.11825322627500978	0.10701161905348641	0.09555149476718683	0.08396773914385217	0.07236011598277846	0.060835961597841735	-0.0495124376471083	0.038517838996931855	0.02798937419013222	-0.018058202584926016	0.008786609058158288
