0.030724776535519367
0.030245909076488428
0.029962322970174978
0.029786620904580105
0.029668174589285924
0.029581229032128464
0.029512759229757393
0.029459346898532024
0.029424426493401108
0.029407048514081772
0.029401809383015752
0.029406069647449438
0.02941715303965997
0.02942809564216625
0.029434658596667797
0.029437420258414997
0.029437378149031638
0.02943470220258124
0.02942905976670003
0.02942011590599304
0.02940818874088573
0.029395247904397313
0.02938636237342465
0.029391010804789376
0.029414187645967926
0.02941418764943378
0.029391010807497182
0.02938636236762486
0.029395247904331952
0.029408188743983876
0.029420115902981422
0.029429059767125842
0.029434702204044434
0.02943737815057043
0.029437420256243366
0.02943465859459035
0.02942809564432678
0.02941715304287435
0.02940606964052101
0.02940180937963699
0.0294070485192241
0.02942442649425165
0.029459346895015143
0.029512759230455633
0.029581229034219374
0.02966817459116814
0.029786620896742437
0.029962322958801135
0.030245909089816052
0.03072477673765442
