0.030724776725300985
0.03024590909222616
0.029962322957103014
0.029786620900784953
0.029668174587320392
0.02958122903583297
0.02951275922797435
0.02945934689598964
0.02942442649452672
0.02940704851876063
0.029401809378805096
0.02940606964371995
0.02941715304168698
0.029428095641817312
0.02943465859431223
0.02943742025701221
0.02943737815114876
0.029434702202427165
0.029429059765206336
0.0294201159046502
0.02940818874178909
0.029395247903736318
0.029386362366062638
0.029391010810673572
0.029414187653731508
0.02941418764107636
0.029391010802167213
0.029386362375397032
0.029395247904995737
0.029408188743345845
0.029420115904208163
0.029429059768629976
0.029434702204170975
0.029437378148560338
0.02943742025762182
0.029434658596682033
0.02942809564451762
0.02941715304099274
0.029406069644251853
0.02940180938380652
0.029407048514720674
0.02942442649327084
0.029459346897517537
0.029512759231815223
0.02958122902998145
0.02966817459237768
0.029786620898023877
0.02996232296882663
0.03024590906760447
0.030724776541074406
