0.9613974389687241
0.9610273772988815
0.9604138345816089
0.9595473380333934
0.958408659876782
0.9569694404836331
0.9551912766492859
0.9530237458727385
0.950401396790017
0.9472394740518187
0.9434279485025249
0.9388231805279509
0.9332362366819
0.9264164505934517
0.9180282474901331
0.9076186094000652
0.8945720933211412
0.8780508809734524
0.8569212454790239
0.8296806944738389
0.794433485388644
0.749032699577262
0.6916094314646102
0.6217176226886973
0.5418674117174973
0.4581325882546965
0.3782823773680406
0.308390568530719
0.25096730036225723
0.20556651463146625
0.17031930557044594
0.14307875449201424
0.12194911899908001
0.10542790671915447
0.09238139062728223
0.08197175247092114
0.07358354937522038
0.06676376333964429
0.0611768194892327
0.056572051481729946
0.05276052594539993
0.0495986032316128
0.04697625413338136
0.04480872333851782
0.043030559514082634
0.041591340124006004
0.04045266195417264
0.039586165410604446
0.03897262271029037
0.038602561038844345
