-0.008786665667219095	0.018058255568679217	0.02798940004641132	0.038517820947525025	-0.04951239046178363	0.06083593185196405	-0.0723601165489902	0.08396774861091832	0.09555152014436669	-0.10701164261672536	0.11825321564657888	0.12918345613718982	-0.13970876187102718	-0.1497318070802702	0.15914848254406128	-0.1678448526351784	-0.17569505553421658	-0.18256154578834433	-0.18830088404241452	-0.19278039640571443	-0.19591244832265828	-0.19771227727287297	-0.19837246628506872	0.19830718564183145	0.19806657225356486	0.19806657180922368	0.1983071853018877	0.1983724668227475	0.1977122774590611	-0.1959124476884534	0.1927803964640873	-0.18830088481735555	-0.18256154543215228	-0.17569505456159631	0.16784485324608212	-0.15914848363987003	0.14973180627783522	0.1397087608460506	-0.12918345711721219	0.1182532164529295	0.10701164156767598	-0.09555151969761672	-0.08396774959814166	-0.07236011652675388	0.06083593092395306	0.049512390745092255	0.03851782164762829	-0.027989399706365846	-0.018058255313026197	-0.008786666137086252
-0.018215841898854074	0.03720741201648179	0.05709122183184669	0.07747473235568592	-0.09781502336811954	0.11756023348785812	-0.13619020820766892	0.15322967197054155	0.1682531185252045	-0.18088678077988163	0.19080978561368667	0.1977550797753363	-0.2015104490581636	-0.2019202728024673	0.19888799481754077	-0.19237982791768457	-0.18243080247870178	-0.16915378403549083	-0.15275204535008127	-0.13353419764203933	-0.11192585334735844	-0.0884657166238776	-0.06376475671539043	0.03840751087951326	0.012816060828877499	-0.012816060932889646	-0.03840751071197042	-0.0637647567469244	-0.08846571675910579	0.11192585312278605	-0.13353419768877753	0.15275204584655425	0.169153783634666	0.18243080158914393	-0.19237982875394924	0.19888799610311975	-0.20192027154523276	-0.20151044759979952	0.19775508143411605	-0.1908097869565453	-0.18088677891219823	0.168253117665307	0.1532296737968651	0.13619020826133207	-0.1175602317617145	-0.09781502386370014	-0.07747473362145106	0.057091221090706044	0.03720741159050417	0.01821584299360349
-0.02871334659374611	0.05807439047395782	0.08767078797850061	0.11628157795819365	-0.14248818569424282	0.16494390075110194	-0.1824774943936086	0.19414558211571784	0.19926380231450233	-0.1974252879208328	0.18850976368836203	0.1726843114278731	-0.15039653220645724	-0.12236101452768512	0.08953922251253779	-0.05311330734796422	-0.01445389199514967	0.024919952571706542	0.06339277748010518	0.09932512709575837	0.13115756444572826	0.15755499041786758	0.17757917961678674	-0.19081906989025424	-0.19733466883004974	-0.19733466846839984	-0.19081906965754306	-0.1775791800540681	-0.15755499049694194	0.13115756402453524	-0.09932512712402182	0.06339277775178796	0.02491995261454964	-0.014453891905820688	0.053113307677540814	-0.08953922313725399	0.12236101374412077	0.15039653115281754	-0.17268431285650582	0.1885097648647634	0.19742528585936747	-0.1992638014903714	-0.1941455845469497	-0.18247749437968477	0.16494389822147962	0.1424881863865538	0.1162815798700626	-0.0876707868586766	-0.05807438979147901	-0.0287133482733983
-0.0399573560959471	0.07973872315199058	0.11770662101680052	0.1511910417078462	-0.1774712553191046	0.19427064665861582	-0.1999876805773055	0.19381630132286548	0.17579511895808306	-0.14679727018969474	0.10846777952950683	0.06311421808224654	-0.013557898476108823	0.03704584643031413	-0.08540922784734035	0.12832534101349805	0.16288382166712445	0.1866801124568927	0.19800987204507514	0.1960375193501781	0.18091863860749155	0.15383952723544753	0.11691673873965441	-0.07290329840404747	-0.024747661028415774	0.024747661302610496	0.07290329802741868	0.11691673867700207	0.1538395275149727	-0.1809186384166058	0.1960375193893054	-0.19800987248443572	-0.18668011205587995	-0.16288382112733718	0.12832534158317985	-0.08540922817136666	0.037045846036003485	-0.013557898406970383	0.06311421839148561	-0.10846777990734648	-0.14679726875441645	0.17579511866350356	0.19381630385942786	0.19998768023410055	-0.1942706434532695	-0.1774712562934848	-0.15119104440240502	0.11770661955120891	0.07973872199607242	0.03995735815982847
-0.05154886752647061	0.10110460117805362	0.14492182224777775	0.1782845445238785	-0.19705797266403524	0.19854174967577642	-0.18186275972764102	0.14809105478816842	0.10013239431736838	-0.04242986203320426	-0.019487522684847637	-0.07956303104435287	0.13182337276992367	0.1709856907030534	-0.193004221081326	0.19550549707012987	0.17807062918393513	0.14233367439407527	0.09187589030140418	0.03190418656272287	-0.03128897397268736	-0.09106586303798453	-0.14131205374071762	0.17724858738618857	0.19587896809179473	0.19587896784938313	0.1772485873000918	0.141312054002709	0.09106586295997074	-0.031288973901573154	-0.0319041865113921	0.09187589064186709	0.14233367413805936	0.17807062836994217	-0.1955054977843943	0.19300422209728707	-0.170985689649652	-0.13182337195396557	0.07956303184213809	-0.019487523064277687	0.04242986171226142	-0.10013239446946481	-0.14809105672514575	-0.1818627591695382	0.19854174638477817	0.19705797387217774	0.17828454766399915	-0.1449218203242236	-0.10110459962806762	-0.05154887012555472
-0.06326792595292208	0.12146541285588666	0.16777164300342662	0.1950723608675919	-0.19835633665091212	0.17601415635074702	-0.13024157057400673	0.06677203606733376	-0.005937476672779036	0.07792214184944711	-0.1391438826053065	-0.18094103800744055	0.19729035232551762	0.18570585467492728	-0.14764722517577142	0.08837485466679652	0.016261223011621802	-0.0583622794083315	-0.12468258913961303	-0.17301677025359602	-0.19632828487346524	-0.19138340518179187	-0.15926818137835835	0.10504937105675444	0.03663553001543572	-0.036635530389438245	-0.10504937056147952	-0.15926818124668793	-0.19138340553442582	0.19632828486144954	-0.17301677022672318	0.12468258899793619	0.05836227924653106	-0.0162612223993474	0.08837485473373634	-0.14764722626346438	0.18570585394853867	0.197290351138011	-0.1809410392345703	0.13914388338691153	0.0779221411058827	-0.0059374763927471045	0.0667720368983432	0.13024157009634704	-0.17601415363026127	-0.198356337917129	-0.19507236394378583	0.16777164051990442	0.12146541112930753	0.06326792935546709
-0.07497989618157078	0.14030431231101767	0.1851329684246326	0.2000780782246473	-0.18073154256336685	0.12927324280937671	-0.05429473152160834	-0.030782041917626762	-0.11027770730294884	0.16928875944690594	-0.19658843071577084	-0.18683879936148648	0.14169050002004396	0.0695550755064921	0.015919767548642844	-0.09840015977196444	-0.161976204291586	-0.1942549405846703	-0.18884379203357843	-0.14671520583439673	-0.07611330520906863	0.009083284971260677	0.09228666447987414	-0.1577293342779232	-0.19354816354059567	-0.19354816352674342	-0.1577293344974929	-0.09228666451045768	-0.009083284548088091	-0.07611330501991874	0.1467152055381263	-0.188843792432993	-0.19425494048674186	-0.16197620408369098	0.0984001600845373	-0.015919767108715652	-0.06955507534909511	-0.14169049893785354	0.1868388004579787	-0.1965884318060331	-0.16928875807391378	0.11027770687604747	0.03078204217883255	-0.05429473123304813	0.12927324089839543	0.18073154364964555	0.20007808098349616	-0.18513296549874741	-0.14030431052849973	-0.07497990043035659
-0.08658596353704193	0.1572084460409864	0.19621826712234006	0.1927871865678211	-0.1457134356601679	0.064700820054629	0.031720090058718405	-0.12069921460319073	-0.18074711444643754	0.1971301925709926	-0.1656263161132206	-0.0937010600887983	-0.0012011753681996724	-0.09585176460008726	0.16691056663927173	-0.19669834205515854	-0.1776482818562261	-0.11431146270256078	-0.022359083663179586	0.07525808625252112	0.1541122462509257	0.19460389345176263	0.18702469972509286	-0.133826938808245	-0.04845355865589288	0.048453558736032784	0.13382693869735052	0.1870246998310121	0.19460389329810301	-0.15411224613982402	0.07525808665243565	0.022359083907821417	0.11431146289821544	0.17764828127966165	-0.19669834243896767	0.16691056694688852	-0.09585176403675078	-0.0012011758608869159	-0.0937010603886955	0.1656263171078897	0.19713019126314152	-0.18074711407261257	-0.12069921574413656	-0.03172008998628038	-0.0647008191767162	-0.14571343634300374	-0.19278718870328257	0.19621826385208482	0.1572084443757984	0.08658596873632801
-0.09797122892419417	0.17176238397907226	0.20041605010838504	0.17340242126531266	-0.09646812239314084	-0.008901755386585232	0.11173144900666446	-0.18108419016013141	-0.1957401056948	0.15094573807175046	-0.06010207392757298	0.049168136392049894	-0.14339700110466438	-0.19353987345955886	0.1839827596944758	-0.11749178278973103	-0.014520944240694167	0.09299503907535683	0.17153006573187907	0.19650930301257521	0.16015619178367857	0.07400404133194396	-0.03491540087664117	0.1329514894070998	0.1904769508867268	0.190476950832713	0.13295148962294756	0.03491540095506118	-0.07400404165597785	0.16015619168759956	-0.19650930302020542	0.17153006569269638	0.09299503872370359	-0.01452094358926762	0.11749178268607158	-0.18398276064982916	0.1935398729170549	0.14339700078452175	-0.04916813667442812	-0.06010207468360718	-0.15094573717560125	0.1957401051461191	0.1810841917604065	0.11173144885403816	-0.00890175544471472	0.09646812266694528	0.1734024229448976	-0.2004160467570329	-0.1717623822935993	-0.09797123477486838
-0.10904770580973557	0.1836448049754114	0.19745650476778784	0.14303006640017152	-0.037734285947455655	-0.08127101759867465	0.17061680452567612	-0.19713330795765727	-0.15063110517555842	0.04808943353550317	0.0724212170235246	0.16586018027434843	-0.19710403279077943	-0.15424533867516105	0.05324967370094267	0.06787467356082352	0.16330740357324647	0.19676093803338596	0.1553829172771226	0.05483128479218041	-0.06660952860672116	-0.16277403016631578	-0.19746850858496562	0.1581752296491813	0.06012668956325809	-0.06012668961921036	-0.15817522955833355	-0.19746850875485875	-0.162774029960089	0.0666095285063043	0.054831284538412024	-0.1553829174361089	-0.19676093778637865	-0.16330740376000605	0.06787467419596989	0.05324967462521556	-0.15424533872288518	-0.1971040318960288	0.16586018072825698	-0.07242121663046333	0.04808943322155058	-0.15063110434203456	-0.19713330956884292	-0.17061680459286035	0.08127101712583881	-0.03773428590126484	-0.14303006785945743	0.19745650158197942	0.18364480307217285	0.10904771195388044
-0.1197406021150459	0.1926036408222646	0.18737290816240876	0.10354206543461185	0.02472741117561153	-0.14221484071294607	0.19715031473542446	-0.16481450484826113	-0.059187588239420844	-0.07284769129082332	0.17228207880211466	0.1944412217922798	-0.1292008933830067	-0.005765441756135347	-0.12028019505016584	0.19194705403305276	0.17665495019649916	0.08117931346637512	-0.05119999283529884	-0.16027576187848794	-0.19643002306991772	-0.14340106237112676	-0.025557130746208336	-0.10373971577240018	-0.18671312878696011	-0.186713128691847	-0.10373971588832524	0.025557130754136487	0.14340106245856032	-0.19643002283271235	0.16027576213084943	-0.051199992783671065	0.0811793135773749	0.1766549499012097	-0.191947054725233	0.1202801947133859	0.005765442518800061	0.1292008924021076	-0.1944412219400382	0.1722820788076312	0.07284769110112589	0.05918758715316743	0.1648145060987268	0.1971503152484011	-0.14221484000021137	-0.024727411416665127	0.10354206686526153	-0.1873729053310658	-0.1926036385308784	-0.11974060824497114
-0.12998802373953325	0.1984586587338976	0.17049593090318518	0.057443167394342735	0.08473563411367961	-0.183111346556355	0.18623841169111077	-0.0920047216357708	0.05048888902379605	-0.1663747916815992	0.19445801343992264	0.11973264168582849	0.018398473022624474	0.1467585315088277	-0.19712326506144667	0.1425609067063837	0.01199869069829244	-0.12495104110242938	-0.19506191690249977	-0.1607626655319641	-0.04042047466430019	0.10155578591263004	0.18953772706725477	-0.1772122138624302	-0.07159099476671557	0.07159099478938283	0.17721221380958008	0.18953772721021647	0.10155578570229055	0.04042047457791187	-0.16076266550502066	0.19506191708175222	0.1249510407811533	-0.01199869025328129	0.14256090690920828	-0.1971232655026993	0.14675853048620552	0.0183984735411029	0.1197326413395399	-0.1944580137599372	-0.16637479117219758	0.0504888901507161	-0.09200472228106998	-0.18623841270972855	0.1831113458540338	0.08473563444935901	-0.057443168892957475	0.1704959285500573	0.19845865593680626	0.1299880296191194
-0.13972999563162752	0.20108153750770613	0.1474070572860301	0.007665670651560418	0.13635147332465214	-0.1981758092461893	0.1399294667706542	0.0034219592649916727	0.14461734615761232	-0.1972509048152669	0.12890477688877774	-0.018606620666944785	0.15463367600712108	0.1953561593193688	-0.11553478679113173	-0.03565661259971703	-0.16475434713563727	-0.1917476559585973	-0.09979707637762252	0.05409303503299929	0.1744199718720302	0.18666875335715435	0.08355433635199015	0.07105727137588538	0.18226927124633682	0.1822692711688713	0.07105727147890505	-0.08355433643139429	-0.1866687533449548	0.174419971701349	-0.05409303524068663	-0.09979707663123899	-0.19174765573211228	-0.16475434724578322	0.035656613020987785	0.11553478763468322	-0.19535615869804523	-0.15463367579017237	0.018606621361639424	0.12890477733676992	0.1972509041966506	-0.14461734701466175	-0.0034219593252912167	0.1399294681330206	-0.19817580870197818	-0.13635147371822512	0.0076656721663472	-0.14740705547077967	-0.2010815342165985	-0.13973000117480858
-0.1489138007115617	0.20040787933077533	0.11893069006089137	-0.042604863299914274	0.1744560530983233	-0.18527074756681888	0.06701937487347207	0.09800114015990335	0.19417737092764126	-0.1538183472798448	0.005174981242277039	-0.14706098606249163	0.1954166052736978	0.10561935547291032	0.05890027785845345	-0.18163264962541156	-0.17547110130757265	-0.04468562906571027	0.11783371109359521	0.1965017753001618	0.13538101367286334	-0.021990368250850448	-0.1639297454733421	0.19026392972100423	0.08279324268801574	-0.08279324268964026	-0.19026392970924041	-0.16392974558857354	-0.02199036810839583	-0.13538101344835476	0.19650177541803943	-0.11783371104566426	0.04468562913411203	0.17547110094277074	-0.18163265030935144	0.05890027729691963	0.10561935563107372	0.19541660448290438	-0.14706098676537352	-0.0051749816003098205	-0.15381834677405357	0.1941773712844344	0.09800114087625299	-0.06701937630224863	0.18527074724894219	0.1744560535157701	0.04260486184361992	0.11893068883512126	0.20040787562896442	0.14891380589790978
-0.15749220972620875	0.19643455162139883	0.08609920947418209	-0.0901385972234767	0.1952595133149521	-0.14620258234232356	-0.018636617783842655	0.1684753480773032	0.1838882248896948	-0.05243087406487194	-0.12089265068403227	-0.19733166293554646	0.11555180504085846	-0.05891789787280874	0.18598548461656966	-0.16344747766574702	-0.009355526650829761	0.1522163313934482	0.19099455091180464	0.07566523377952349	-0.10073582069142369	-0.1960311930184512	-0.13369694655514763	-0.035991603365396356	-0.17715330549417443	-0.17715330542791327	-0.03599160342964372	0.13369694669633783	0.19603119294721777	-0.1007358206792241	-0.07566523369891605	0.19099455114274994	0.15221633109801527	-0.009355526168981021	0.163447478070018	-0.1859854848169246	0.058917897101497245	-0.11555180416105018	0.1973316633114056	-0.1208926505727604	0.05243087385005361	-0.18388822468316693	-0.1684753492637521	-0.018636616590183338	-0.14620258225204805	-0.1952595137140926	-0.0901385958921418	-0.08609920888663466	-0.19643454763936283	-0.15749221457614848
-0.16542330670393496	0.18921853016531642	0.05011198745264808	-0.13187556998234481	0.19668753622064883	-0.08647950801603481	-0.10074796106955372	0.1975080466143975	0.11691763701620744	0.06870943651900975	-0.1923875327577	-0.14267745089158368	-0.03566298220095523	-0.18172784527750063	0.16356758786572156	0.0024591138510782545	0.16618006265183113	0.17933815777883483	0.029969641982747944	-0.14654663693288894	-0.19020992987779034	-0.06152481734375456	0.12301711036108325	-0.19687423891623643	-0.09368643574439586	0.09368643571273103	0.19687423891998126	0.12301711040855208	-0.061524817412787085	0.1902099296414252	-0.14654663709959545	-0.029969642230715302	-0.17933815750826676	-0.16618006273176983	0.002459114017799848	0.1635675887005383	-0.1817278444343044	-0.035662982618615564	-0.1426774508255185	0.1923875329698704	0.0687094364008357	0.11691763633164015	0.19750804795902088	0.1007479603228104	0.08647950813326447	0.1966875365674725	0.1318755688287409	0.050111987531678504	0.18921852603654812	0.1654233112404261
-0.1726687425904651	0.1788722504179644	0.012286240366075578	-0.16512834573425086	0.1785924053753533	-0.014536192531331486	-0.16368853871435637	0.17795008085072483	0.013904164210848802	0.16395606248558078	-0.17703416074915326	-0.012155819191622962	-0.16485761199404628	-0.17581807052152187	0.009659437680425481	0.16614092780171205	0.17423608431706955	0.0064317887892225934	-0.16780241850023617	-0.17242555990076183	-0.0027748194841142253	0.16982182890102115	0.17131862245831886	-0.00028067485099468495	0.1713772512260742	0.1713772511835704	-0.00028067480584620434	-0.17131862259663333	-0.16982182876831564	-0.0027748193963958376	0.17242556005223017	-0.1678024186214182	0.006431788696608305	0.17423608378116082	-0.166140928304795	-0.009659438547191842	0.1758180701766176	0.1648576116887107	0.012155818803001595	-0.17703416123368176	-0.1639560621183903	-0.013904163275741935	-0.17795008203833665	-0.16368853855980536	-0.014536192749360808	-0.1785924055701892	-0.16512834472930032	-0.012286241166050885	-0.17887224630485504	-0.17266874685071035
-0.1791943459132315	0.16556245183737175	-0.02599075310260055	-0.1877547033786613	0.14276712651909573	0.05946069832835888	-0.19547639667611433	0.11460769291979128	-0.09339674067670474	0.1974151264079056	-0.08176224818100035	0.12482777270754998	-0.19225089801293974	-0.04536803417393247	-0.15201574666832637	0.17965386731751865	0.006695404665966355	-0.1736444403575833	-0.1598199644121149	0.03270580842702106	0.18870252490851952	0.1338606675306837	-0.070614235738884	0.19681245322356014	0.10422720284908593	-0.10422720277968388	-0.19681245323091429	-0.0706142357224955	0.13386066748531333	-0.18870252468694418	0.032705808384116436	0.15981996487276853	0.173644440258264	-0.006695403933551383	0.17965386768640224	-0.15201574645901428	-0.04536803446973795	-0.19225089708949009	0.1248277730995216	0.08176224880497084	0.1974151259626599	-0.09339674154892731	0.11460769372432034	0.19547639715110288	-0.05946069810017721	0.14276712655537835	0.18775470261448476	-0.025990751706868254	0.16556244776109186	0.17919434985691637
-0.1849699645075895	0.14950693283542862	-0.06331300876911321	-0.19829534183441194	0.09276585683471528	0.12505291938442128	-0.1900591831059688	0.023064513008140605	-0.17190152231882747	0.15647362540649953	0.05042086748760827	0.19543085432235016	-0.10092593215743098	0.11721899514172855	-0.19148059429084707	0.030779866908503713	-0.16759210016202877	-0.1600376123433922	0.04412796593111445	0.19401901606621147	0.10545834844544907	-0.11280682665498173	-0.19291206049013795	0.03653617251232179	-0.16495829115692853	-0.16495829112241625	0.036536172546920855	0.19291206069979996	0.11280682666936623	0.10545834809229274	-0.19401901607516234	0.04412796554285195	-0.16003761219658355	-0.1675921003730404	-0.03077986691508209	0.19148059506822437	-0.11721899466072357	0.10092593093229069	-0.19543085431048288	0.05042086684928162	-0.1564736250824498	0.1719015228102408	-0.0230645133899641	-0.1900591842042468	0.1250529192933904	-0.09276585668849421	-0.19829534139503513	0.063313006953411	-0.1495069287716384	-0.1849699680729238
-0.18996936440305182	0.13097037036771098	-0.0983085406375319	-0.1960692277742704	0.03355212449838186	0.17296864050557553	-0.1484664672574451	-0.07415376085922838	-0.19740261434312653	0.05655885538746592	0.15984110712717753	0.16210809969403556	0.05272232009259966	0.1967713039796595	-0.0770045498859767	-0.14591694002187397	-0.17297268976726268	0.032074215664782885	0.19396541210310464	0.09538906518205155	-0.13131895919890132	-0.1819072271544063	0.011615293774115572	-0.19007742997296928	-0.11437462284886807	0.11437462257595915	0.19007742978185496	0.011615293465669875	-0.18190722731222184	0.13131895943296273	0.09538906503245984	-0.19396541203479284	-0.03207421555965462	0.17297268927752393	-0.14591694029180904	-0.07700455127565864	0.19677130400507367	0.05272232130161446	0.1621080989379064	-0.1598411064903005	0.05655885536722271	-0.19740261421596303	-0.07415376069944593	0.1484664690195897	-0.17296864082455413	0.03355212404960636	0.1960692276642416	-0.09830853858073595	0.13097036627124412	0.18996936751522042
-0.19416998951025677	0.1102592777367619	-0.1296906034042193	-0.18121813480554247	-0.028993915699201674	0.1964333787550375	-0.07861368820590263	-0.15312401263983172	-0.1620358310009579	-0.06467281193084999	0.19709760189836312	0.04257839126944643	0.17381238620420353	0.1369362040458964	0.09937973033837413	-0.1907182350959713	-0.0040216375411459915	0.18840952131921304	0.10596639388170165	-0.131041140871103	-0.17691406039160015	0.0353314943717777	0.1964628309307855	-0.07154864376548623	0.15791803017742603	0.15791803016461214	-0.07154864384052022	-0.19646283110776888	-0.03533149444422741	-0.1769140600538541	0.13104114083469964	0.10596639440450599	0.1884095212722463	-0.004021636540648243	0.19071823508478866	-0.099379729062356	-0.13693620487423389	-0.17381238693268644	-0.042578390124322726	0.19709760167043738	0.06467281198345372	0.16203582987305207	0.15312401225283093	-0.07861369058395463	0.1964333795213901	0.02899391623264017	-0.18121813539297296	0.12969060167389704	-0.11025927326289589	-0.19416999193213494
-0.19755303436213148	0.0877168389947809	-0.156305102268283	-0.1546974346582492	-0.08866011505412194	0.1921288459305519	0.0062035239498103075	-0.1944126903611334	-0.07670577136548734	-0.1615290196916776	0.1453685628735995	-0.09959442888385588	0.18756704491239665	-0.0199007627607226	0.19586631215000783	-0.06312606438358445	0.16898310129442493	0.13459037414498196	-0.11196580048952365	-0.18190354926655164	0.03505448986596673	0.19695520538532704	0.048465977449259914	0.17689593765933231	0.12408978744830607	-0.12408978747360846	-0.17689593776760223	0.04846597750366993	0.19695520523303978	-0.03505448998705884	-0.18190354941417217	0.11196580020785207	-0.13459037405459157	-0.16898310183891233	-0.06312606395919614	0.19586631168611532	-0.019900761368302156	0.1875670451266472	-0.0995944300980821	-0.14536856299410209	-0.16152901977684464	-0.0767057694479501	-0.19441268958525051	-0.006203521182329888	-0.19212884716025672	-0.08866011565156671	0.15469743597771213	-0.15630510109458493	0.08771683406679538	0.19755303601122734
-0.20010346945911225	0.06371712328582588	-0.17717302749755423	-0.11821431020310742	-0.1395200236739005	0.1606628550444833	0.08983988644308005	-0.1878584614554841	0.032276544261402806	-0.19750412270222711	0.02800811294788949	-0.18880319690900357	0.08549148816091424	-0.16264020747908065	0.13488370717371942	0.12152698183991888	0.17167543059634202	-0.06935327600176282	-0.19260681490054343	0.010946106084859257	0.1959882589733378	0.04855100493367166	-0.1816408624506939	0.10413217866259022	-0.15028165347682995	-0.15028165350641517	0.10413217871446685	0.18164086247499175	-0.04855100492367262	0.19598825892079386	-0.010946106137177145	-0.1926068149709864	-0.06935327584825055	0.1716754302946768	-0.12152698238572732	-0.13488370786472229	0.16264020656400294	-0.08549148760893986	0.1888031973936809	0.028008113558702613	0.1975041229625181	-0.032276546480676106	0.18785846042996981	0.08983988384323972	0.1606628564151956	0.13952002412645642	-0.1182143123354524	0.17717302706968518	-0.06371711787082096	-0.20010347030373324
-0.2018100283244883	0.03865869410640669	-0.19152666242965039	-0.07411790127806903	-0.17652167725458706	0.10648345704012284	0.15637427161963718	-0.13507366548489916	0.1313062845655491	-0.15903864086799563	-0.1019974364250485	-0.17760622062765594	-0.06937889390625578	-0.19016834898235668	-0.03454028845216003	0.19632905124150682	0.001341061461627892	-0.19593896353377876	-0.0370760931276455	0.1891298068852912	0.07158816106966932	-0.17627776971583886	-0.1040131223852335	-0.15771419584393592	-0.13333569825394812	0.1333356984266382	0.15771419609787043	-0.10401312227099865	-0.17627776936726702	-0.07158816113197432	0.18912980730531243	0.03707609327531222	0.1959389631093626	-0.0013410606884677178	0.19632905146648097	-0.03454028705165928	-0.1901683493080715	-0.06937889514710098	-0.17760621992617912	0.10199743534379284	-0.1590386413892412	0.13130628650015977	-0.1350736644447855	-0.15637426973960697	-0.10648345819087719	-0.17652167734697707	0.0741179042462393	-0.19152666288686646	0.0386586881976184	0.20181002835207015
-0.2026651844892456	0.012957853537751298	-0.19883795027282203	-0.025248002121006894	-0.19598948405997849	0.03724999109364138	0.1931409924674079	-0.04904804613995099	0.18984695592699818	-0.06063020569884887	-0.1859524611360042	-0.07195786031073534	-0.1814047381636871	-0.08298441322613614	-0.17619494646333803	0.09366494429244863	-0.17034502528090878	-0.10396981938563411	0.163916717819263	0.11391918535970284	-0.15703516239155954	-0.12362636748099072	0.1498328236084837	-0.1331823507976252	0.14207730969608973	0.14207730975583838	-0.1331823508504894	-0.149832823533852	0.12362636743992655	-0.15703516251763686	-0.1139191854329016	0.16391671753338766	-0.1039698193021505	-0.17034502594009102	-0.09366494392542721	0.1761949453964939	0.08298441449094587	0.18140473927575348	0.07195785898879246	-0.1859524602258747	0.06063020609861432	-0.18984695687347272	0.04904804543630192	0.19314099161461268	0.037249991915829596	0.19598948392172572	-0.0252480055284053	0.1988379514069393	-0.012957847401882518	-0.20266518381704202
-0.20266516641003143	-0.012958327692821412	-0.19883793277502293	0.025247982821939907	-0.19598952020564606	-0.03724971914369276	0.19314102249404425	0.04904802326182366	0.18984694101136668	0.06063031144221251	-0.1859524370151766	0.0719578641636745	-0.18140474389176156	0.08298439341423318	-0.1761949497879478	-0.09366495951094239	-0.17034502271589524	0.10396980857401489	0.16391672331366267	-0.1139191841540494	-0.15703515843722737	0.12362637185741822	0.14983282526540692	0.1331823487959631	0.14207730942354868	-0.1420773096368395	-0.13318234907828427	0.14983282506146078	0.1236263714638858	0.15703515867619147	-0.11391918461792451	-0.16391672312391878	-0.10396980811930517	0.1703450226629599	-0.09366496020265012	-0.1761949499399681	0.08298439215147581	-0.18140474405079243	0.07195786524019102	0.18595243687147128	0.06063031150558264	0.18984694062109347	0.04904802335039004	-0.19314102270504407	0.03724971870648961	-0.1959895200275992	-0.025247979388087108	-0.19883793434772817	-0.012958333795266435	0.20266516515403044
-0.20180997557120536	-0.038659159663578115	-0.1915266090259506	0.07411788432646202	-0.17652178061949483	-0.10648322539847493	0.15637435770488095	0.13507364727138357	0.1313062458678291	0.15903870413452767	-0.10199737318927957	0.17760622226084616	-0.06937890647452656	0.19016834677358954	-0.034540297415412265	-0.19632905102373188	0.0013410657610552917	0.19593896448166506	-0.03707608611400641	-0.1891298064669401	0.07158816450405951	0.17627776977754744	-0.10401312171206673	0.15771419516092347	-0.13333569893285682	-0.13333569900564743	0.1577141952359852	0.10401312161435998	-0.17627776964228983	0.07158816464082897	0.1891298067575702	-0.0370760857987809	0.19593896406931524	0.001341066630944971	0.19632905139232604	0.03454029874098657	-0.19016834635075805	0.06937890559470546	-0.17760622263801734	-0.10199737380856574	-0.1590387045248689	-0.13130624439138938	-0.13507364677107894	0.15637435882356554	-0.1064832254583438	0.1765217804001862	0.07411788095634843	0.1915266110156273	0.0386591657346495	-0.2018099737511684
-0.2001033841907031	-0.06371757535060436	-0.17717293761594974	0.1182142977169976	-0.13952018201420432	-0.16066269440318848	0.08984001523204212	0.18785845141960997	0.03227649585778433	0.19750412108925947	0.028008189551689888	0.188803196335254	0.08549147892674734	0.16264022138221762	0.1348836959778662	-0.12152696810670685	0.17167543209517933	0.06935328861037011	-0.19260681813121353	-0.010946106592287659	0.19598825440176262	-0.04855101075003431	-0.181640864488544	-0.10413217507914137	-0.15028165406596852	0.1502816542784491	0.10413217533875828	-0.18164086423863343	-0.04855101041570193	-0.19598825476111587	-0.010946106306677925	0.19260681763573262	-0.0693532887430565	-0.17167543294251095	-0.12152696776326884	0.13488369458099525	0.1626402220911052	0.08549148019408855	0.188803195922757	-0.028008188559604155	0.19750412151201335	0.032276493833137444	0.18785845057445505	-0.08984001701753867	0.16066269494034455	-0.13952018169000044	-0.11821429448547296	-0.17717294002059975	-0.0637175814225893	0.20010338181915588
-0.1975529184241867	-0.08771727532669632	-0.15630497674632104	0.15469742681636145	-0.08866031188409637	-0.19212877438675918	0.006203673811663851	0.1944126923795826	-0.07670581416508676	0.16152895788249397	0.145368620971408	0.09959442457751475	0.18756704503816662	0.01990077770978157	0.19586630342412512	0.06312607326129238	0.16898310262780444	-0.13459036538718863	-0.11196580877157894	0.181903548901568	0.03505448363458381	-0.19695520828090804	0.04846597596346972	-0.17689593579295187	0.1240897881766074	0.12408978823879496	-0.1768959358817751	-0.04846597590695969	0.19695520807050032	0.03505448362779303	-0.18190354928894228	-0.11196580880001461	-0.1345903649365834	0.1689831024948334	-0.06312607398647214	-0.19586630316787823	-0.019900779081083904	-0.187567045839091	-0.09959442353860123	0.14536862008593762	-0.16152895825477667	0.07670581612632464	-0.19441269139439674	0.006203675932021924	-0.19212877521647492	0.08866031145902382	0.1546974240218233	0.1563049794738391	0.08771728124117478	-0.19755291554958385
-0.194169845662674	-0.11025969593451906	-0.1296904438857989	0.18121813134985695	-0.028994129646833237	-0.19643340197997458	-0.07861354258929032	0.15312402744039116	-0.16203585290384181	0.06467271803870914	0.1970976194589979	-0.04257840041339888	0.17381239553316952	-0.1369362008912046	0.09937972903046166	0.19071822958883972	-0.004021638604269361	-0.18840952315717516	0.10596638792473137	0.13104114432344027	-0.17691405930854345	-0.03533148995149555	0.19646283552523944	0.07154864323435946	0.15791802712373804	-0.15791802731713675	-0.07154864346618951	0.19646283528420938	-0.03533149021086105	0.17691405963869103	0.13104114423303065	-0.10596638744304003	0.18840952301137412	0.004021639534961867	0.19071822989961396	0.09937973003247934	-0.1369361999223694	0.1738123954566988	-0.042578401522896	-0.19709761905628695	0.06467271834280884	-0.1620358541802197	0.15312402642638848	0.07861354060971713	0.19643340297452394	-0.028994129228361313	-0.1812181292326295	-0.1296904467874242	-0.11025970152307069	0.19416984234548793
-0.18996919441827048	-0.13097076411594924	-0.09830835140063042	0.19606922819153158	0.03355191540418023	-0.17296875439544915	-0.14846635127846058	0.07415378629010608	-0.19740260813757468	-0.05655894474407938	0.1598410799327826	-0.16210811312724036	0.05272232943877304	-0.19677131129645897	-0.07700454082514499	0.14591692760896252	-0.17297269503874876	-0.03207422255567954	0.19396541122558555	-0.0953890583452925	-0.1313189559567249	0.18190723490642766	0.011615295101734886	0.19007742687883522	-0.11437462342452147	-0.11437462343574521	0.19007742694252375	-0.0116152950566548	-0.18190723470148273	-0.13131895615784517	0.09538905863066394	0.19396541085836996	-0.03207422274309218	-0.17297269581272043	-0.14591692722831207	0.07700453949900128	0.196771311556904	-0.05272232875218443	0.1621081135024246	0.15984108003119396	0.056558944748561574	0.19740260839245535	-0.07415378544903538	-0.14846634989504146	-0.17296875552892843	-0.033551915639696735	0.19606922671701665	0.0983083542743481	0.13097076938627206	-0.18996919073531898
-0.18496976977793933	-0.14950729544801283	-0.06331279609878855	0.19829534520469017	0.09276567291766974	-0.12505310800544978	-0.19005911765130631	-0.023064481642633423	-0.1719014917488333	-0.15647367884128952	0.050420806227736543	-0.19543086352251346	-0.10092592757147106	-0.11721900871002279	-0.19148058295527376	-0.030779874952398357	-0.16759210472145908	0.1600376092311374	0.04412796916580899	-0.19401901356087425	0.10545834711368958	0.11280682640759365	-0.19291206568473943	-0.03653617287057658	-0.16495828777186697	0.16495828793018574	0.036536173110186525	-0.1929120655545278	0.11280682669850439	-0.10545834714601596	-0.19401901338679292	-0.044127969096590974	-0.16003760930023184	0.16759210482733783	-0.03077987536707481	-0.19148058221941408	-0.11721900989485286	-0.10092592840509094	-0.1954308628836769	-0.05042080665176903	-0.1564736793318176	-0.17190149106028993	-0.023064482000198262	0.19005911702067751	0.1250531090866516	0.09276567296054317	-0.19829534437884933	-0.0633127988359185	-0.14950730039327492	0.18496976577961252
-0.17919412759599598	-0.16556277778899373	-0.025990524550462975	0.1877547080090838	0.14276698395573367	-0.059460935757262946	-0.1954763940599867	-0.11460766171568926	-0.09339669873865186	-0.19741512866208746	-0.0817623220910972	-0.12482776650648927	-0.19225089509128018	0.04536801781013338	-0.15201574706969886	-0.17965386786711546	0.006695408597061748	0.1736444424672939	-0.15981995990806225	-0.032705814039664625	0.18870252088620512	-0.13386067521540887	-0.07061423896366247	-0.19681245034790446	0.10422720390276968	0.10422720381955677	-0.1968124503378318	0.07061423878379992	0.13386067506916594	0.18870252121370068	0.03270581384000714	-0.15981995951042707	0.17364444262722664	0.00669540925223797	0.17965386783800885	0.15201574733387105	-0.0453680168145959	0.19225089581687282	0.12482776550900915	-0.08176232134964341	0.1974151293267389	0.09339669735514605	0.1146076614371842	-0.19547639408141818	-0.059460936442223236	-0.1427669839699661	0.18775470799570415	0.025990527137135108	0.16556278230234361	-0.17919412331379628
-0.17266850234135467	-0.17887253510388867	0.012286476756520484	0.1651283495482871	0.17859231534971196	0.014535937782904384	-0.16368860103354796	-0.1779500590186266	0.013904205371431888	-0.16395601328353723	-0.17703421550166806	0.01215583886725661	-0.16485761087552245	0.17581806083775073	0.009659424000986195	-0.16614092185058027	0.1742360940266389	-0.006431785019967053	-0.16780241739188467	0.17242555350013553	-0.0027748198486699845	-0.16982183182159205	0.17131862664764963	0.00028067564543161395	0.17137724806179452	-0.1713772481882619	-0.0002806758745816281	0.17131862659990507	-0.169821832060357	0.0027748197067948817	0.1724255534228297	0.1678024170700579	0.006431784979711206	-0.174236094728655	-0.16614092141451522	0.009659422975097538	0.17581806071622993	-0.1648576110121711	0.0121558397197007	0.1770342148920536	-0.16395601396162118	0.013904206881740015	-0.17795005812056586	0.16368860160889676	-0.014535937535010599	0.1785923151991622	-0.16512835015200414	0.012286474621273531	-0.1788725392936712	0.17266849792394443
-0.16542304702148644	-0.18921877067427506	0.05011222551844601	0.13187556873415274	0.19668750247133301	0.08647926670758026	-0.1007480812223013	-0.1975080448126659	0.11691766987344399	-0.06870935096337945	-0.192387541179899	0.14267747129639546	-0.03566298534390687	0.18172785017917048	0.16356757238814904	-0.0024591058599650758	0.16618006741823427	-0.17933815599660843	0.02996963786929782	0.14654663887623037	-0.19020992653617533	0.06152482410918376	0.12301711483259864	0.19687423600015633	-0.09368643687951479	-0.09368643681916478	0.1968742360469827	-0.12301711471277275	-0.06152482382799074	-0.19020992665610922	-0.14654663852838393	0.02996963786531051	-0.17933815629308297	0.16618006757846618	0.002459105549692271	-0.16356757139601202	-0.18172785100864208	0.035662984934833976	-0.1426774713983454	-0.19238754080093928	0.06870935125229855	-0.11691767113552905	0.19750804352952397	-0.10074808211230661	0.0864792670311005	-0.19668750231718155	0.13187557001209838	-0.05011222380409767	0.18921877444632437	-0.16542304248637885
-0.1574919330962852	-0.19643474574485484	0.08609944312599217	0.09013858711125519	0.19525953491312822	0.1462023850026723	-0.018636775765112797	-0.16847537006904806	0.18388824240850998	0.05243096493950968	-0.12089260901144169	0.1973316730868746	0.1155517995772329	0.05891791254810847	0.18598547772273663	0.16344747885690408	-0.009355529895069714	-0.15221633575510723	0.1909945486560776	-0.07566522813584488	-0.1007358166274207	0.19603119708800634	-0.13369694778358965	0.03599160382100919	-0.17715330381578376	0.17715330393587578	-0.03599160367875947	-0.13369694768784673	0.19603119709700367	0.1007358166758415	-0.07566522838425688	-0.19099454850812286	0.15221633617762392	0.009355530286720025	0.16344747858615996	0.1859854773982092	0.05891791353448709	0.11555180040314893	0.19733167253701261	0.12089260909193401	0.05243096511388122	0.18388824308882656	-0.16847536878246658	0.018636776887906936	-0.14620238563982255	0.19525953455264594	-0.09013858869065332	0.08609944212201767	-0.1964347492773859	0.1574919285934945
-0.14891350947985854	-0.20040802572543143	0.1189309131589341	0.04260484147661833	0.1744561239116886	0.18527061882401186	0.0670192065478313	-0.09800118316359405	0.1941773705487166	0.15381841154702114	0.005175055474847642	0.14706097937740698	0.19541659902073816	-0.10561933942098896	0.05890028684585868	0.18163264424975337	-0.17547111052392886	0.04468562493012447	0.11783371186570489	-0.19650177259289228	0.13538101227970026	0.021990363743399945	-0.1639297511394546	-0.19026392673275627	0.08279324365344437	0.08279324362732367	-0.19026392680643797	0.16392975101297083	-0.02199036396432863	0.13538101241204395	0.1965017724747905	0.11783371185170056	0.04468562483515559	-0.17547111101201507	-0.1816326436316133	-0.05890028742542413	0.10561933899572175	-0.19541659972731945	-0.14706097846601474	0.005175055065373016	-0.15381841221808745	-0.19417737058665172	0.09800118226574568	0.06701920536745495	0.1852706196446774	-0.1744561234142771	0.042604843275494554	-0.11893091285199292	0.20040802898073037	-0.14891350504474188
-0.1397296935106881	-0.20108163824036687	0.1474072678701026	-0.007665711255551335	0.1363515762641709	0.19817575739422646	0.1399293109462255	-0.0034220218097184103	0.14461733728306603	0.19725092666649657	0.12890485653591996	0.01860659585128363	0.1546336680694303	-0.1953561482143661	-0.11553476500565492	0.03565660797939441	-0.1647543550864989	0.19174765962923315	-0.09979707670103746	-0.05409303680830338	0.17441996568171797	-0.1866687572575203	0.08355433350609202	-0.07105727312557807	0.18226927123636066	-0.1822692713401057	0.07105727302959003	0.08355433343562034	-0.18666875719226747	-0.17441996579379845	-0.05409303656920051	0.09979707650945686	-0.19174765992403933	0.16475435511606035	0.03565660758577875	-0.11553476401595814	-0.19535614864474074	0.1546336682511354	0.018606595124040174	-0.1289048559634775	0.19725092755448478	0.14461733669795113	-0.0034220215020236353	-0.13992930992319078	-0.19817575827632633	0.1363515757283807	0.007665709322138821	0.14740726823616057	-0.20108164120717745	0.13972968919421525
-0.12998771692725258	-0.1984587170659053	0.17049612413675014	-0.05744322898527689	0.0847357490344051	0.1831113673410194	0.1862382901723401	0.09200464991566433	0.05048888180004273	0.166374773290156	0.19445807047499475	-0.11973267369343794	0.018398467193147198	-0.14675852817247687	-0.19712324206383408	-0.14256090564666477	0.011998694868631673	0.12495104908232489	-0.19506192184800858	0.1607626619406323	-0.04042047325246163	-0.10155578302489485	0.18953772913581535	0.17721221159486902	-0.07159099778316833	-0.07159099778208707	0.1772122116701476	-0.18953772899517918	0.1015557831584768	-0.040420473365931034	-0.16076266198265068	-0.195061921738696	0.12495104942490803	0.011998695312959476	0.14256090539892302	0.1971232414086099	0.14675852902928885	-0.018398466679494435	0.11973267390387045	0.1944580700356687	-0.16637477406964382	-0.0504888808204107	-0.09200464956358528	0.18623828945956736	0.18311136817112486	-0.08473574859454959	-0.05744322696954995	-0.17049612508840126	0.19845871971908768	-0.12998771276523338
-0.11974029737259263	-0.19260366195799242	0.18737308171022743	-0.1035421512469932	0.024727513582554903	0.14221491547237966	0.19715023814260332	0.1648144318837451	-0.05918757918868797	0.07284765542793512	0.17228210071155134	-0.19444125108673246	-0.12920089919979894	0.005765444017844204	-0.12028018013816258	-0.1919470443023407	0.17665496159113733	-0.0811793069550963	-0.05120000126920583	0.16027576334325286	-0.19643001595187978	0.14340106882623294	-0.025557129585711786	0.1037397158570662	-0.18671312816685953	0.1867131282601747	-0.10373971581038473	-0.025557129535108223	0.14340106873532255	0.1964300161202252	0.1602757631936622	0.05120000144574467	0.08117930695666918	-0.17665496204256553	-0.19194704365622905	-0.12028018032154457	0.0057654434322722435	-0.12920090012672972	-0.19444125071617724	-0.1722821005820906	0.07284765577243056	-0.0591875802645056	0.16481443098702364	-0.1971502378400935	-0.14221491617463158	0.024727513373272128	0.10354214920025144	0.1873730831396764	-0.19260366427965767	0.11974029339511799
-0.10904740913411744	-0.1836447931590587	0.19745665438117663	-0.14303017461623801	-0.03773421535225332	0.08127112411001658	0.17061677897424382	0.19713324636085108	-0.15063107483792434	-0.04808946153098219	0.07242120402263191	-0.16586019547718467	-0.19710403729758433	0.15424534401997306	0.05324967554494276	-0.06787466155329468	0.16330741215117953	-0.1967609397240013	0.15538291257059547	-0.05483127932065916	-0.06660952428875247	0.1627740296697548	-0.19746851163646764	-0.15817522705940196	0.06012669175008219	0.06012669175408173	-0.15817522713317286	0.19746851151929412	-0.16277402973811167	-0.0666095242050919	0.054831279423242806	0.1553829122658956	-0.1967609399805806	0.16330741210043553	0.06787466116430563	-0.05324967466792012	-0.15424534417688784	0.19710403814333574	0.1658601948088833	0.07242120422448925	0.04808946178928206	0.1506310756973545	-0.19713324512247205	0.1706167790520068	0.08127112460096732	0.03773421525064308	-0.14303017260966333	-0.19745665619681416	0.1836447951663637	-0.10904740538751716
-0.09797094470927598	-0.1717623426335237	0.20041617227470138	-0.17340254856313464	-0.09646809796959083	0.008901870039522098	0.11173147292271035	0.18108414985026716	-0.19574005583585102	-0.15094573768913347	-0.06010210764787138	-0.049168134095965564	-0.14339700534006586	0.19353988381421627	0.1839827529082498	0.1174917895425476	-0.014520948613725097	-0.09299504514822773	0.1715300684943989	-0.19650929991982707	0.16015618626669176	-0.07400404687621863	-0.03491540314237547	-0.13295148873803178	0.19047695134884324	-0.19047695140415258	0.13295148871769336	-0.03491540322183694	-0.07400404679129947	-0.16015618654110456	-0.1965092998647488	-0.1715300684034458	0.09299504527023282	0.014520949099220666	0.11749178923277478	0.1839827520628279	0.19353988465180583	-0.14339700565724656	-0.0491681335009349	0.06010210729121693	-0.15094573847569526	-0.19574005621055837	0.1810841485193902	-0.11173147329284028	-0.008901870292669187	-0.09646809751928233	0.17340254668800897	0.20041617440141998	-0.17176234435760307	0.0979709412341282
-0.08658569166591473	-0.15720837632939333	0.19621836045282184	-0.1927873279325179	-0.14571346088643253	-0.064700714042244	0.03172015583148058	0.12069920053366504	-0.1807470568164	-0.19713016256457022	-0.16562635346371926	0.09370107484213577	-0.0012011799666381642	0.09585177325752246	0.16691055688910367	0.19669833998103328	-0.17764829769816878	0.11431145896845854	-0.022359075206266045	-0.07525808899482467	0.15411223680213665	-0.1946038954830327	0.1870247035398315	0.13382693569881315	-0.0484535597030445	-0.04845355976927272	0.13382693573862461	-0.1870247033425063	0.1946038954771084	0.15411223689155126	0.07525808896991583	-0.02235907495825435	0.11431145922090813	-0.17764829815315583	-0.1966983392286397	-0.16691055669746552	-0.09585177412271736	0.001201179628855557	-0.09370107497901095	-0.16562635311388332	0.19713016361962885	0.18074705668647795	-0.12069919943881467	0.03172015635024607	-0.06470071408393711	0.14571346014289233	-0.1927873262649029	-0.1962183627714276	0.1572083777777441	-0.08658568848905229
-0.07497963675125471	-0.14030421603453977	0.1851330318659165	-0.20007822593968655	-0.18073161395659107	-0.12927315959744481	-0.054294638454945046	0.030782054098906563	-0.11027765803048187	-0.16928871126314857	-0.1965884539515471	0.18683881625932153	0.14169049658282784	-0.06955507540327696	0.0159197627645873	0.09840015330329419	-0.16197621787598435	0.1942549428632997	-0.18884378716999273	0.14671520158357604	-0.07611330574235183	-0.009083280455529811	0.09228666759680787	0.15772933226285663	-0.19354816450082835	0.1935481646324872	-0.15772933237703693	0.09228666759913338	-0.009083280388334334	0.0761133059846815	0.14671520143684677	0.18884378688338907	-0.19425494325809578	0.16197621784543623	0.09840015275882813	0.01591976328698303	-0.06955507513142596	0.14169049723221286	0.18683881580650283	0.1965884538332213	-0.16928871234663997	-0.11027765756256497	0.030782053398544458	0.05429463807762	0.12927315996640698	-0.18073161287090728	0.2000782243765135	0.1851330342427937	-0.14030421737836207	0.07497963406279103
-0.06326768324037202	-0.12146529490495739	0.16777167414526695	-0.19507250281052627	-0.19835644513576142	-0.17601410770132678	-0.1302414687555208	-0.06677200083068636	-0.005937451102214199	-0.07792209320159965	-0.13914388064965233	0.1809410483624763	0.19729035341480183	-0.18570586430648736	-0.14764722132378758	-0.0883748590619615	0.016261224466082292	0.058362285551767	-0.12468259320338813	0.17301676902668006	-0.1963282753627792	0.19138340992294897	-0.15926818473339951	-0.105049367880896	0.036635530734124885	0.036635530937668095	-0.1050493677883288	0.15926818437100704	-0.19138340997520953	-0.19632827574717487	-0.17301676900729654	-0.12468259311875748	0.05836228544398393	0.01626122491707624	0.08837485868780628	0.1476472204393749	0.18570586494568023	-0.19729035416270835	-0.18094104761208044	-0.13914388062055	0.07792209374834662	0.005937450534444897	0.06677200075173706	-0.13024146842400355	-0.1760141084035624	0.19835644405977043	-0.1950725015754705	-0.1677716764137989	0.12146529592830904	-0.0632676808544325
-0.05154864730196591	-0.10110446883013935	0.14492182094175227	-0.1782846686542467	-0.19705810432900525	-0.19854174132348001	-0.18186266906996992	-0.1480910058674187	0.10013238834173324	0.0424298924984445	-0.019487496491944742	0.07956302848180616	0.13182337653443726	-0.1709857037041566	-0.1930042143120452	-0.19550549761607722	0.17807064286767285	-0.14233366784694826	0.09187588156318649	-0.03190418580674604	-0.03128896655742376	0.09106586201411251	-0.14131205946606543	-0.17724858450885617	0.19587896839144778	-0.1958789685072709	0.1772485845514834	-0.14131205931648522	0.09106586197624666	0.03128896661561469	-0.03190418559211995	-0.09187588140781541	0.14233366843344272	-0.17807064326948127	-0.19550549664191003	-0.19300421376699153	-0.17098570472375407	0.1318233768715465	0.0795630278566382	0.019487496644544175	0.042429892538366334	0.10013238876955567	-0.14809100515411772	0.18186266899225265	0.19854174230568947	-0.1970581032486745	0.178284667588361	0.1449218229546687	-0.101104469695569	0.051548645399781906
-0.03995716579133507	-0.07973858866572446	0.11770659427887806	-0.15119113972649822	-0.17747139045608654	-0.19427067192053307	-0.19998761478167748	-0.19381625250745757	0.1757950866768998	0.1467972729473331	0.1084678185247246	-0.06311423257687944	-0.013557894790166182	-0.03704585465964086	-0.08540922592974345	-0.12832533898275914	0.16288383342598878	-0.1866801109303235	0.19800986854545835	-0.19603751852728798	0.18091863395283436	-0.15383953208282944	0.11691673982477177	0.07290329620354011	-0.024747662260851174	-0.024747662267696976	0.07290329620624789	-0.11691673976574767	0.1538395321686589	0.18091863403493968	0.19603751821450172	0.19800986851921687	-0.18668011156611783	0.1628838333933375	0.12832533814366348	0.08540922597021085	0.03704585528049717	0.01355789492409658	0.06311423260682351	0.10846781826389654	-0.14679727363336795	-0.17579508690546947	0.19381625129415075	-0.19998761483978203	-0.19427067303820394	0.17747138958232428	-0.15119113892709266	-0.1177065959135876	0.07973858925767349	-0.03995716426204013
-0.02871319286801598	-0.05807426686953472	0.08767074645025066	-0.1162816466971536	-0.14248830601896828	-0.16494394658698966	-0.18247745858109876	-0.19414554393769975	0.19926375603804555	0.19742526516828504	0.1885098008654117	-0.1726843328018244	-0.15039653316165497	0.12236101724841138	0.08953921518327829	0.053113305091161196	-0.014453890719331204	-0.02491995562899191	0.0633927780308186	-0.09932512481886897	0.13115755759596617	-0.15755499497833678	0.1775791844861737	0.19081906423652076	-0.1973346703347654	0.19733467032720706	-0.1908190641424278	0.17757918443011553	-0.1575549951556516	-0.1311575576554279	-0.09932512461073528	-0.06339277804422437	0.02491995575502608	0.014453890840541645	0.053113304942532545	0.08953921488698627	0.12236101780716387	-0.15039653370167194	-0.17268433194692748	-0.1885098003233928	0.19742526623398468	0.19926375627510354	-0.19414554271087345	0.1824774586852666	0.1649439475359454	-0.14248830533756746	0.11628164616960218	0.08767074769662525	-0.058074267237438006	0.02871319170938173
-0.01821573453805293	-0.03720731800925031	0.057091182308421404	-0.0774747740961757	-0.0978151121293078	-0.11756027916018544	-0.1361901944340022	-0.15322964789810314	0.16825307568209122	0.18088674919324682	0.1908098124177958	-0.1977550995982967	-0.20151045317181593	0.20192028340406679	0.19888798223441453	0.19237982068119044	-0.18243081034238215	0.16915377913180177	-0.1527520441130603	0.13353420141999722	-0.11192585227535579	0.08846571713153023	-0.06376475534797707	-0.03840751122622989	0.01281606307275598	0.012816062992724992	-0.03840751125585447	0.06376475542515259	-0.08846571722380389	-0.11192585223837365	-0.1335342011122942	-0.1527520441037836	0.1691537797797508	-0.1824308104424038	-0.19237981957948028	-0.19888798185958845	-0.20192028480596683	0.20151045390970898	0.19775509833405217	0.19080981171152298	-0.18088675016997974	-0.16825307593691052	0.15322964703520497	-0.13619019458509365	-0.11756027979064232	0.09781511158393442	-0.07747477373647502	-0.05709118315668018	0.03720731828327742	-0.018215733830299168
-0.008786609133348049	-0.01805820257357906	0.027989374073539918	-0.03851783898820665	-0.04951243779822852	-0.06083596166162068	-0.0723601158908145	-0.08396773907088922	0.09555149464961465	0.10701161888033131	0.11825322653266061	-0.12918346627082875	-0.13970876636589472	0.14973181929799806	0.1591484757707008	0.16784484600710642	-0.17569506024959158	0.1825615385216028	-0.18830088331819114	0.19278040403283767	-0.19591244810613395	0.19771227944748657	-0.19837246034028624	-0.1983071761990294	0.1980665828146854	-0.19806658272561237	0.19830717601587974	-0.1983724603555059	0.19771227976752562	0.19591244814458225	0.19278040353059078	0.18830088327004707	-0.182561539274084	0.1756950603395839	0.1678448449652984	0.159148475472331	0.14973182042947586	-0.1397087669229364	-0.1291834654136793	-0.11825322604518937	0.10701161940898245	0.09555149476966708	-0.08396773863524742	0.07236011603443444	0.06083596200966945	-0.049512437501092285	0.03851783878360258	0.027989374477877083	-0.01805820271153826	0.008786608803297997
