0.9613974389616747
0.9610273772902976
0.9604138345879701
0.9595473380426539
0.9584086598745993
0.9569694404877642
0.9551912766641015
0.9530237458694649
0.9504013967722937
0.9472394740545331
0.9434279485111708
0.9388231805083587
0.9332362366687103
0.926416450622974
0.918028247508931
0.9076186093728993
0.8945720933169591
0.8780508810129611
0.8569212454653874
0.8296806944056131
0.7944334854080276
0.749032699665163
0.6916094314300197
0.621717622600493
0.5418674117863799
0.4581325883216679
0.37828237727675706
0.3083905684940369
0.2509673004483226
0.2055665146515675
0.170319305507042
0.14307875448208185
0.12194911903747252
0.1054279067127799
0.09238139059928041
0.081971752488183
0.07358354940304734
0.06676376332699663
0.061176819471051025
0.05657205149048006
0.052760525948039816
0.0495986032146607
0.04697625413056816
0.044808723353306545
0.04303055951867296
0.041591340122195675
0.04045266196276297
0.03958616541612918
0.038972622701647405
0.038602561031964834
