-0.004501838974547826	0.010224716441747534	0.017495444187786934	0.026147229318514265	0.03591433067111834	0.04652939626441185	-0.057778307425269335	-0.06946852299883022	-0.0814501674652881	-0.09360318829135239	-0.10582432519665612	0.11802425795474424	-0.13013339350383887	-0.1420730426052129	-0.1537862839114924	0.16517368071111285	-0.1761402329419047	0.1864452752775154	-0.1958639465714036	0.20377996048987787	-0.2096346736313705	0.21200457172555057	-0.2101407914067868	0.2033716198361838	0.19636103295715068	-0.19648156689861615	-0.20341949074834426	-0.2101741115038692	-0.2120302237781919	0.20965411347516738	0.20379416269630934	0.19587366693815772	0.18645108288958281	0.17614259892278214	-0.1651731497346917	0.15378307526867308	-0.1420673858061668	0.13012545967831446	-0.11801421042815397	0.10581229867050475	0.09358939998699839	0.08143491908845475	0.06945213632991612	0.05776125055993927	-0.04651217728402491	-0.035897577309824874	-0.026131850691020007	-0.017482354019985415	-0.010214871657886152	0.004496009177045174
-0.009934687961659411	0.022399381411578066	0.03790799171006816	0.05583646255947847	0.07530943108628345	0.09544682386731576	-0.11547476539579556	-0.1346974657809027	-0.1525113476043475	-0.16842526140519634	-0.18198291420316265	0.192829937530628	-0.20063860209473056	-0.20516542000680046	-0.20617254895744483	0.20349632510483373	-0.19693988766313925	0.18635422597422205	-0.1715887063762379	0.15254541791914641	-0.12927720605896664	0.10207621943758466	-0.07201137912474499	0.04117538952867801	0.012757152779468007	0.012754086539345651	0.04117691196508781	0.07201796387826867	0.10208700562051942	-0.1292905358219285	-0.1525597695665451	-0.17160282323128095	-0.18636703404652916	-0.19695054370208256	0.20350431603616487	-0.20617720961010588	0.20516628618162283	-0.20063528146160864	0.19282207885727395	-0.18197028347921473	-0.16840789359214164	-0.15248950903237116	-0.13467160372428819	-0.11544570668287761	0.09541563124642317	0.07527756525854208	0.055806028793243895	0.037881245897263154	0.02237878109170536	-0.009922244173954474
-0.016807238078341304	0.03747387284752546	0.062358399987018864	0.08979929059066534	0.11769529399005854	0.14399184971469345	-0.16691648016666547	-0.18497756470802018	-0.19701370206205795	-0.20223723510296818	-0.20013447790176292	0.19056237952131905	-0.1736367111157984	-0.14980162294113192	-0.11970873575475015	0.0843049337544145	-0.04468974541004309	0.0022802977850384463	0.04134725360292704	-0.08411356414836081	0.12376676893878293	-0.15710064295290788	0.18124056452777007	-0.1933672637480544	-0.19626703935713918	0.19638691455277166	0.193409668519897	0.18126210428528972	0.15710745587220956	-0.12376067230563685	-0.08409657157278717	-0.04132150054495323	0.0023125615554660138	0.04472627261042378	-0.08434349034233468	0.1197471020891167	-0.1498377115977135	0.1736684933828823	-0.190587866157391	0.20015195197558508	0.20224542177935986	0.19701180596581064	0.1849652925624403	0.16689439665959746	-0.14396127169904824	-0.11765851260873039	-0.08975998974862015	-0.06232094441637081	-0.03744328337801527	0.016787916931273142
-0.025079827915230665	0.05509726046889553	0.08963725678018337	0.1251777704263589	0.15766549635122332	0.1834000837031726	-0.19953140573187772	-0.20410459867556402	-0.19620930742435763	-0.17594774768543103	-0.14434529497048407	0.10326036624192397	-0.05525455035491802	-0.0033584062980207105	0.049024709617159185	-0.09844412570290767	0.14141152914832764	-0.17476881605809103	0.19564915683186526	-0.201890081521901	0.19211606455785749	-0.16625031500341858	0.12622015146451296	-0.07671973315376503	-0.02497854872411369	-0.0249700788322438	-0.07671751318198831	-0.1262231412494918	-0.16625518239560616	0.1921184951489293	0.20188662366518487	0.195637482034135	0.1747476993603633	0.14138084485046698	-0.09840489481168534	0.04897859935046717	0.0034089491222310734	-0.05530642261725759	0.10330999965822706	-0.14438894140450562	-0.1759817702587675	-0.19623058827483714	-0.20411072940038913	-0.19952137211463353	0.1833743730685986	0.15762646459680027	0.125130473274834	0.08958846083042454	0.05505523144109966	-0.025052318210447806
-0.03449315736691779	0.07437335440653975	0.11754287642946898	0.15767192900230537	0.18818315840671795	0.2038014368413915	-0.20141944390899258	-0.18019128034901544	-0.14162178743434622	-0.08922959902028442	-0.028131239710266213	-0.0355795809723035	0.09539168942841454	0.14517112768027926	0.17958451627923774	-0.19485322929028454	0.18885206821508332	-0.16169355555292145	0.11551131474378636	-0.054915492553396665	-0.013650963925118397	0.08143444321629528	-0.13920313418514998	0.17782770516302754	0.1952438924842545	-0.1953624784047335	-0.1778633396113296	-0.13921165199213226	-0.08142318747599096	0.013625077054364741	-0.0549494924837679	-0.11554654119689707	-0.16172334469224875	-0.18887076492003055	0.19485672188192604	-0.17957030265997165	0.14513885592738976	-0.09534310964196509	0.03551840980132436	0.028199429023979372	0.0892978345782817	0.1416826542892144	0.1802376369328858	0.20144559483351118	-0.2038039939055218	-0.18816202702885515	-0.1576318779981166	-0.11749254832696657	-0.07432485340591191	0.034459022782962256
-0.044821774685157724	0.0944646051942503	0.14401514897481033	0.183473444679908	0.20370243013205694	0.19895551402996897	-0.168046036473694	-0.1142368993606276	-0.04464924482148136	0.030985396213353784	0.10186984230297631	-0.1577601408732297	0.1904938118567557	0.19516135537115956	0.17085584387128316	-0.12079758831882312	0.05205985857748402	0.025434573411032366	-0.09991019196763322	0.15958263632219566	-0.1940891111914941	0.19669591701922068	-0.16614614763286417	0.10861439065005908	0.03701652643131415	0.037001572630360295	0.10860625160063099	0.16614152098754953	0.19668876157474718	-0.1940735238161966	-0.15955590129759847	-0.0998730342734589	-0.025390801617418125	0.05210423609661772	-0.12083533690140463	0.1708798257552515	-0.19516580396464253	0.19047519926862447	-0.1577180003953887	0.10180739821894515	0.030909580620991837	-0.044728704295031944	-0.11430880790229439	-0.16809935273363438	0.198981472691838	0.20369670427398492	0.1834388274756027	0.143961275377855	0.09440746533444742	-0.044779336000856075
-0.05593796502109611	0.11474817030981586	0.1674577429394637	0.19988307064416863	0.20124074641214512	0.16779838307659517	-0.10389824268921073	-0.020723264943808717	0.06615883539298893	0.14010050415513775	0.1868111097142409	-0.1971717673754655	0.16913534837612754	0.10803451031842565	0.025792696724597237	0.061542074672085265	-0.13643827915565748	0.18361026201480357	-0.19251763145762418	0.160387305466213	-0.09262826017870905	0.0035712483864477115	0.08699623116306157	-0.156996214514461	-0.19327624446327232	0.19339299917709712	0.1570243521546704	0.0869923311064607	-0.0035957529256374927	0.09266168622130887	0.16041665208022618	0.1925319330926762	0.18360263851720213	0.13640743672078828	-0.0614925349759254	-0.02585171871811921	0.10809075333715136	-0.16917585001811508	0.19718558456845814	-0.18679179881236013	-0.1400481090683849	-0.06608051351954339	0.02081433878550201	0.10398485189358184	-0.16786308782373344	-0.20127016686456836	-0.1998729502760646	-0.16741500682205948	-0.11469117758383501	0.05589071729076223
-0.06770213961762503	0.13458983419910936	0.18642132241285522	0.2049749272688123	0.1800210172470087	0.11377431052868615	-0.020553179478507665	0.07741523440532586	0.15599340670187992	0.19560732955968888	0.1863024470041574	-0.13037958258018237	0.04183598082000977	-0.057078721250593815	-0.14134985925210816	0.18942477872477173	-0.18860014705099096	0.13835101535788685	-0.05099104359069632	-0.05109087577548841	0.14040125201477777	-0.19185249238527782	0.19015435939194764	-0.13647718622097293	-0.048878976940927014	-0.048856995839933914	-0.13646238464549265	-0.19014111541343875	-0.19183295378315246	0.14037078426159044	0.05105189174262122	-0.05103039447043314	-0.13837962360405107	-0.18860786655299913	0.18940572976053763	-0.141304740987305	0.05701564574617989	0.04190290994952784	-0.13043327968586774	0.18632689271509167	0.19559214255643162	0.1559375522967959	0.0773282242533348	-0.020652356856148024	0.11386176701386605	0.18007435840974767	0.204981526339285	0.18638391311939745	0.13452842915293936	-0.0676472264654009
-0.07991865131214339	0.15324805341955514	0.19946272220656214	0.1974103011327689	0.1410654651549604	0.04362102102025159	0.06662664089451659	0.15602725057964967	0.19673530827283736	0.17596714305531286	0.10010427915551795	0.007110954646324541	-0.11209980490202665	-0.18181000111743434	-0.1942041900804233	0.1450414239829261	-0.049703201394386505	-0.06167685551580584	0.1527384281356996	-0.19314600946408542	0.16788920557893933	-0.08465362500151108	-0.028715203360880095	0.13143968769540385	0.19044941531576945	-0.19056385235603923	-0.13145980609759325	-0.02870038815150414	0.08468478441946335	-0.1679169368169527	-0.1931533330861649	-0.15271779081328288	-0.06163227537427194	0.04975756655120393	-0.14508618556275468	0.19422147985867133	-0.1817900111617035	0.11204465491680614	-0.007035242522223571	-0.10017707226461926	-0.17601155391840598	-0.19673262539044534	-0.1559725588759578	-0.06653219515657764	-0.04372851130897357	-0.14115280946677863	-0.19745069959610487	-0.1994477492018885	-0.15319424595012243	0.07986146270656616
-0.09238575733321469	0.17001063228752858	0.20543899425379278	0.17690348960535268	0.08760814036285447	-0.03301261596923439	0.14089008439956968	0.19533679002419535	0.17548175765863908	0.08874541336661185	-0.03185588662774327	0.1402689448446728	-0.19501167650752155	-0.17505974848121908	-0.08795347475718261	-0.032901646817861424	0.1407416161277192	-0.19322029155441992	0.16890853152559826	-0.0763018808405975	-0.048187535459381765	0.15400728786063012	-0.19689144265353103	0.15966598755643074	0.060545126644884435	0.06051593457817981	0.15964457346990663	0.19687028069036333	0.15397853584800061	-0.04815142168218001	0.07633477660698094	0.16892361462164585	0.19320666873613976	0.14069901554792064	-0.03284227970172126	-0.08800824782117736	0.17508717749027453	-0.19499676126124987	0.1402117642876161	-0.03177359347638211	0.08882296608972301	0.1755227324462386	0.19532003663660735	0.1408153288611247	-0.03290294149027596	0.08771334122981012	0.1769648890965389	0.2054367170297751	0.16995722693695622	-0.09232200110926475
-0.10492819488168201	0.1842734871142686	0.20365639596524368	0.1443736062287141	0.024909313486397747	-0.10485400102619387	0.1872844678313061	0.18485684649386128	0.09842345969343246	-0.03276169819894268	-0.14883489689871784	0.1967676642201178	-0.15455732060108685	-0.04148774140378731	0.09070054051547649	-0.1811388290085009	0.18790914483573223	-0.10721635714397612	-0.023536654340336423	0.14299391426614705	-0.19311580374568862	0.14897424321791564	-0.030892292186616654	-0.10190075112705274	-0.1868310042842552	0.18694268680863957	0.10191257965264039	-0.030915720124729425	-0.14900483533985026	0.19312749046224645	0.14297347253276274	0.02349099523063815	-0.1072644381986757	-0.18793297165492182	0.18112191071803121	-0.0906460356929794	-0.041556728307244606	0.15460756303312503	-0.19677126965914601	0.14878373991817154	0.032673992797868756	-0.09850906546203446	-0.18489791689830665	-0.1872554756869002	0.10476099536293158	-0.02502843415109352	-0.14446602094233324	-0.20368332879736506	-0.18423487154454035	0.10486519920768042
-0.11739770509338336	0.1955591984663752	0.1939124412833483	0.10188554981513827	-0.04037029852132425	-0.1608979098079372	0.1960656704669431	0.1267186556400526	-0.010312362940768205	-0.14163725289108337	-0.1967516077470316	0.14600547510069234	-0.016646804373055834	0.12175218008311728	0.19455962653829276	-0.16231328508892165	0.04221575525415533	0.10054384728481863	-0.1874982293509245	0.16978204890783644	-0.05614577091244256	-0.09022307141533459	0.186102881792067	-0.1775448241603198	-0.07198432679580247	-0.07194791756272474	-0.1775173566487254	-0.1860756740173249	-0.09019047698781917	-0.05617613362813253	-0.1697928995533879	-0.18747739008702724	-0.10049528347322104	0.042269882420500636	-0.16234316384366054	0.1945444101927924	-0.1216939099258489	-0.016721311027102767	0.1460562683988841	-0.19674660162522906	-0.14157163663455308	-0.010215312819112081	0.12679624284740587	0.19607740292929116	-0.16082945717919467	-0.040251375352691486	0.10199419981138756	0.19395573149040218	0.1955253264310521	-0.11732946577193917
-0.129630158729248	0.20342275477020114	0.17631970483891904	0.05222914512051513	-0.1012680480188628	-0.19254441331292735	0.16522512089241426	0.035701795135928624	-0.11586475809892974	-0.19524242190130162	-0.1530164751755473	0.015463277333443815	0.13161244835940583	0.1964489889686113	0.1383676387030866	0.006383706486489544	-0.1471698754386316	0.19498158884688435	-0.1191914806679936	-0.03269914348637068	0.1626794846897753	-0.18630192738713136	0.08685775163003139	0.06926557214354517	0.18246800448338096	-0.18257652011147266	-0.06926906793387387	0.08688697010780408	0.1863253533852931	-0.1626703943146765	-0.03265853637971817	0.11923572583921747	0.19499521714257276	0.14713763799162188	-0.00632205563638539	-0.13841912052766178	0.1964529460938299	-0.13155955206641318	-0.01554466560583937	0.1530750192436801	0.1952354129699886	0.1157882834921936	-0.035805617341825	-0.16529031997033283	0.19252320787523888	0.10116518768617991	-0.0523541734323832	-0.17639243603636007	-0.20340918053361273	0.12956583315649395
-0.14147613587276486	0.20752824035958486	0.15140740577735842	-0.0011767661427054803	-0.15121541251841963	-0.19493837271287984	0.10098587753246999	-0.06450469686667494	-0.18392584241173054	-0.17218109082731317	-0.0376254560445485	-0.12367063394649433	0.19648198531895048	0.1286959792211159	-0.03127764037640689	0.16890069386350873	-0.18523182191151122	0.06822382650813438	0.09763033521991148	-0.19136353379911514	0.14345568811714846	0.01160263076461696	-0.15888710392812685	0.18958006688022774	0.08316012078886968	0.0831165876441079	0.18954747494696358	0.15885638574244476	0.0115724598719598	0.14347055149658813	0.19134625172877384	0.09758403686390783	-0.06827131335488998	-0.18524484545436765	0.16886351198347543	-0.031210454418159866	-0.12874690371737502	0.1964759896317655	-0.12360427052527474	-0.037710582534087995	-0.17222325183523804	-0.1838874237669999	-0.06440381287968559	0.10108110920719388	-0.19495575513741023	-0.1511335066191662	-0.0010474750439406582	0.15149573953040038	0.20752270138257053	-0.1414079189569464
-0.1527924117482956	0.20763536364460122	0.12008139790519003	-0.0545286372355834	-0.18468874525102516	-0.16756801393116047	0.01626767703707879	-0.1478599911021548	-0.19239536524447637	-0.08134271222700379	0.095526950610462	-0.19502862903161314	0.13663444178259343	-0.03242367708508091	-0.1749864005072167	0.17532215652978375	-0.032850679518718125	-0.13622200913635166	0.1935081512059713	-0.09117208343944837	-0.08598495855857327	0.19079262777944275	-0.13444200749347926	-0.03453848934598256	-0.17739487440855675	0.17749983996303367	0.03453377315335037	-0.13447376371210787	-0.1908040497915607	0.08595706500858179	-0.0912160356625484	-0.19352465665823865	-0.1361893104621298	0.032909497401684557	-0.17535633609075318	0.17496107738675173	-0.03235313213889034	-0.1366938687594608	0.1950229825422285	-0.09545224500000432	0.08143037749980406	0.19242115706948018	0.14779311937366432	-0.016381101009939354	0.1676358837739025	0.1846480048110191	0.05440447615158057	-0.12019293309435627	-0.20765344698341232	0.15273104794461415
-0.16347030167693305	0.20366122320972263	0.08364231069252026	-0.10389995677245122	-0.19788912806323344	-0.11448046911555479	-0.07179408493422161	-0.19269905600285683	-0.13858684261984058	0.04143706925870061	0.18380446975303547	-0.1590889006357143	-0.010220360698009459	-0.17004622469603065	-0.17480732990143932	0.020056984177117904	0.1530013594536461	-0.18596848176696912	0.048435048642086385	0.13285497941743593	-0.18958824121909074	0.06838335720183301	0.11770818288105414	-0.19539257581517075	-0.09403281415782584	-0.09398231734262975	-0.19535600623205798	-0.11767689015569549	0.06840525443494996	-0.18958261665367568	-0.1328158376444018	0.04848059286908108	0.1859782956461909	0.15295912668765252	0.02011945586233565	-0.1748332083995012	0.17000528851096083	-0.010142287783090474	-0.1591343715010367	0.18376900680424857	0.0413436294796889	-0.13865608819654512	-0.1926741006905036	-0.07168660614989686	-0.11457768248254278	-0.19788218860927842	-0.10378647262196038	0.08376458738519131	0.2036892808445346	-0.16340626565910857
-0.1733885162815744	0.19558853601016216	0.043602438816928664	-0.14564981292755205	-0.18926883317880996	-0.04374042802302281	-0.14524365257280947	-0.1872654699311067	-0.03987020328052141	0.14782322457406583	0.18573418542672387	-0.035491217075905	-0.15071348197803197	-0.18406415016982303	-0.030812148750622385	-0.15356074522613572	0.18144367536200787	-0.024502950634525632	-0.1572223024968187	0.1771071781044259	-0.015014573783539159	-0.1620455706863766	0.1695744293308538	-0.0011899038206877178	0.17164004431191446	-0.17174107375305517	0.0012024540458663488	0.16960543954760807	0.1620425868354144	0.01505364639759841	0.17713582489442162	0.1572007095801447	-0.02455786705906553	-0.18147265981151686	0.15352614518193208	0.030880810395177646	-0.18409515375795948	0.15066717561052032	0.035574494572603706	-0.18576809975374	-0.14776384622863584	0.03997059135265491	0.1873030450739475	0.14516929821107177	0.04386042285183857	0.18931097385956816	0.14556290324297486	-0.04373631774077129	-0.19564085465211076	0.17333402480164267
-0.1824533248379783	0.18352732297922073	0.0016691520322127732	-0.17670596674383499	-0.15977426295319902	0.0337262530179512	-0.18897153263754643	-0.13286435816025366	0.07182143440384967	0.19596218236282775	0.10051414444730906	0.1075912290754928	-0.19514896564866854	-0.06402886011328053	0.13866211037082865	-0.18538122497775353	0.023605374481762705	0.16460484360957475	-0.16700414014626214	-0.018960989039310452	0.18193576946589046	-0.13609044250389604	-0.06623497011996753	0.194788677374838	0.10456148546972109	0.10450423247639995	0.19474940329957446	0.0662062039629136	-0.13609992219710487	0.18191063154710707	0.01891587614354163	-0.16702230786327904	-0.16456863983672937	0.023663515520583094	-0.18539613273602165	0.13860937771130827	0.0640968767066066	-0.19515382518748975	0.10751831901418568	0.1005892114670885	0.1959504705618088	0.07172510760024242	-0.1329422766956609	-0.18893590918112316	0.0336048728492181	-0.15984837209121766	-0.17664243914078004	0.0018059481414498355	0.18358998248760003	-0.18239730021840023
-0.1905648572615626	0.16766231186668593	-0.04034624594600602	-0.194744965138061	-0.11261386115737608	0.10596763493109569	-0.1939713881924199	-0.0436443930097193	0.16022651724962392	0.16685829613267575	-0.03186636368608875	0.1913366759628338	-0.1151548460367207	0.10276699169161949	0.19400026399604758	-0.04601575184186464	-0.15833452802139647	0.1667255303823496	0.03130734556310964	-0.18958930685517017	0.11181548227394146	0.10523223982711494	-0.189235544143194	0.036780483026135256	-0.16522994393657675	0.1653266667642073	-0.03680026443546201	-0.18926277792101862	-0.10521504773972731	-0.11185462454409932	-0.18959031429458642	-0.03125975793875029	0.1667611067829114	0.15830524042625208	0.04607994891246164	-0.19401700614617573	0.1027068274781416	0.11522197111115152	-0.19132206483167796	0.031778119138189405	-0.16691301977619977	-0.16017071638521818	0.043751879367312174	0.19399543564349292	-0.10586603313445503	0.11272323377208575	0.1947222167600864	0.04021238387387569	-0.16774724332075833	0.19052070915185268
-0.19766297883370518	0.14831304552666932	-0.08058412999912283	-0.19839935701359923	-0.05297234956416902	0.16184169257554887	-0.1592469604865461	0.056994284294832415	0.19651022229742887	0.07190970517735591	-0.14929864281055344	0.16968429315275452	0.038149081989296306	0.1946678733484971	0.08935084223789166	0.13590576751401684	-0.17761404357582938	-0.020302067142533582	0.1904396936626749	-0.10295832086986688	-0.12289115448427672	0.17998695537448162	0.009041773890140103	-0.1877784998285168	-0.11470488126934741	-0.11464110717757811	-0.18773792772747225	-0.009018269352831572	0.17998196639316802	-0.12285334472801605	0.10299055675627154	0.19041958378759685	0.020246542762363907	-0.1776328488231583	0.13585480869739494	0.08940995594131455	-0.19465236058339289	0.03807023101038029	0.16972307084376118	-0.14923653196596007	0.07199799942583351	0.1965023062572975	0.05688829989196097	-0.15931274717069704	0.16176844473223903	-0.0530972992778666	-0.1984060413963857	-0.08045640774827592	0.14840728410247586	-0.19761819271985648
-0.2036704642124877	0.12585213987106675	-0.11726902261189821	-0.18735230765627964	0.012564829697973545	0.19270051525777562	-0.09188276371223615	0.14267662625290384	0.16882508448947	-0.051478116003500704	-0.19659804982498283	0.054572648916688796	0.16706883636454523	0.1446407148357667	-0.08908787159975765	0.1923057471537053	-0.014404096748335697	-0.18415293898326238	0.11231874023674025	0.12355407711619334	-0.1772323608060063	-0.03026118031624592	0.19174340966738637	-0.07108685126195831	0.15819138928478985	-0.15828344530573396	0.07111305875018209	0.19176423242567675	0.030232653525725052	0.17726041435468504	0.12352684610877399	-0.11236501333140785	-0.18414189171074402	0.014464531701279726	-0.19232496370406885	0.08902865474474377	0.14469514807907669	-0.16703124449933712	-0.05465561737734485	0.19660193443695548	0.05138593528403142	-0.1688816804301452	-0.1426039803375254	0.09198815434494735	-0.19267848491477144	-0.012434381605561588	0.1874020555894743	0.11715879645957086	-0.12596423788540964	0.2036393272976851
-0.20854487264649652	0.100748302730027	-0.14878952255786482	-0.16242841185360107	0.07669585500448228	0.19374367437617543	-0.005658212020747263	0.19096899298255351	0.08623348366937612	-0.15453704280872094	-0.15143178990422929	-0.09060470470911572	0.1895311769135686	-0.01077237061540692	-0.1939973239545549	0.07091027606012769	0.16369932404576434	-0.1389670014506222	-0.10544533662062906	0.18239406042440176	0.02916754265908003	-0.19261819750742842	0.04878366285289778	0.17458074099994286	0.12442253019014178	0.12435249624906906	0.17454031377911436	-0.048799646801242866	-0.1925993524280105	0.029127670491067268	-0.18239982337430355	-0.1053980803057094	0.13900015318434644	0.16366043571557992	0.07096852464102026	-0.19398063102984886	0.01069763518000166	0.1895473360638937	-0.09052701141975468	-0.15148636730253387	-0.15447380605234293	0.08632466546801303	0.19093902547444608	-0.005775332147266462	0.19376323645264865	0.07657353591849383	-0.1625048159542778	-0.1486936924086173	0.10086730768232925	-0.20851377034080307
-0.21222953607964212	0.07350834364573323	-0.1737423534098247	-0.12545605092636783	0.13229307988772807	0.16476841023192948	0.0817522333089251	0.18921082309000878	-0.024405485610087704	-0.1965332044984669	-0.03499829445220129	-0.1858832484978039	0.09121186681470957	-0.15828298172782554	-0.13883827898393564	-0.1161518343182351	0.17358206362473116	0.0638928797099293	-0.1917850114397377	-0.006374272712918744	0.19293843534514085	-0.04988884144480415	-0.1769196930999019	0.10299633823502223	-0.1505527320006651	0.1506397746394621	-0.10302797602368637	-0.17693212826283325	0.049923805858458514	-0.19294740787406275	-0.006330147691326735	0.19180321378329626	0.06384306897903698	-0.1736164574838957	0.11610332849388506	0.1388917663441917	-0.15824317081963232	-0.091284944953234	0.18586006771792474	0.0350886540706172	0.19653481204718448	0.024303288596780607	-0.1892449008640542	-0.0816469988734098	-0.16484023869199554	-0.13219789941561974	0.12556487656405238	0.17367562057870733	-0.0736388099522675	0.2122133185062907
-0.21471038952787913	0.0447163309730216	-0.19101660382516533	-0.07918002138237659	0.17319366030536879	0.11027751319538134	0.15237027616946558	0.1378501801964674	-0.12711984279454575	-0.1609030865381051	0.09785677346573343	-0.17869781692536	-0.065289742282412	-0.190414423810929	0.030747231866188236	-0.19582295315188106	0.004874591132706081	0.19417877482915802	-0.03950549372855016	-0.18647915745750496	0.07286532402972797	0.1718853660802081	-0.10208952043790809	-0.1556184132198757	-0.13367536013507014	-0.13359934987190195	-0.15557956975940562	0.10209643267282624	0.1718557541313141	0.0728959653084223	0.18645593782638528	-0.0395529282789281	-0.19416436640427331	0.004934686383963277	-0.19582086412049604	0.03067731640326304	0.19042755766060912	-0.06521272603622535	-0.17872902434932159	0.09777554513866477	-0.1609553386225873	-0.12703818511032497	0.13792635486585422	0.1522928875892195	0.11037915828295371	0.17312716300039227	-0.07930458441664667	-0.19097003867647416	0.04485046559666315	-0.21469457921754406
-0.2159517525994874	0.01497476011325404	-0.19983212584171622	-0.027014295820901705	0.19484047731496335	0.03870726706966978	0.1916867980135153	0.05031374914880039	-0.1884737696526512	-0.06172801268366082	0.1846513680589627	-0.07295019638850057	-0.18021620717954243	-0.08379106422384211	0.17491400656794584	-0.09434305496418856	-0.16896237144436854	0.10407508315322639	0.16183492381142792	-0.11347766518404516	-0.15456269986858878	0.12137522292415373	0.14611530973831582	-0.13147000060746467	0.1423444514430195	-0.14242614727348804	0.13150590477268348	0.14611819654667596	-0.12141059538115512	0.15455007442870067	-0.11352020387796478	-0.1618144267548501	0.10412640645077452	0.16893797183426582	0.09440325706720885	-0.17488754802460607	-0.08386103938595056	0.1801889539296498	0.07303115698053601	-0.18462433325928723	0.06182159668493974	0.18844812013071924	-0.050421720175275735	-0.19166383115925056	-0.03883066630288966	-0.19482216594203808	0.027150880100235617	0.19982111901264016	-0.015112880706983047	0.2159514025108484
-0.21595611850176066	-0.015079985055511154	-0.19981710943033035	0.027157460365715223	0.19481776843064139	-0.0388499772635741	0.19166506877619702	-0.050425191311419	-0.18845081070954028	0.0618084914467901	0.18462554048566687	0.07302684613069069	-0.1801883148824587	0.083866512292939	0.1748857861079408	0.09440626350869008	-0.16893747061692238	-0.10412469209542315	0.16181622056884143	0.11351935407914795	-0.15454915820749213	-0.12141124136985085	0.1461182975978416	0.13150579851058875	0.14242614465281261	0.14234446091043088	0.13146992814541808	-0.14611543934919827	-0.12137588289731092	-0.15456184841342574	-0.11347682448897628	0.1618366449687192	0.10407333611916655	-0.16896184052240854	0.09434603724846705	0.1749123086536763	-0.08379658734380885	-0.1802155653053624	0.07294585914225006	0.1846525574393453	0.061714842342673194	-0.18847641695667677	-0.05031725530898418	0.19168794116839138	-0.03872664343884105	0.19483614680283923	0.027020861539386955	-0.19982830252665248	-0.014941806449240914	-0.21595633062644357
-0.21470760535372888	-0.044816149156288114	-0.19095929068617218	0.07931020600296129	0.17311545281850868	-0.11039729374436576	0.15229576298440484	-0.13793029965800682	-0.12704449274626645	0.1609462915766191	0.09777876079256428	0.17872528031504825	-0.06521208365515109	0.19042925018069082	0.03067306698636044	0.1958229575459115	0.004936186788063166	-0.19416448108616768	-0.03954918901237842	0.18645498999768706	0.07289760341885364	-0.1718559616877919	-0.10209623438786945	0.15557956621796454	-0.13359933901275153	0.13367536874646035	-0.15561844899310626	-0.10208935476000329	0.17188558888436323	-0.07286692630920372	0.18647828282908913	0.039501752067412826	-0.19417880425445436	-0.004876101406491631	-0.19582497987018202	-0.03074301160117376	0.1904162634593242	0.06528911987037025	-0.17869402530603054	-0.09785999025148535	-0.16089387213209644	0.12712612809043067	0.13785419094046664	-0.15237306921991972	0.11029580313003937	-0.1731819690777005	-0.07918561363737606	0.19100599835225943	0.04468189512599151	0.2147233244223533
-0.21223319711974417	-0.07360243780618526	-0.17366024256027784	0.12556888361861115	0.13218145707975587	-0.1648554923809341	0.08164963445866269	-0.18924909296783157	-0.024309738627096098	0.19653272512774211	-0.03508406142382761	0.18585788349335933	0.09128342042991139	0.15824006374450605	-0.1388963700833758	0.11610356529376901	0.17361843471106167	-0.06384476006342397	-0.19180057074480428	0.006329752702952782	0.1929480363969908	0.04992406469791446	-0.17693207754039164	-0.10302789425539384	-0.15063977919283594	-0.15055273957894857	-0.10299628662379026	0.17691969761086188	0.04988909016287831	0.1929390779355884	-0.006373933169782164	-0.1917823431739833	0.06389455800879665	0.1735840253143765	0.11615204459954795	-0.138842885630754	-0.15827999227724096	0.09121030909376084	0.1858809982733708	-0.034993697738744944	0.19653097125295	-0.024411954898377983	-0.1892151029670862	0.08175483188150233	-0.1647838109153828	0.13227657303785811	0.12545999757499493	-0.17372703001902984	-0.07347187976402932	-0.21224940553259533
-0.20853892711546762	-0.10082831845426654	-0.14867588832813408	0.1625069373599489	0.0765557071207123	-0.1937744003528925	-0.005774519999969663	-0.1909426535627511	0.08632184645655541	0.15447851903419538	-0.15148191247627385	0.09052713688425666	0.1895429391093281	0.010693034631556414	-0.193982638938062	-0.0709703167302619	0.16366187779343797	0.13899965097046502	-0.10539867915166326	-0.1823985091989697	0.029126752063656638	0.19259984267990485	0.04879952475300655	-0.17454027953233273	0.12435247593954589	-0.12442253874069219	0.17458074664589213	0.04878356146527811	-0.19261872668597418	-0.029166732983615076	-0.18239273602631587	0.1054458720430099	0.13896645740239488	-0.16370078798930257	0.07091204685515579	0.19399942712703763	0.01076782677280968	-0.18952668927128297	-0.09060478464544927	0.1514272985374954	-0.15454167616707726	-0.08623067000486159	0.19097268747679014	0.005657421120176418	0.19375492921507337	-0.07667794203344888	-0.16243045838669345	0.14877173369692606	0.10070930381386871	0.20857004466845602
-0.20366912938965692	-0.1259228060118534	-0.11713974857600758	0.18740223794951616	0.012417849751956643	-0.1926845206060936	-0.09198955578056503	-0.1426059365257435	0.16888424830605617	0.051394801267692025	-0.19659960297244247	-0.05465301168434811	0.1670262388112408	-0.1446968620740309	-0.0890262355876717	-0.19232773504638964	-0.014464698918288678	0.18414395712717574	0.11236183602426668	-0.12352457022777227	-0.17726173485534313	0.030232954519244935	0.19176410705889685	0.07111301385357349	0.15828344891739676	0.15819138781402847	0.07108683380459345	-0.19174335731704947	0.03026153232019312	-0.1772336148307453	0.12355185128952316	0.11231559147046408	-0.1841549929442111	-0.014404210063130153	-0.1923085017010003	-0.08908557373287898	0.14464242346620157	0.16706372047946702	-0.05457002989339569	-0.19659568016161025	0.05148696607281526	0.1688277050712128	-0.14267859034428665	-0.09188416226167347	-0.19270657674668884	0.012548244082433322	0.1873524168847916	-0.11724995887891014	-0.12581079425833142	-0.20370027038067023
-0.19765244171617793	-0.1483637026150057	-0.08043697131074648	0.19840421995218513	-0.05311051668723988	-0.16176907039759528	-0.15931615111015818	-0.056888059024027174	0.1965096595705161	-0.07198915777049843	-0.1492373142049685	-0.1697192083010367	0.03806779579668299	-0.19464930445449666	0.08941498984698917	-0.13585639022772825	-0.1776344126377473	0.02024929532979905	0.19041756322476003	0.10299129778461331	-0.12285327738758911	-0.1799821328381936	0.009018315985625183	0.18773790118986428	-0.11464107920159083	0.11470489532992346	-0.18777851825591124	0.00904184201066993	0.17998712852605445	0.12289115594078805	0.1029590341755969	-0.1904376677771994	0.020304903428359406	0.17761558900263544	0.13590738485097154	-0.08935579905051591	-0.19466480617325166	-0.03814659737555761	0.1696803764176636	0.14929939719339932	0.07190088240150963	-0.19651763668748878	0.05699400297177375	0.15925033257144594	0.16184235775230404	0.052985595392647425	-0.19839746918831855	0.0805646204690961	0.14826956068967823	0.1976972344414069
-0.19055925031447224	-0.16770214499214325	-0.04019350157831934	0.19471852770596298	-0.11273180841564762	-0.10586141923231086	-0.194000270883841	0.043754223680922646	0.1601801776050283	-0.16690781938022106	-0.031781556863855386	-0.1913191434205609	-0.11522013202609621	-0.10270125847533691	0.19402034252785158	0.04608114767380672	-0.15830680556422083	-0.16676086001372245	0.03126148032869534	0.18958831593493083	0.11185607823828154	-0.10521546865960303	-0.18926264405550838	-0.036800219648322925	-0.16532666944143784	-0.1652299360476591	-0.036780464605803864	0.18923547332400664	-0.10523272850339092	0.11181683299404278	-0.18958736136332394	0.03130907549582187	0.16672519616770282	-0.1583361505537779	0.046016884914551776	0.19400360079208342	0.10276140937337672	-0.11515296914771425	-0.19133370225317775	-0.03186976692889525	-0.16685312444935851	0.16023600680176203	0.043646791483378036	-0.19397618016087245	-0.1059631039725147	-0.11262245213318064	0.19474120585711874	-0.040327230434683045	-0.16761727470206575	-0.1906034122881654
-0.18243975588012254	-0.1835442364800042	0.0018230019932195666	0.17663737866919646	-0.15985138369716406	-0.03359560861479066	-0.18894137153188167	0.1329462312127974	0.07173327510147676	-0.195950582224504	0.10058480749252512	-0.10751820329151497	-0.19514901342426388	0.06410058380069603	0.1386080298862276	0.1853993411865262	0.023663471763392313	-0.16457134285405695	-0.1670185543798528	0.01891338114777457	0.18191159414939206	0.13609985609660608	-0.06620622292802121	-0.19474934080879722	0.10450420613886081	-0.10456151457701506	0.1947886650192988	-0.0662350386869203	-0.13609035490555396	-0.1819367623926846	0.018958589187361805	0.16700035410834563	-0.16460758074962079	-0.023605247708587764	-0.18538440134303372	-0.1386608299478174	0.0640325460770961	0.19514408803978012	0.10759108637439456	-0.10050980063170029	0.19596228673579433	-0.07182959824675245	-0.13286835964811183	0.18897697636020314	0.03371707800044549	0.1597772633882129	-0.17670082744459045	-0.0016863562958844666	0.18348161843735325	0.18249578874249234
-0.17337987086999315	-0.19559531564238064	0.04375040450852216	0.14555719390246627	-0.18930822391374102	0.04387321937552075	-0.14517442332097166	0.18730778743029897	-0.039966444593916725	-0.14776876971374386	0.18576471805378314	0.035571593319836746	-0.15066262029155542	0.1840940658334977	-0.030885703834195793	0.15352854163562255	0.1814743409841232	0.024555246219391848	-0.15719932835957573	-0.17713562056279858	-0.015054447368727856	0.16204297965665185	0.16960529849353514	0.0012024342367705407	0.17174107620612142	0.17164003065789504	0.00118990953693238	-0.1695743317082639	0.16204604698007102	-0.015015247112299747	0.1771069630440272	-0.15722091017207163	-0.024500199632962353	0.18144533232893056	0.1535631936714276	-0.030816942514351582	-0.1840630236140202	-0.1507088974472372	0.03548832698144178	0.18573087387654186	-0.147828078980381	-0.0398660919631202	0.18727024468819511	-0.1452487958775104	0.04375315146259755	-0.1892660271173323	0.1456440223146378	0.04361666055416963	-0.1955430398620358	-0.1734343480486296
-0.16345504343407377	-0.20364456968555614	0.08377500391062113	0.10378084452004438	-0.1978744044166163	0.11459227972536454	-0.07169025124293836	0.19267853328754844	-0.13865729374137117	-0.04135139840492535	0.1837679089712801	0.15912997047448316	-0.010140898157960288	0.17000027142017268	-0.1748373050662386	-0.02012027049949802	0.15296099598212684	0.18597903481351769	0.048477689792143785	-0.13281301488874603	-0.1895840592936442	-0.06840491897657032	0.11767678714208532	0.19535598458562609	-0.09398227222182824	0.09403283936060168	-0.19539261655839227	0.11770813207962173	0.06838292426326918	0.18958967265353605	-0.1328522897707591	-0.04843212436760488	0.18596915248964158	-0.1530032782641337	0.020057677556325704	0.17481132618055623	0.17004122283374315	0.010219015448087	-0.15908451887098446	-0.18380342061395566	0.0414447283054558	0.13858813701646638	-0.19270351275357728	0.07179775456007181	-0.11449499372679327	0.19788123092339144	-0.10389426603048565	-0.08365282666473155	0.2036165492624103	0.1635190774278526
-0.15278165790915862	-0.2076100528480386	0.1202000553944166	0.054399227866891775	-0.1846370685528433	0.16765036430015032	0.016379284081585697	0.14779639762805208	-0.19242680165887338	0.08142217759839439	0.09545323551519248	0.19501920019413307	0.1366917959164348	0.03234770062331803	-0.17496114528906953	-0.175359932736972	-0.0329089189982071	0.1361929683522321	0.19352044380105504	0.09121801010842426	-0.08595696761786809	-0.19080442329447653	-0.1344736146101946	0.0345337947216799	-0.1774998401955625	-0.17739485845289346	0.034538479610944965	0.13444188191276266	-0.19079303661404812	-0.08598503229836303	-0.09117395534716174	0.19350394033281018	-0.136225727441597	-0.03285003662900057	-0.17532564576869933	-0.17498643922503399	-0.03241836099176157	0.13663227944390635	0.19502488672619778	0.09552792106626999	0.08133463622590396	-0.19240112645425553	0.14786327603040458	0.016265847946934073	0.1675824080448792	-0.18467766557569024	0.054523365751250844	0.12008858387636216	-0.2075919894468938	-0.1528430343753747
-0.14145883042645796	-0.20748118563870388	0.15150031694095262	0.0010425749831273771	-0.15112173339835433	0.1949686129166374	0.10108074116539685	0.06440553269597724	-0.18389482608960592	0.17221700400665504	-0.03770843426859551	0.1236025331360923	0.19647239475076492	-0.12874955008236696	-0.031207040973822063	-0.16886691303332196	-0.1852456815459254	-0.06826860575437688	0.09758341007342354	0.19134454847425722	0.14347241587760548	-0.011573130899019941	-0.1588562452545502	-0.1895474172291802	0.08311654792555843	-0.0831601686707375	0.1895800778526636	-0.15888704757631222	0.011603383259750228	-0.14345739857890744	0.1913619173548714	-0.09762981653600725	-0.0682210190561236	0.18523269477872675	0.16890408603750376	0.031274294454051	-0.1286984543169665	-0.19647828986313293	-0.12366895097547789	0.03762336029523537	-0.17217496460592646	0.1839333715632238	-0.0645063831666316	-0.10098552915507597	-0.1949511476365102	0.15120349673390773	-0.001171893368348462	-0.15141199251311435	0.20748672161163303	0.14152709316466108
-0.12961463926799227	-0.20336991312839425	0.17639599403624792	-0.0523593765058095	-0.10115528217119181	0.19253389966763015	0.1652901862041602	-0.03580462548776845	-0.11579397085657785	0.1952322117473783	-0.15307303040949902	-0.01554481822731511	0.1315571419427234	-0.19645246060382066	0.1384226440483708	-0.006323009515261423	-0.14713865190802292	-0.1949958945027738	-0.11923201784815458	0.032654639486886614	0.1626719185664194	0.18632551566283118	0.08688658727627777	-0.06926895546868751	0.18257654285821828	0.18246799405847078	-0.06926547052773818	-0.08685743323088631	0.18630206273448557	0.1626810562371989	-0.0326955110627047	-0.11918766532580155	0.1949823342171074	-0.14717100421966745	-0.006384695796874746	0.13837102258905715	0.19644836506624788	0.13161000129154268	-0.015463362571283253	-0.1530145331211417	0.1952393331269157	-0.11587053376897934	-0.03570089844348407	0.1652250215626565	0.1925550413823178	-0.10125803259358179	-0.052234274697235565	0.1763232136604831	-0.20338346649354594	-0.12967902285618596
-0.1173744728400563	-0.1954885634094013	0.19395939495932285	-0.10200018414195221	-0.040245323247622845	0.1608374379865843	0.1960768430390885	-0.12679499209210285	-0.010216987436617385	0.1415714723736279	-0.19674575518261103	-0.1460558963162883	-0.016721033886377783	-0.12169177797756961	0.19454542589274976	0.16234451167787056	0.04226963988485899	-0.10049765603022479	-0.18747384229874348	-0.1697945110572457	-0.05617690543900952	0.0901917027354413	0.18607495672409138	0.17751746843082786	-0.07194786029199166	0.07198438086807482	-0.17754498497912521	0.18610230930411886	-0.09022437070272173	0.05614639874114109	-0.16978352592389181	0.18749472209512044	-0.10054643596952101	-0.04221540436086699	-0.16231461743839	-0.1945605851372072	-0.12175006306086303	0.016646484253158754	0.14600505243389295	0.19675076971382938	-0.1416371396698302	0.010314070805796221	0.12671749467746954	-0.19606515349004164	-0.1609059090433651	0.04036419036509025	0.101891459454189	-0.1939160420232964	0.1955223977880288	0.11744273127058548
-0.10490537529913294	-0.18420064919881987	0.2036878284935398	-0.14447322966218032	0.025029530961526034	0.10476592206284138	0.1872546051012998	-0.18489548288636698	0.09851158470052894	0.03267564456854331	-0.1487840375860081	-0.1967715275842166	-0.15460542178682452	0.041558161681738794	0.09064490984092104	0.18112318521289436	0.18793296608782237	0.1072643394793282	-0.023491605853063	-0.14297158551290712	-0.19312954635101526	-0.14900336411627904	-0.030916431571523004	0.10191280567511712	-0.18694267119602892	-0.18683096433454854	0.10190094073206758	0.030892943853276438	-0.1489727693566457	-0.19311788581942402	0.14299213217145093	-0.023537436487069383	-0.10721608374363514	0.18790914880467469	0.18114019243508434	0.09069952300218138	-0.04148907054611032	-0.15455510985068083	-0.1967678633581964	-0.14883514749255128	0.03276332872730342	0.09842597632924636	-0.18485447452978543	0.1872836955273869	0.1048590290878019	0.024910439040145345	-0.1443807411572324	0.20366080714507873	-0.18423920737230626	-0.10496835747973954
-0.09235735552327287	-0.16992589957023	0.20544181109164547	-0.17697312901831422	0.08770962065875502	0.03290420147183263	0.14081465850532165	-0.19531680545231297	0.17552807390073552	-0.0888202704181757	-0.03177442560809905	-0.1402125847590314	-0.1949945745636757	0.17508675285870118	-0.08801001191434447	0.03284207337941105	0.14069878803353372	0.19320938468382892	0.16891999803386915	0.07633713445535778	-0.0481518566877265	-0.15397861884551875	-0.19687014217714585	-0.15964451941992802	0.06051588821275988	-0.06054521119080497	0.1596660056082895	-0.19689138908237444	0.15400748441835072	0.04818815271757109	0.07630405247507574	-0.1689048189529679	0.19322308571139407	-0.1407415278142598	-0.03290158557459608	0.08795504775371854	0.17505923311480354	0.1950094793074597	0.14026975998449495	0.03185663888488385	0.08874283063149374	-0.17548711923955346	0.1953336067565287	-0.14088960876819367	-0.03301408574199013	-0.08760439266884767	0.17691167905940702	-0.20544400420950654	0.16997920424291946	0.09242106683544035
-0.07989243666065579	-0.15316643256187695	0.1994527095114172	-0.19745928392494413	0.1411452421645028	-0.04373140274622149	0.06653213802115111	-0.15596990729357532	0.19673883242603166	-0.17600804510973714	0.10017628029488596	-0.0070356660293413595	-0.11204374388632776	0.18178831282662608	-0.19422279975590587	-0.14508718037326734	-0.049757665730883915	0.06163433565734762	0.15271590671594176	0.19315301201512716	0.16791878195539017	0.08468304460356937	-0.028699380833112978	-0.1314601376273961	0.19056382289094362	0.19044936294413062	-0.13143996623468282	0.0287142842568766	0.08465183538583461	0.16789099720289855	-0.19314566921924708	0.15273667012865544	-0.06167916747297749	-0.04970316158137053	-0.1450423496760991	-0.19420542495649976	-0.18180829272539256	-0.11209895666910967	-0.007111434084723477	0.10010358094690938	-0.1759637884684005	0.19674155813032757	-0.1560246751836494	0.06662685014845394	-0.04362362283643096	0.1410578131686149	-0.1974188548673805	0.19946758984170057	-0.153220098587698	-0.07994956405135364
-0.06767399000597174	-0.1345045236143957	0.186388306098854	-0.2049897285938648	0.18006401934610683	-0.11386868133475549	-0.020651671842128884	-0.07732737971328822	0.1559427740135718	-0.19558841821847006	0.18632611471595872	0.13043400611394343	0.04190256625257891	0.057014203685835804	-0.14130522927285238	-0.18940625449384813	-0.18860728158939613	-0.13838090856459317	-0.051028392967079166	0.05104972287081057	0.1403722171330599	0.19183185042653278	0.19014174171457884	0.1364620898684119	-0.048856977078147096	0.04887910928791462	-0.1364769776889579	0.19015500396459875	-0.1918514841304233	-0.14040285261656063	0.051088893259659034	0.05098882024118599	-0.13835216053366145	0.18859954950768096	0.18942538719934776	0.14135047684067092	0.05707736800826974	-0.04183555926333873	-0.13038026768245153	-0.18630174454339307	0.19560371525723366	-0.15599872610693793	0.07741453468125026	0.020552229348706045	0.11378095963449215	-0.18001063030171416	0.2049831425396497	-0.1864256228409514	0.13456582072521223	0.06772887329089933
-0.05591323406460019	-0.11467117069147141	0.16741879831345563	-0.19988030244275135	0.2012580900234344	-0.1678732358372616	-0.10398345320252389	0.020812852610398055	0.06608332628527923	-0.14004532758966817	0.18679069874988793	0.19718731393558492	0.16917516071476799	-0.1080908007875526	0.02585204787880262	-0.06149230437361264	-0.1364064381459848	-0.1836057533426513	-0.192528862853816	-0.1604172621034542	-0.09266296273684733	-0.0035947148112284006	0.08699187999704337	0.15702448501595007	-0.19339300218562963	-0.19327621800055111	0.1569962828730848	-0.08699582950662277	-0.0035701238206804126	-0.09262940335519909	0.16038778663901965	-0.19251453619571823	0.18361349353251363	-0.1364374016406382	-0.06154202378394179	0.025792806091825143	0.10803445574777361	0.16913465697324823	0.19717350971246475	0.18681000275181403	-0.14009774717339657	0.06616178246877515	0.02072162998237767	-0.10389667828542563	-0.167808379310607	0.20122871584307206	-0.19989050308444858	0.16746148337044847	-0.11472812216206817	-0.055960475742674896
-0.04479753624279519	-0.09439111909701117	0.14396456075769964	-0.18344521429142413	0.20368396505264075	-0.19899330784257138	-0.16809736202196554	0.11430542479813302	-0.04472922120928666	-0.03090892479173747	0.10180624937583242	0.15771957851118626	0.1904746937651233	-0.1951647894678406	0.1708809034192164	0.1208356105262617	0.05210442773318849	-0.025391826416179465	-0.09987248867548128	-0.15955426911541315	-0.19407592840973795	-0.19668697095456972	-0.16614240897663937	-0.10860591200436205	0.0370015611847635	-0.03701668062890765	0.10861413163374554	-0.16614698011303194	0.19669413198213767	0.19409159028659606	-0.15958111470675163	0.09990989047247861	-0.02543587152803819	-0.05205984384416526	-0.12079769120284305	-0.17085678216714092	-0.1951602895208954	-0.1904933995812647	-0.15776178177053016	-0.10186863216220729	0.03098473849752013	0.04464962184118087	-0.11423341125925295	0.16804401143982922	0.1989673602166213	-0.2036898525611416	0.1834800213496073	-0.14401848516027146	0.09444827421426262	0.044839992790893735
-0.03447292283344777	-0.07431192759493928	0.11749535630599235	-0.1576374108725239	0.18814992795350893	-0.2038156388299155	-0.20144323007446802	0.18023335943479216	-0.14168652287933017	0.0892959747627631	-0.02819984120653789	0.03551856272229384	0.09534276782304861	-0.14513815068329516	0.1795717479591528	0.19485638713531703	0.1888694064721502	0.16172599589679226	0.11554453530592344	0.05495045586488633	-0.013625244510316556	-0.08142305388446111	-0.1392118253994001	-0.17786335725128927	0.19536250629923757	0.19524387251783726	-0.177827601297771	0.13920321054251325	-0.08143430145774863	-0.013651228126035118	-0.05491629658757143	0.11550910647505122	-0.1616960287062701	0.18885053346608535	0.19485281457967893	0.17958592673008453	0.14517036770088257	0.09539138637227776	0.035579753642839815	-0.028131716965098818	0.08922773863714893	-0.14162553013689957	0.1801868979911364	-0.20141708771585157	-0.2038131649395047	0.18817125809323892	-0.1576776953068866	0.11754577572858883	-0.07436044954193359	-0.0345070901888431
-0.025062330004631567	-0.05504567172189561	0.08959068380016298	-0.1251349811263781	0.15761616800982128	-0.18338434223253208	-0.19951894171007165	0.2041064536738865	-0.19623667589320978	0.1759781955472425	-0.14438832995787412	-0.10331146018441001	-0.05530655090899368	0.0034087211078407094	0.048979403870213135	0.0984043512069853	0.14137913434046426	0.17475111725290837	0.1956355439695067	0.2018853846832457	0.19212096196753403	0.1662534561404264	0.1262239924881578	0.07671714612616858	-0.024970123293120677	0.024978706907095128	-0.07671942917224088	0.12622095055666677	-0.1662485756396085	-0.19211854529658917	0.201888830500349	-0.19564729489129964	0.17477230402063706	-0.14140982146127912	-0.09844363831017532	-0.04902556511788166	0.003358212438499564	0.05525475844447412	0.10326187708059326	0.1443446972680207	-0.17594416281061556	0.1962152852031699	-0.20410022522083532	0.19952901136561413	0.1834101457829566	-0.1576554052207991	0.12518252557019802	-0.08963957757910772	0.055087726235038305	0.02508986593150268
-0.016794718997214356	-0.03743693153166136	0.0623225121831133	-0.0897632087014728	0.11765080749755773	-0.14396895289213657	-0.1668923238344597	0.1849615768988763	-0.197018245486112	0.20224163274397994	-0.20015096466203292	-0.19059001736441344	-0.17366809786933982	0.14983703256328063	-0.11974769843072414	-0.08434326952243801	-0.044726237115131455	-0.0023124540888973567	0.041321580936368354	0.0840953990312003	0.12376238765979065	0.15710622538223176	0.1812628498983936	0.19340952785951393	-0.19638698009666586	-0.19626704373349396	0.19336696923601127	-0.18124110421098413	0.15709930389190274	0.12376847092696913	-0.08411240096456038	0.04134742868009316	0.0022801074787313323	-0.04468965867656319	-0.08430470365082204	-0.11970934527496847	-0.1498009905600704	-0.17363647197873291	-0.1905645966388988	-0.20013340892970646	0.20223334175737545	-0.19701993721629532	0.18497367563697106	-0.16691436941860463	-0.14399951171134262	0.11768768865790318	-0.08980266937218048	0.06236001547376947	-0.03746752747531099	-0.01681402858995762
-0.009926442221225799	-0.022375152549614752	0.03788222735952481	-0.055807917311615635	0.07527257842724899	-0.09542077999506865	-0.1154442564343158	0.13466882246601708	-0.15249455735169354	0.16840500765952207	-0.18196957116193085	-0.1928238057708443	-0.2006343653080212	0.20516580430124112	-0.20617887112576763	-0.20350322397294296	-0.19694840260316204	-0.18637073945567945	-0.17160114975330487	-0.15255883690115804	-0.1292921513870856	-0.10208599967621979	-0.07201855618881714	-0.041176628142894106	0.012754169848797126	-0.0127572628157082	0.041175097580036846	-0.07201189053005186	0.10207515725123528	0.12927878473984528	-0.1525444269290018	0.17158705177176928	-0.18635795066876415	0.196937740319467	0.20349534568270064	0.2061743555647893	0.20516507299431194	0.2006378856416423	0.19283176345888178	0.18198215220388259	-0.16842227869378779	0.15251620490743056	-0.13469452197288134	0.11547326207049495	0.09545193175802691	-0.07530447814619926	0.05583842956236206	-0.03790899177107755	0.022395751628366704	0.00993887012174282
-0.0044979996508882885	-0.010213286394571308	0.017482840151423457	-0.026132676030692574	0.03589514944195302	-0.046514748351211894	-0.05776053477235526	0.06945064676241636	-0.0814376077660036	0.09358790095053302	-0.10581202438016181	-0.11801509061244131	-0.13012469273567576	0.1420672407210341	-0.15378448446837842	-0.16517212803636677	-0.17614041394425023	-0.18645492004584532	-0.19587218258084046	-0.20379243145545362	-0.20965685400611075	-0.2120283775355028	-0.2101753368339271	-0.20341913702089534	0.19648168628535492	0.19636107445085868	-0.20337107057300363	0.21014171732845002	-0.21200253240723851	-0.2096373191258049	0.20377812805841583	-0.195862505047703	0.18644914785556516	-0.1761380444873971	-0.1651727525444302	-0.15378781551817566	-0.1420730114394797	-0.13013274264887387	-0.11802519182902019	-0.10582402978895557	0.0936016276035408	-0.08145273791219139	0.06946692412967423	-0.057777546493667856	-0.04653194663325703	0.0359119060230624	-0.02614807380051549	0.0174959314948136	-0.010223127426885793	-0.004503829784793302
