0.9984397124576
0.9984233002060852
0.9983983709164934
0.9983647719175027
0.9983217822959277
0.998268304086965
0.9982028864946161
0.9981236440256421
0.9980281264744568
0.997913130163924
0.9977743993154562
0.9976062277629523
0.997400751994993
0.9971469461597402
0.9968288319964769
0.996422537429658
0.9958907612185721
0.9951725482879715
0.9941611815124075
0.9926556323821043
0.9902299035820885
0.9858428873243132
0.9762975483531717
0.9475451126105771
0.7892250641056361
0.21077489057545762
0.05245488273333365
0.023702454034841836
0.014157115267475429
0.009770097936138478
0.0073443687174036265
0.00583881892250826
0.004827451949387955
0.004109239104420822
0.003577462814131702
0.0031711680512251264
0.0028530538550214984
0.002599248008620125
0.0023937721489328103
0.0022256006282858265
0.0020868697985133985
0.0019718734954014116
0.0018763560129497795
0.001797113528673751
0.0017316959233766981
0.0016782177204525954
0.0016352280551371445
0.0016016290566092757
0.0015766997654487651
0.0015602875124854677
