0.004496009175054401	0.010214871655567524	0.017482354021873876	0.026131850698362196	0.035897577319989354	0.046512177293794546	0.05776125056636139	-0.06945213633205023	-0.08143491908865198	-0.0935893999848471	-0.10581229866977629	0.11801421042779146	-0.1301254596768738	-0.14206738580447845	-0.1537830752660874	0.1651731497332023	0.176142598921863	0.18645108288945686	-0.19587366693821856	0.20379416269692596	-0.2096541134756672	0.212030223778552	-0.21017411150366952	0.20341949074798618	0.19648156689826562	-0.19636103295668217	-0.2033716198355539	-0.2101407914063688	-0.21200457172606035	0.20963467363258698	0.20377996049191008	0.1958639465731241	0.18644527527910673	-0.17614023294306008	-0.165173680712556	0.15378628391215746	-0.14207304260339834	-0.13013339350279154	0.11802425795270577	-0.10582432519496877	0.09360318829307618	0.08145016746605799	-0.06946852299827777	0.057778307420358235	-0.04652939625603431	-0.035914330662867505	0.026147229312205977	0.017495444186503076	0.01022471644427727	0.0045018389763687655
0.00992224416930399	0.022378781086234818	0.03788124590086321	0.05580602880784721	0.07527756527865226	0.09541563126548874	0.11544570669428116	-0.13467160372684706	-0.15248950903099523	-0.16840789358628805	-0.18197028347601077	0.19282207885490474	-0.20063528145775583	-0.20516628617777286	-0.2061772096054061	0.20350431603333785	0.1969505437003185	0.1863670340458239	-0.17160282323100595	0.15255976956687778	-0.12929053582220904	0.1020870056207355	-0.07201796387819144	0.04117691196499451	0.012754086539211278	0.012757152779515892	0.0411753895286798	0.07201137912472468	0.10207621943807355	-0.1292772060600679	-0.15254541792118229	-0.1715887063784622	-0.18635422597669316	0.19693988766555298	0.20349632510797439	-0.20617254895994025	0.20516542000603258	0.200638602095316	-0.19282993752954602	0.18198291420268684	-0.16842526141073305	-0.1525113476078172	0.13469746578174654	-0.11547476538781176	0.09544682385143975	0.0753094310703791	-0.055836462547347344	-0.03790799170785541	-0.022399381417571813	-0.00993468796595049
0.016787916922691135	0.03744328336769256	0.06232094442055283	0.08975998976893527	0.1176585126365891	0.14396127172454753	0.1668943966720053	-0.18496529256149347	-0.1970118059593214	-0.2022454217672224	-0.20015195196713095	0.19058786615067141	-0.17366849337565707	-0.14983771159159628	-0.11974710208361343	0.08434349033902569	0.04472627260851322	0.0023125615544141555	0.04132150054528962	-0.08409657157281733	0.12376067230543206	-0.1571074558718411	0.18126210428456985	-0.19340966851917135	-0.19638691455228113	0.1962670393565978	0.19336726374724428	0.18124056452705134	0.15710064295266257	-0.12376676893861455	-0.08411356414797096	-0.041347253601625215	0.002280297787117621	-0.04468974541299512	-0.08430493375844557	0.11970873575924666	-0.14980162294398347	-0.1736367111203519	0.19056237952436242	-0.20013447790578506	0.20223723511425803	0.19701370207046162	-0.18497756471299845	0.16691648015876046	-0.14399184969360712	-0.117695293968267	0.08979929057413455	0.062358399984789446	0.03747387285854943	0.01680723808623837
0.02505231819635965	0.05505523142368956	0.08958846083272519	0.12513047329708044	0.1576264646272914	0.18337437309447968	0.1995213721219592	-0.20411072939105143	-0.19623058825972112	-0.17598177023896425	-0.1443889413893603	0.10330999964640895	-0.05530642260749202	-0.0034089491153108014	0.048978599354493675	-0.09840489481374724	-0.14138084485116553	-0.1747476993604938	0.19563748203350673	-0.2018866236645298	0.19211849514790322	-0.16625518239445192	0.1262231412480991	-0.07671751318101723	-0.02497007883175733	-0.024978548723978797	-0.07671973315320174	-0.1262201514636196	-0.16625031500304083	0.19211606455801541	0.20189008152279278	0.19564915683217718	0.17476881605777925	-0.14141152914678634	-0.09844412570044123	0.04902470961301822	0.003358406303713471	0.05525455036248361	-0.10326036624942755	0.14434529497982299	-0.1759477477017963	-0.1962093074383106	0.20410459868661607	-0.19953140572764036	0.18340008368099545	0.15766549632702712	-0.12517777040821393	-0.08963725677963763	-0.055097260486738964	-0.025079827928086686
0.03445902276201517	0.074324853379457	0.1174925483245333	0.15763187801769218	0.18816202705572338	0.2038039939247969	0.20144559483047086	-0.18023763691249675	-0.141682654264952	-0.08929783455310228	-0.028199429004356895	-0.03551840981568726	0.09534310965109323	0.14513885593229905	0.17957030266048687	-0.19485672188131922	-0.18887076491867197	-0.16172334469058924	0.11554654119500861	-0.05494949248209399	-0.013625077055974266	0.08142318747728265	-0.13921165199285995	0.17786333961151513	0.19536247840470455	-0.19524389248409577	-0.17782770516286528	-0.1392031341853486	-0.08143444321674045	0.013650963925229239	-0.054915492554266365	-0.11551131474539501	-0.1616935555548327	0.188852068216603	0.1948532292915257	-0.17958451627852268	0.14517112767522922	0.09539168942144548	-0.03557958096286961	-0.028131239722857	0.08922959903833495	0.14162178745236817	-0.18019128036630797	0.2014194439113589	-0.20380143682332227	-0.1881831583847041	0.1576719289861163	0.11754287643276391	0.0743733544327831	0.03449315738597391
0.0447793359725953	0.09440746529841099	0.14396127536940256	0.18343882748986598	0.20369670429318923	0.19898147270033878	0.1680993527191166	-0.11430880787312185	-0.044728704265755856	0.030909580645410505	0.10180739823732626	-0.1577180004072561	0.1904751992732414	0.19516580396512578	0.17087982575199698	-0.12083533689818983	-0.052104236093678064	0.025390801620202602	-0.0998730342754756	0.1595559012990147	-0.1940735238167595	0.1966887615746247	-0.16614152098664997	0.10860625159985365	0.03700157262988942	0.0370165264312662	0.10861439064971	0.16614614763223504	0.19669591701905675	-0.19408911119140124	-0.1595826363217861	-0.09991019196566947	-0.025434573407894318	-0.052059858581654773	-0.1207975883233705	0.17085584387479424	-0.19516135536986642	-0.19049381185358247	0.15776014086503304	-0.10186984229045686	0.03098539619784335	-0.04464924484060337	0.11423689938202555	-0.168046036483437	0.1989555140199488	0.2037024301156734	-0.18347344466805823	-0.14401514898316872	-0.094464605229477	-0.04482177471098844
0.05589071725605896	0.11469117753981509	0.16741500680930504	0.19987295028609658	0.2012701668762731	0.16786308782197243	0.10398485187120475	-0.02081433875393256	0.06608051354706071	0.1400481090855845	0.18679179882394317	-0.19718558457389807	0.1691758500167562	0.1080907533332856	0.02585171871306024	0.06149253498019548	0.1364074367239673	0.183602638519559	-0.1925319330935274	0.160416652080178	-0.09266168622021585	0.0035957529242167056	0.08699233110768725	-0.15702435215516009	-0.1933929991771651	0.19327624446315944	0.15699621451438442	0.08699623116349497	-0.0035712483858166065	0.0926282601781086	0.16038730546589713	0.19251763145631268	0.18361026201219918	-0.1364382791512026	-0.061542074666991346	-0.025792696730039994	0.10803451032121647	0.1691353483770305	-0.1971717673699937	0.1868111097041635	-0.14010050414475658	-0.06615883537588695	-0.020723264965356893	0.10389824270417876	-0.16779838307513523	-0.20124074640146336	0.19988307063589206	0.1674577429515378	0.11474817035275968	0.05593796505307127
0.06764722642638657	0.13452842910451154	0.18638391310689362	0.20498152634935407	0.1800743584176567	0.11386176700596973	0.020652356831948843	0.07732822428026945	0.15593755231701392	0.1955921425638287	0.186326892718364	-0.1304332796849995	0.04190290994456145	-0.05701564575164171	-0.14130474099138732	0.18940572976401257	0.18860786655529002	0.1383796236049981	-0.051030394470039875	-0.05105189174373145	0.14037078426291816	-0.19183295378404816	0.19014111541331155	-0.13646238464507796	-0.04885699583955275	-0.048878976940846655	-0.1364771862205787	-0.1901543593912742	-0.19185249238514424	0.14040125201492631	0.05109087577567878	-0.05099104359055276	-0.13835101535691194	0.1886001470485193	0.18942477872170305	-0.1413498592479331	0.05707872124591158	-0.0418359808225968	0.13037958257685486	-0.18630244699691262	0.1956073295540744	0.15599340668871584	-0.07741523438782583	-0.020553179494515815	0.11377431053274155	0.18002101723852307	-0.2049749272600535	-0.18642132242434217	-0.13458983424644752	-0.06770213965380885
0.07986146266599578	0.15319424590182104	0.19944774919527675	0.19745069961132106	0.1411528094756015	0.04372851129999061	-0.06653219517710059	0.155972558893644	0.1967326254012658	0.1760115539181154	0.10017707226234607	0.007035242526041787	-0.11204465492125851	-0.18179001116555155	-0.19422147986029195	0.14508618556445924	0.049757566552182345	-0.06163227537459	0.15271779081399228	-0.19315333308695684	0.16791693681696357	-0.08468478441884561	-0.02870038815253459	0.1314598060980708	0.1905638523561521	-0.19044941531574544	-0.13143968769555292	-0.028715203361858555	0.08465362500035331	-0.16788920557787498	-0.1931460094636535	-0.15273842813491223	-0.06167685551533474	-0.04970320139438492	-0.14504142398231712	0.194204190078964	-0.18181000111346962	-0.1120998049003799	0.007110954648600464	0.10010427915031393	-0.17596714305195643	-0.19673530826376767	0.1560272505687686	-0.06662664088148587	-0.04362102102542706	-0.14106546514392526	0.19741030111837465	0.19946272221182568	0.15324805346682244	0.07991865134987522
0.09232200106974742	0.16995722689314385	0.20543671703375707	0.17696488912051908	0.08771334124290604	-0.03290294149655221	-0.14081532887463097	0.1953200366437448	0.17552273244854236	0.08882296608600401	-0.031773593480068765	0.14021176429092314	-0.19499676126261226	-0.1750871774911415	-0.08800824782087414	-0.03284227970167172	-0.1406990155481138	-0.1932066687369027	0.16892361462186808	-0.07633477660676502	-0.04815142168310559	0.15397853584887922	-0.19687028069042312	0.1596445734695481	0.0605159345777481	0.06054512664490429	0.15966598755622882	0.1968914426533709	0.15400728786130774	-0.048187535460565235	0.07630188083971833	0.16890853152475352	0.193220291553496	-0.14074161612644073	-0.0329016468172846	-0.08795347475759079	0.17505974847932435	0.19501167650762666	-0.14026894484600227	0.0318558866314319	0.08874541336295494	0.1754817576525704	-0.19533679001997967	0.14089008439161138	-0.03301261596621493	0.08760814034608673	-0.17690348958177898	-0.2054389942482573	-0.17001063233051453	-0.09238575736997431
0.10486519917121734	0.18423487150868564	0.20368332881452778	0.14446602097606973	0.025028434169416015	-0.10476099536486011	-0.187255475692454	0.184897916896275	0.09850906545815406	-0.03267399280157881	-0.1487837399206421	0.19677126966058037	-0.1546075630318239	-0.04155672830602438	0.09064603569375371	-0.18112191071899364	-0.18793297165588588	-0.107264438199231	-0.023490995230788344	0.14297347253331968	-0.1931274904625072	0.14900483533952877	-0.030915720123702653	-0.1019125796531611	-0.18694268680877857	0.1868310042842339	0.1019007511272639	-0.030892292185553796	-0.14897424321710842	0.19311580374542728	0.14299391426659108	0.023536654340548992	-0.10721635714338314	0.18790914483460924	0.18113882900795256	-0.09070054051486134	-0.04148774140378292	-0.1545573206017784	0.19676766421953254	-0.14883489690034019	0.03276169820363027	-0.0984234596892275	0.18485684649443107	-0.18728446782834485	0.10485400102645018	-0.024909313463554964	0.14437360619533626	0.20365639594678586	0.1842734871498936	0.10492819491560397
0.11732946573986797	0.19552532640538572	0.19395573152106227	0.10199419985337783	-0.04025137533031607	-0.16082945717700395	-0.19607740292782122	0.12679624283920524	-0.010215312826425108	-0.14157163663672365	-0.19674660162597674	0.1460562683988466	-0.016721311025193322	0.12169390992749536	0.1945444101933028	-0.16234316384500705	-0.04226988242161325	0.10049528347312518	-0.18747739008711276	0.16979289955348884	-0.05617613362740206	-0.0901904769887325	0.18607567401763989	-0.17751735664847088	-0.07194791756233135	-0.07198432679579977	-0.17754482416022302	-0.18610288179231144	-0.09022307141640572	-0.05614577091107902	-0.16978204890732668	-0.18749822935048807	-0.10054384728483315	-0.04221575525386455	-0.16231328508858492	0.1945596265381772	-0.12175218008200617	0.01664680437284883	-0.1460054750975401	0.19675160774551265	-0.14163725289530604	-0.0103123629432865	-0.12671865564304385	0.19606567046764925	-0.16089790981090102	-0.04037029854826645	-0.10188554977384133	-0.19391244125217474	-0.1955591984928158	-0.11739770512326576
0.12956583312972764	0.2034091805191077	0.17639243607916127	0.05235417347959743	-0.10116518766199283	-0.19252320787009958	-0.16529031996383714	0.03580561733111241	-0.11578828350010259	-0.19523541297037383	-0.15307501924329137	0.015544665605127912	0.131559552067301	0.19645294609482003	0.13841912052812144	0.006322055635273235	0.1471376379910999	0.19499521714287604	-0.11923572583920503	-0.03265853637997739	0.16267039431510305	-0.1863253533852345	0.08688697010682954	0.06926906793441831	0.18257652011160946	-0.1824680044833345	-0.06926557214376186	0.08685775162904691	0.1863019273867906	-0.1626794846902522	-0.03269914348715447	0.11919148066746596	0.19498158884639172	-0.14716987543808338	-0.006383706486796265	-0.1383676387030513	0.19644898896699048	0.1316124483606712	0.015463277328747449	-0.15301647517069497	0.19524242190270272	0.11586475809909083	0.0357017951394883	-0.16522512089510846	0.19254441331729757	0.1012680480469042	0.0522291450744171	0.17631970479654954	0.2034227547865357	0.12963015875420394
0.14140791893626417	0.20752270137911474	0.15149573958298676	-0.0010474749950369782	-0.15113350659552918	-0.19495575513066574	-0.1010811091980861	-0.06440381288947063	-0.1838874237729916	-0.17222325183414103	-0.03771058253327902	-0.12360427052610816	0.19647598963127308	0.12874690371744327	-0.031210454417519937	0.16886351198320812	0.18524484545480246	0.06827131335527226	0.09758403686379752	-0.19134625172882588	0.1434705514959254	0.01157245987294535	-0.1588563857430481	0.18954747494678525	0.0831165876436734	0.0831601207888842	0.1895800668801963	0.15888710392867703	0.011602630765849678	0.14345568811595102	0.19136353379907656	0.09763033521999613	-0.06822382650738393	0.18523182191044907	0.16890069386353	-0.03127764037684622	-0.12869597921938025	-0.19648198531997482	0.12367063395023263	0.03762545603787961	-0.17218109082455096	-0.18392584240895346	0.06450469686373438	0.10098587753548298	-0.19493837271724446	-0.15121541254451162	0.0011767661902729108	-0.15140740572587752	-0.20752824036558087	-0.1414761358919142
0.15273104793077194	0.20765344699007238	0.12019293315378218	-0.054404476104328914	-0.18464800478997515	-0.1676358837668255	-0.016381101000603842	-0.14779311938005116	-0.19242115707198681	-0.08143037749779158	0.09545224500076127	-0.19502298254280445	0.13669386875817113	-0.032353132139511374	-0.17496107738629352	0.17535633609154513	0.032909497402646704	-0.1361893104620888	0.19352465665805405	-0.09121603566225439	-0.08595706500938972	0.1908040497919006	-0.13447376371129574	-0.03453377315396243	-0.17749983996325597	0.1773948744085893	0.03453848934625324	-0.13444200749265342	-0.19079262777969822	0.08598495855982546	-0.09117208343856109	-0.19350815120562911	-0.13622200913688953	-0.03285067951777168	-0.17532215652914473	0.17498640050782444	-0.03242367708642828	0.13663444178201395	-0.19502862903216014	0.09552695061624447	0.08134271222082162	0.19239536523912384	-0.14785999110048653	-0.01626767703903171	0.16756801393436796	0.18468874527259552	-0.0545286372815402	0.12008139784714754	0.20763536364076216	0.15279241176072947
0.16340626565279256	0.20368928085984728	0.08376458744812157	-0.10378647257909866	-0.19788218859240164	-0.11457768247643685	0.07168660615734927	-0.19267410069233776	-0.13865608819534742	0.041343629481856804	0.18376900680477276	-0.1591343715011347	-0.010142287784248463	-0.1700052885117648	-0.1748332083997353	0.020119455863600477	-0.1529591266871121	-0.1859782956465981	0.04848059286908523	0.1328158376446627	-0.18958261665345993	0.0684052544340923	0.1176768901565954	-0.19535600623205887	-0.09398231734219548	-0.09403281415785965	-0.19539257581524813	-0.11770818288188024	0.0683833572007675	-0.189588241218648	-0.1328549794180545	0.04843504864176653	0.1859684817668326	-0.15300135945373192	0.020056984176132595	-0.17480732990154665	0.17004622469635283	0.010220360700215191	0.15908890063274653	-0.18380446975543552	0.04143706926581371	-0.13858684261329246	0.19269905600257656	-0.0717940849340545	-0.11448046911689505	-0.19788912807849124	0.10389995681420137	-0.0836423106309676	-0.20366122319723376	-0.16347030168182403
0.17333402480329	0.1956408546742432	0.04373631780368279	-0.14556290320634346	-0.18931097384774123	-0.04386042284797909	0.1451692982150652	-0.18730304507133622	-0.03997059134873607	0.1477638462301813	0.1857680997540801	-0.03557449457231631	-0.15066717561079332	-0.1840951537584045	-0.030880810396044896	-0.15352614518125846	-0.18147265981199215	-0.024557867059562047	-0.15720070957990084	0.17713582489435883	-0.015053646396747852	-0.1620425868361067	0.16960543954710217	-0.001202454045282676	0.17174107375336148	-0.17164004431195726	0.001189903820521544	0.1695744293303398	0.16204557068704853	0.015014573782147017	0.17710717810400894	0.15722230249670766	-0.02450295063383903	0.18144367536106043	0.15356074522652252	0.030812148749993763	-0.18406415016884697	-0.15071348198046838	-0.03549121707120218	0.18573418542475365	-0.14782322457917038	0.039870203274680396	-0.18726546993184895	0.14524365257436817	0.04374042802219262	0.1892688331869838	-0.1456498129632872	0.043602438755187725	0.19558853599075302	0.17338851627846524
0.18239730022810244	0.18358998251455644	0.0018059482010659843	-0.17664243911122068	-0.15984837208459904	0.03360487284976051	0.18893590918089762	-0.1329422766898227	0.071725107605113	0.19595047056208123	0.10058921146736582	0.1075183190144053	-0.19515382518666857	-0.06409687670652905	0.13860937771039464	-0.185396132736536	-0.023663515521748966	0.16456863983656458	-0.16702230786309247	-0.018915876143737066	0.18191063154726092	-0.13609992219655198	-0.06620620396391362	0.1947494032996634	0.10450423247603204	0.1045614854697004	0.19478867737499267	0.06623497012102136	-0.13609044250308452	0.1819357694662392	0.018960989040337745	-0.16700414014578907	-0.16460484361022454	-0.023605374480418505	-0.18538122497697745	0.1386621103718012	0.06402886011135794	0.19514896564968462	-0.10759122907947191	-0.10051414444184406	0.19596218236401777	0.07182143440736508	0.1328643581613631	-0.18897153264032668	0.03372625302113757	-0.15977426295452052	0.17670596677275674	-0.0016691519733807265	-0.18352732295491178	-0.1824533248269383
0.1905207091691581	0.16774724335029118	-0.04021238382017384	-0.19472221673739254	-0.11272323377011467	0.10586603313108779	0.19399543563907923	-0.04375187936007293	0.1601707163891392	0.16691301977477804	-0.031778119138035195	0.19132206483137973	-0.11522197110967812	0.10270682747847455	0.19401700614583783	-0.046079948913694026	0.15830524042543076	0.1667611067831604	0.031259757938597484	-0.18959031429460033	0.11185462454338126	0.1052150477405798	-0.18926277792083745	0.03680026443494538	-0.1653266667645341	0.16522994393668958	-0.03678048302600972	-0.1892355441431181	-0.1052322398282039	-0.11181548227286234	-0.18958930685569836	-0.03130734556346998	0.16672553038247662	-0.15833452802216286	0.046015751840518905	-0.19400026399680784	0.10276699169356215	-0.11515484603578548	0.19133667596450446	-0.03186636369261765	-0.16685829613007938	-0.16022651725003734	-0.04364439301071896	0.1939713881960535	-0.10596763493679952	0.11261386115300005	-0.19474496516045886	-0.040346245999432165	0.1676623118397916	0.19056485724330882
0.1976181927438056	0.14840728413213258	-0.08045640770214597	-0.19840604137953086	-0.053097299279672557	0.1617684447249293	0.1593127471628223	0.05688829989863002	0.1965023062587944	0.07199799942280141	-0.14923653196599712	0.1697230708427821	0.03807023101165393	0.19465236058351415	0.08940995594167642	0.13585480869652447	0.17763284882339342	-0.020246542762042376	0.190419583787216	-0.1029905567560407	-0.1228533447284726	0.17998196639289538	0.009018269353845974	-0.18773792772762377	-0.11464110717723931	-0.11470488126940896	-0.1877784998287185	-0.009041773891064605	0.1799869553742574	-0.12289115448508069	0.10295832086947893	0.190439693662588	0.02030206714279862	0.17761404357565533	0.13590576751469402	0.08935084223825351	-0.19466787334952312	-0.038149081991291106	-0.16968429315208497	0.14929864281525887	0.07190970517295485	0.19651022229506074	-0.05699428429409069	-0.1592469604909019	0.16184169258371078	-0.05297234955576993	0.19839935703051162	0.08058413004545625	-0.14831304549965374	-0.19766297880937683
0.20363932732705098	0.12596423791273992	-0.1171587964216217	-0.18740205557694362	0.012434381600692457	0.19267848490400902	0.09198815433497527	0.14260398034191665	0.16888168042857077	-0.05138593528782824	-0.1966019344370061	0.0546556173759767	0.16703124449962659	0.14469514807876746	-0.08902865474407005	0.1923249637042365	0.014464531702278445	-0.18414189171067338	0.11236501333124405	0.12352684610895051	-0.17726041435422576	-0.03023265352667795	0.19176423242575955	-0.0711130587496811	0.15828344530600424	-0.15819138928488796	0.07108685126186945	0.19174340966755044	0.030261180317381075	0.1772323608053494	0.12355407711687086	-0.11231874023636776	-0.18415293898345256	-0.014404096747677406	-0.19230574715307325	0.0890878715997125	0.1446407148354488	0.16706883636613915	0.054572648914735414	-0.19659804982587914	0.0514781160071183	-0.16882508448552144	0.1426766262523487	0.09188276371704482	-0.1927005152678604	-0.012564829708797461	-0.18735230766899194	-0.1172690226503487	0.12585213984626387	0.20367046418332327
0.20851377037421642	0.10086730770513397	-0.14869369237845687	-0.1625048159443718	0.07657353591086305	0.19376323643940363	0.005775332137104133	0.19093902547547306	0.0863246654636748	-0.15447380605545305	-0.15148636730220885	-0.09052701142079711	0.18954733606289453	-0.010697635180492455	-0.19398063102936133	0.07096852464194321	-0.16366043571482253	-0.13900015318450198	-0.10539808030544083	0.18239982337419308	0.029127670491710344	-0.19259935242813056	0.048799646800276465	0.17454031377941906	0.1243524962487678	0.12442253019026042	0.17458074100020496	-0.04878366285209488	-0.192618197507759	0.02916754266019656	-0.1823940604245328	-0.10544533662084113	0.13896700145050497	-0.1636993240461812	0.07091027605878131	-0.19399732395477137	0.010772370616762417	-0.18953117691386273	0.09060470471109809	0.15143178990122994	-0.15453704280984012	0.08623348366543514	-0.19096899298209555	-0.005658212025301557	0.1937436743872262	0.07669585501670056	0.16242841186337484	0.14878952258857908	-0.10074830270940528	-0.20854487261368404
0.21221331854226963	0.07363880996880875	-0.1736756205551052	-0.12556487655521092	0.13219789940510626	0.16484023867768868	-0.08164699888154646	0.18924490086153647	-0.02430328860261532	-0.19653481204812664	-0.03508865406972839	-0.18586006771776376	0.09128494495132845	-0.15824317081971676	-0.1388917663440872	-0.11610332849302263	-0.1736164574840631	0.0638430689788519	-0.19180321378287285	-0.006330147691531964	0.1929474078739403	-0.04992380585764351	-0.1769321282631731	0.10302797602333504	-0.15063977463970046	0.15055273200077168	-0.10299633823503504	-0.1769196931002891	0.04988884144392642	-0.1929384353451622	-0.006374272713424195	0.1917850114396493	0.06389287971023265	0.17358206362459744	0.1161518343191549	0.13883827898435525	-0.15828298172945604	0.09121186681379774	-0.18588324849909932	-0.03499829444699035	0.196533204497012	0.02440548561271849	0.18921082308962733	-0.08175223330571804	-0.1647684102427798	-0.13229307990101125	-0.12545605093434342	-0.17374235343377392	0.07350834363081273	0.21222953604435973
0.2146945792544301	0.04485046560572561	-0.19097003865754097	-0.07930458440768993	0.17312716298660452	0.11037915826918261	-0.15229288759331402	0.13792635486046975	-0.1270381851157424	-0.16095533862050615	0.097775545139902	-0.1787290243475009	-0.06521272603812604	-0.19042755765985342	0.03067731640317628	-0.19582086412028502	-0.004934686384745471	0.19416436640415258	-0.03955292827879997	-0.18645593782633635	0.07289596530775486	0.17185575413168183	-0.10209643267198228	-0.15557956975973541	-0.13359934987158625	-0.13367536013517753	-0.1556184132200386	0.10208952043724881	0.17188536608079533	0.07286532402875578	0.186479157457925	-0.03950549372840445	-0.1941787748293548	-0.004874591132263363	-0.1958229531517415	0.030747231865812547	0.19041442381204485	0.06528974228376934	0.17869781692594958	-0.0978567734707192	-0.16090308653541158	-0.12711984279532218	-0.1378501801962977	0.1523702761687154	0.11027751320491923	0.1731936603198779	0.07918002138955783	0.19101660384398322	-0.0447163309649375	-0.2147103894914465
0.21595140254700387	0.015112880707884233	-0.19982111899615213	-0.02715088009061375	0.19482216592466148	0.03883066629117466	-0.19166383115807037	0.050421720168317544	-0.1884481201337409	-0.061821596680120425	0.18462433326030792	-0.07303115697762844	-0.18018895393046352	-0.08386103938461424	0.174887548024496	-0.09440325706764564	0.1689379718336703	0.10412640645068771	0.16181442675453014	-0.11352020387767975	-0.15455007442891436	0.12141059538049619	0.1461181965472517	-0.1315059047724303	0.14242614727372854	-0.142344451443139	0.13147000060745523	0.14611530973889553	-0.12137522292351675	0.15456269986911492	-0.11347766518386697	-0.1618349238114693	0.10407508315319469	-0.16896237144475784	0.09434305496334208	-0.1749140065680456	-0.0837910642239593	-0.1802162071806307	-0.07295019638865377	0.18465136806180577	0.06172801268152963	0.18847376965194487	0.0503137491490653	-0.19168679801597216	-0.038707267076892454	-0.1948404773310248	-0.027014295827906668	-0.19983212585748633	0.014974760112771192	0.21595175256341145
0.21595633066047798	-0.014941806456627254	-0.19982830251033276	0.02702086154941535	0.19483614678196914	-0.038726643447213764	-0.19168794116186724	-0.05031725531601611	-0.18847641695599135	0.06171484234878652	0.18465255743948236	0.07294585914472997	-0.18021556530440647	0.08379658734483109	0.17491230865342092	0.0943460372478781	0.16896184052241336	-0.1040733361192231	0.16183664496827918	0.11347682448913188	-0.15456184841293097	-0.12137588289791665	0.14611543934862428	0.13146992814577926	0.14234446091021574	0.14242614465296172	0.1315057985107469	-0.14611829759742398	-0.12141124137063561	-0.15454915820688603	-0.11351935407957084	0.1618162205688826	0.10412469209557733	0.16893747061705996	0.094406263509348	0.17488578610866523	-0.08386651229381101	0.18018831488299378	-0.07302684613088098	-0.18462554048570345	0.061808491447044346	-0.18845081070838351	0.05042519131053611	0.1916650687819925	-0.038849977259489986	0.19481776844854365	-0.027157460358892393	0.1998171094454599	0.015079985048049726	-0.2159561184676974
0.2147233244530891	-0.04468189514123557	-0.19100599833396603	0.07918561364668299	0.17318196905401329	-0.11029580313399372	-0.15237306920920063	-0.13785419094616658	-0.12712612808597867	0.16089387213738482	0.09785999025043837	0.17869402530642214	-0.06528911986798278	0.19041626345912407	0.03074301160066357	0.19582497986993502	-0.0048761014061227325	-0.19417880425437697	-0.03950175206748707	0.18647828282890413	0.07286692630964073	-0.17188558888394828	-0.10208935476067281	0.15561844899290891	-0.13367536874666383	0.13359933901282836	-0.15557956621794852	-0.10209623438850896	0.1718559616874604	-0.07289760341966328	0.18645498999777899	0.039549189012268025	-0.1941644810863434	0.004936186788166608	-0.19582295754583862	-0.030673066987311436	0.190429250182149	-0.06521208365522266	0.17872528031585466	0.09777876079034137	-0.16094629157477572	0.1270444927457762	-0.13793029965652914	-0.15229576299290276	0.11039729374402184	-0.1731154528383035	0.07931020599706107	-0.19095929070313605	-0.04481614914103451	0.21470760532329713
0.21224940555889973	-0.073471879786181	-0.17372702999686823	0.12545999758170712	0.13227657301254728	-0.16478381091409122	-0.08175483186870554	-0.18921510297034327	-0.024411954891523903	0.196530971255437	-0.03499369774041398	0.18588099827091314	0.09121030909612735	0.15827999227571227	-0.13884288563116187	0.1161520445998058	-0.1735840253140161	-0.06389455800864609	-0.19178234317351392	0.006373933169596154	0.19293907793534734	0.049889090163552155	-0.17691969761054951	-0.10299628662414785	-0.15055273957884288	-0.15063977919298477	-0.10302789425558359	0.17693207754019458	0.04992406469878423	0.19294803639689737	-0.006329752702719688	-0.19180057074478327	0.06384476006358601	-0.17361843471127097	0.11610356529317996	-0.13889637008287567	-0.158240063745871	-0.09128342043009831	-0.1858578834950464	0.03508406142710942	0.1965327251246939	-0.02430973862786665	0.18924909296601955	0.08164963446843254	-0.16485549238462677	0.13218145710099446	-0.12556888361497195	0.17366024258123722	0.07360243778380196	-0.2122331970942612
0.20857004468914014	-0.10070930384160989	-0.14877173366931556	0.16243045838855485	0.076677942008019	-0.19375492920814488	0.005657421132530118	-0.19097268747690743	0.08623067001182211	0.15454167616570239	-0.15142729853845024	0.09060478464085409	0.1895266892719249	0.010767826770860063	-0.1939994271266666	-0.07091204685465646	-0.16370078798898835	0.13896645740234215	-0.10544587204233682	-0.18239273602607264	0.029166732983016582	0.19261872668566923	0.04878356146597122	-0.17458074664566953	0.12442253874081169	-0.12435247593955276	0.17454027953222623	0.04879952475365402	-0.19259984267978628	-0.029126752062842026	-0.18239850919901976	0.1053986791517972	0.13899965097035816	0.16366187779353455	0.07097031673072386	0.19398263893835777	0.010693034632085915	0.1895429391096165	0.09052713688657914	-0.15148191247942935	-0.1544785190314382	-0.08632184645467567	-0.19094265356098553	0.005774519990816771	0.1937744003604789	-0.07655570714234097	0.16250693736026398	-0.1486758883546671	-0.1008283184259055	0.20853892709587954
0.20370027039475438	-0.1258107942901397	-0.1172499588448908	0.1873524168796981	0.012548244058700241	-0.19270657673457134	0.09188416227130172	-0.14267859034123698	0.1688277050759904	0.051486966067957905	-0.1965956801605529	-0.05457002989809968	0.16706372047769896	-0.14464242346717712	-0.08908557373154433	-0.1923085017007122	0.014404210063494974	0.18415499294385973	0.11231559147077133	-0.12355185128905309	-0.1772336148309672	0.030261532319313778	0.19174335731707412	0.07108683380504711	0.15819138781409545	0.15828344891758356	0.0711130138539421	-0.19176410705897814	0.030232954518230347	-0.177261734855793	0.12352457022752192	0.11236183602420367	-0.1841439571272764	0.014464698918426088	-0.19232773504635542	-0.08902623558856484	0.1446968620748193	-0.16702623881163467	0.0546530116822698	0.1965996029748406	0.05139480126655544	0.16888424830383278	0.14260593652442838	-0.09198955577386193	-0.1926845206168927	0.012417849772368759	-0.18740223795553565	0.11713974860897251	0.12592280597903474	-0.2036691293765773
0.19769723444835766	-0.1482695607239003	-0.08056462042855769	0.19839746917471007	-0.052985595412558116	-0.16184235773649094	0.1592503325768172	-0.05699400296632764	0.19651763668867123	-0.0719008824080643	-0.14929939719000448	-0.16968037642013423	0.03814659737231132	-0.19466480617236537	0.08935579905210798	-0.1359073848511086	0.17761558900295746	0.02030490342797288	0.190437667776908	0.10295903417575791	-0.12289115594042152	-0.17998712852617332	0.009041842010117566	0.18777851825581815	-0.11470489532995812	0.11464107920158319	-0.1877379011898779	0.009018315985115408	0.1799821328384987	0.12285327738714887	0.10299129778472571	-0.19041756322493297	0.020249295330127492	-0.1776344126379863	0.13585639022735302	-0.08941498984600638	-0.19464930445641115	0.038067795797279265	-0.16971920830020734	-0.14923731420660882	0.07198915776944101	-0.19650965956888858	-0.056888059023585236	0.1593161511071204	0.16176907041042365	0.05311051666996619	0.19840421996544683	-0.08043697135028705	-0.14836370257948486	0.19765244171001167
0.19060341228791577	-0.1676172747369117	-0.04032723038843198	0.19474120583418908	-0.11262245214700092	-0.10596310395541893	0.19397618016152218	0.04364679148981917	0.16023600679932726	-0.16685312445511039	-0.03186976692423609	-0.19133370225215915	-0.11515296915037727	-0.10276140937107277	0.19400360079282156	0.04601688491411089	0.15833615055381658	-0.1667251961677032	0.03130907549531393	0.18958736136303667	0.11181683299444141	-0.10523272850262205	-0.18923547332418134	-0.036780464606222994	-0.1652299360477837	-0.16532666944160515	-0.03680021964872345	0.18926264405572296	-0.10521546865871054	0.11185607823895134	-0.18958831593469375	0.03126148032892494	0.1667608600134882	0.15830680556436108	0.046081147674167246	0.19402034252734385	0.10270125847740162	0.11522013202546512	0.19131914342144068	0.031781556864946	-0.16690781937744012	0.16018017760463743	-0.043754223680211944	-0.19400027088476235	-0.1058614192455174	-0.11273180840352724	-0.19471852772746356	0.04019350162380182	0.16770214495574015	-0.19055925031535131
0.1824957887352761	-0.1834816184709487	0.0016863563462942962	0.17670082741234824	-0.1597772633939443	-0.03371707798486049	0.18897697635677957	0.1328683596540513	0.07182959824189829	-0.19596228673862365	0.10050980063572333	-0.10759108637057986	-0.1951440880400434	0.06403254607920074	0.13866082994718196	0.1853844013426175	-0.023605247708902443	-0.16460758074921109	-0.1670003541085418	0.01895858918703974	0.1819367623926178	0.1360903549060295	-0.06623503868647854	-0.19478866501931724	0.10456151457701891	-0.10450420613887332	0.19474934080896367	-0.06620622292763981	-0.1360998560973083	-0.1819115941494172	0.018913381147567663	0.16701855437988194	-0.1645713428542664	0.023663471763399037	-0.18539934118669443	-0.13860802988650092	0.06410058379974876	-0.1951490134241392	-0.10751820329365162	0.10058480749197073	0.19595058222131312	-0.07173327510242809	0.1329462312109245	0.18894137153615487	0.03359560862645922	0.15985138369208	0.1766373786992317	0.0018230019432471164	-0.1835442364445864	0.18243975588791317
0.1734343480348556	-0.19554303989252703	0.04361666060660533	0.14564402227398168	-0.18926602711369261	0.04375315147415243	0.1452487958715435	0.1872702446925814	-0.03986609196860954	-0.14782807897943165	0.18573087387821793	0.035488326985742835	-0.15070889744474555	0.1840630236142959	-0.03081694251586251	0.15356319367129828	-0.18144533232935214	0.024500199633345345	-0.15722091017180567	-0.17710696304403287	-0.015015247112693069	0.16204604697962352	0.1695743317086211	0.0011899095373246206	0.17164003065808156	0.17174107620634507	0.0012024342370375767	-0.16960529849383604	0.16204297965616907	-0.015054447369239266	0.17713562056262575	-0.15719932835990275	-0.024555246218851946	-0.18147434098417925	0.15352854163566937	-0.030885703833332712	-0.18409406583440097	0.15066262029243896	-0.03557159331769779	-0.1857647180540138	-0.14776876971168343	-0.039966444592019895	-0.1873077874275225	-0.14517442332730907	0.043873219367280156	-0.18930822391711827	-0.14555719394050912	-0.04375040445627993	0.1955953156098844	-0.17337987088439874
0.16351907740803243	-0.2036165492880542	0.08365282671661058	0.10389426598324283	-0.19788123091014087	0.11449499373260132	0.07179775455350085	0.19270351275603928	-0.138588137020934	-0.04144472830134808	0.18380342061259647	0.1590845188732166	-0.0102190154442163	0.17004122283188597	-0.17481132618193027	-0.02005767755615936	-0.1530032782643072	0.18596915248963594	0.048432124368070595	-0.13285228977053695	-0.18958967265374424	-0.06838292426389507	0.11770813207935742	0.195392616558505	-0.0940328393606003	0.09398227222171963	-0.19535598458574668	0.1176767871418616	0.06840491897729928	0.18958405929384922	-0.13281301488846756	-0.048477689791812786	0.18597903481320385	0.15296099598214793	0.02012027049947255	0.1748373050653518	0.17000027142248494	-0.010140898159677766	0.15912997047381428	0.18376790897251177	0.04135139840498931	0.13865729373919192	0.19267853328427048	0.07169025124969491	-0.11459227972205596	0.19787440442901663	0.10378084456460031	0.08377500385894471	-0.20364456965793576	0.16345504345473047
0.15284303435009547	-0.2075919894661345	0.12008858392480236	0.05452336570013265	-0.18467766555379223	0.16758240804429766	-0.01626584795232174	0.14786327603116914	-0.19240112645668095	0.08133463623146338	0.09552792106256247	0.1950248867250808	0.13663227944690043	0.03241836098915793	-0.1749864392256179	-0.17532564576840778	0.032850036629141606	0.1362257274413737	0.19350394033305662	0.0911739553472087	-0.08598503229824603	-0.1907930366139395	-0.13444188191312437	0.03453847961067311	-0.17739485845308237	-0.17749984019570467	0.034533794721421686	0.13447361461051952	-0.19080442329427916	-0.08595696761748309	-0.09121801010835352	0.193520443801068	-0.136192968352545	0.03290891899822197	-0.17535993273702385	-0.1749611452886144	-0.03234770062553963	-0.1366917959148554	-0.1950192001957156	-0.09545323551720092	0.08142217759625116	-0.19242680165699283	-0.14779639762469649	0.01637928407597795	0.16765036430246488	-0.18463706857365267	-0.054399227915490636	-0.12020005534643716	0.20761005282707143	-0.1527816579356294
0.1415270931344986	-0.20748672162311213	0.15141199255516405	0.0011718933166810208	-0.1512034967053764	0.1949511476299588	-0.10098552915818074	0.06450638316616132	-0.18393337156341064	0.1721749646109165	-0.03762336029959163	0.1236689509716944	0.1964782898636669	-0.1286984543184764	-0.031274294453860825	-0.16890408603727897	0.18523269477905976	-0.06822101905621737	0.09762981653581483	0.19136191735465097	0.14345739857910025	-0.011603383259178403	-0.15888704757619662	-0.1895800778528118	0.08316016867069953	-0.08311654792546172	0.18954741722933074	-0.15885624525446196	0.011573130898346393	-0.14347241587791695	0.19134454847386742	-0.09758341007379759	-0.06826860575362274	-0.18524568154579849	0.16886691303351598	0.031207040973854586	-0.12874955008159453	0.1964723947502669	0.12360253313937751	-0.037708434266456974	-0.17221700400332862	0.18389482608830282	0.06440553269309873	-0.10108074116190796	-0.19496861292421433	0.151121733425866	0.0010425750326421865	0.1515003168997236	-0.20748118562585374	0.1414588304582379
0.129679022821712	-0.20338346649619585	0.17632321369339984	-0.052234274745819556	-0.10125803256122731	0.1925550413711693	-0.16522502156335803	-0.03570089844480913	-0.11587053376749032	0.19523933312978095	-0.1530145331242766	-0.015463362575567591	0.13161000128972478	-0.19644836506588864	0.1383710225896476	-0.006384695796682244	0.14717100422001675	-0.1949823342170092	-0.1191876653263106	0.03269551106246519	0.16268105623719492	0.18630206273460406	0.08685743323122616	-0.06926547052755178	0.18246799405864622	0.18257654285830746	-0.06926895546845796	-0.08688658727658463	0.18632551566281688	0.16267191856615523	-0.03265463948673114	-0.11923201784771294	0.19499589450218371	0.14713865190759884	-0.006323009515627884	0.13842264404800184	0.196452460604554	-0.13155714194336596	0.015544818224008524	0.15307303040795614	0.19523221174400304	-0.11579397085575331	0.03580462548946349	0.16529018620283292	0.19253389967903048	-0.10115528220282016	0.052359376458737054	-0.17639599400435954	0.20336991312463443	-0.12961463930444528
0.11744273123241727	-0.19552239778121452	0.1939160420448514	-0.10189145949611837	-0.04036419033222527	0.16090590902984847	-0.19606515348930112	-0.12671749467966503	-0.010314070803543662	0.14163713967002775	-0.19675076971473554	-0.1460050524365157	-0.016646484255895457	-0.12175006305932044	0.1945605851378746	0.16231461743889247	-0.042215404360740554	-0.10054643596939712	-0.1874947220955602	-0.16978352592396215	-0.05614639874131364	0.09022437070230375	0.18610230930418145	0.17754498497933835	-0.07198438086803821	0.07194786029188567	-0.1775174684309805	0.1860749567240731	-0.09019170273479737	0.05617690543939478	-0.16979451105682716	0.18747384229852762	-0.10049765603028238	0.04226963988533143	-0.16234451167715652	-0.19454542589213836	-0.1216917779786925	-0.016721033885254238	-0.14605589631459387	-0.19674575518198428	-0.14157147237105483	0.010216987436051796	-0.1267949920917786	-0.19607684303899223	-0.16083743799951644	0.040245323280151124	-0.10200018410062033	0.19395939493871797	-0.1954885634151192	0.11737447288033842
0.10496835743866877	-0.18423920735603158	0.20366080715389623	-0.14438074118946556	0.02491043907010967	0.10485902907475733	-0.18728369552712532	-0.18485447453355755	0.09842597633175222	0.03276332872520648	-0.14883514749150664	-0.19676786335841645	-0.15455510985295687	0.04148907054777655	0.09069952300253013	0.18114019243608828	-0.18790914880502574	0.10721608374386267	-0.023537436486920183	-0.1429921321713123	-0.1931178858195273	-0.14897276935692166	-0.030892943853557904	0.10190094073195005	-0.18683096433468435	-0.18694267119607363	0.10191280567491921	0.03091643157181568	-0.1490033641164611	-0.19312954635088353	0.14297158551238698	-0.023491605853239332	-0.10726433947857719	-0.1879329660877634	0.1811231852117249	0.09064490984030664	-0.041558161681167216	0.15460542178563333	0.19677152758442393	0.14878403758601802	0.03267564456735249	0.09851158470055547	0.1848954828829813	0.18725460510068911	0.10476592207455629	0.02502953093153588	0.14447322962948694	-0.20368782848535838	0.18420064921377946	-0.1049053753421772
0.09242106679261052	-0.16997920421815377	0.20544400420562303	-0.17691167908023553	0.0876043926932358	0.033014085732115284	-0.14088960877073486	-0.1953336067633215	0.17548711924300098	-0.08874283063546642	-0.03185663888277156	-0.14026975998317612	-0.1950094793089386	0.1750592331163622	-0.08795504775441707	0.03290158557550335	-0.14074152781493876	0.19322308571196337	0.16890481895388446	0.07630405247541659	-0.04818815271742777	-0.15400748441815065	-0.19689138908259723	-0.1596660056085473	0.06054521119077308	-0.060515888212663294	0.15964451942008062	-0.19687014217720317	0.15397861884497566	0.04815185668734249	0.07633713445512345	-0.1689199980332749	0.19320938468282753	0.140698788032836	-0.03284207337839094	0.08801001191415792	0.17508675285834943	-0.19499457456219824	-0.1402125847600995	-0.0317744256084043	0.08882027041720335	-0.1755280738988884	-0.1953168054446035	-0.1408146585021496	-0.03290420147987636	-0.08770962063413286	-0.17697312899609646	0.20544181109584192	-0.16992589959339707	0.09235735556771955
0.07994956400846258	-0.15322009855676874	0.1994675898272228	-0.19741885487741484	0.14105781318669333	-0.043623622841907614	-0.06662685015532076	-0.156024675194975	0.1967415581366935	-0.17596378847474334	0.10010358094993087	-0.0071114340829962425	-0.11209895667008181	0.1818082927273409	-0.19420542495892834	-0.14504234967660334	0.04970316158126933	0.06167916747357152	0.1527366701296998	0.19314566921969703	0.16789099720325265	0.08465183538617495	-0.028714284256720905	-0.1314399662346534	0.19044936294422646	0.1905638228909441	-0.13146013762721048	0.028699380832842646	0.08468304460385959	0.16791878195525198	-0.1931530120140918	0.152715906715226	-0.061634335656876066	0.04975766573128115	-0.14508718037280796	-0.1942227997539284	-0.18178831282536279	0.11204374388446586	0.007035666030329273	-0.10017628029369051	-0.17600804510519474	0.19673883242005877	0.1559699072806035	0.06653213801418466	-0.04373140274280124	0.1411452421462269	0.19745928391295892	-0.19945270952609107	0.15316643259109042	-0.07989243670475704
0.06772887325016325	-0.13456582069180412	0.18642562282019406	-0.20498314254227504	0.180010630315515	-0.11378095963700935	0.020552229338231302	-0.07741453469729634	0.1559987261183483	-0.19560371526729767	0.18630174454857681	0.1303802676848003	0.04183555926319267	0.05707736801058814	-0.1413504768445116	-0.18942538720215807	0.18859954950931845	-0.1383521605340792	-0.05098882024113369	0.051088893259951786	0.14040285261695526	0.1918514841306357	0.19015500396499188	0.13647697768923034	-0.048879109287863244	0.04885697707812998	-0.13646208986863764	0.19014174171470025	-0.1918318504259533	-0.1403722171323543	0.051049722870085634	0.05102839296718481	-0.13838090856371557	-0.18860728158807788	0.189406254491034	0.14130522926914696	0.05701420368344214	0.04190256625372796	0.1304340061123846	0.1863261147120073	0.19558841820876963	-0.15594277400156042	-0.07732737969560752	0.0206516718519815	0.11386868133434164	-0.18006401933241045	-0.20498972858918227	0.1863883061199406	-0.13450452364625082	0.06767399004759415
0.055960475706407324	-0.11472812213044073	0.1674614833489146	-0.19989050308484207	0.20122871585666946	-0.1678083793140298	0.10389667827474178	0.020721629963921698	0.06616178248554981	-0.14009774718786427	0.18681000276077855	0.19717350971701683	0.16913465697527258	-0.10803445574650408	0.025792806088466066	-0.06154202378814643	0.1364374016440805	-0.18361349353467918	-0.19251453619726208	-0.16038778663936631	-0.09262940335512569	-0.0035701238205760786	0.0869958295068177	0.15699628287319758	-0.1932762180005994	-0.19339300218559285	0.15702448501577718	-0.0869918799966958	-0.003594714811908321	-0.09266296273714879	0.16041726210268165	-0.1925288628525591	0.18360575334015666	0.13640643814259834	-0.061492304369415364	0.025852047882329053	0.10809080078936142	-0.1691751607130779	-0.19718731393143013	-0.18679069874125942	-0.14004532757448807	0.0660833262674392	-0.02081285262985203	-0.10398345321183801	-0.1678732358358924	0.2012580900103637	0.19988030244053995	-0.16741879833557194	0.11467117072191088	-0.05591323410153896
0.04483999276089643	-0.09444827418798438	0.1440184851428149	-0.18348002135256702	0.20368985257842762	-0.19896736022516634	0.16804401143349962	0.1142334112426359	-0.04464962182145276	-0.030984738514990198	0.1018686321751073	0.15776178177851594	0.19049339958658013	-0.19516028952249412	0.1708567821665511	0.12079769119964982	-0.05205984384048569	-0.025435871531278142	-0.099909890474942	-0.15958111470793496	-0.19409159028710116	-0.19669413198216984	-0.16614698011318046	-0.1086141316338678	0.0370166806288416	-0.03700156118480926	0.10860591200474161	-0.1661424089770953	0.19668697095442542	0.19407592840904853	-0.1595542691134806	0.09987248867310547	-0.025391826412984004	0.0521044277371172	-0.12083561052937537	-0.17088090342004852	-0.19516478946671964	0.19047469375929224	0.15771957850305338	0.10180624936246685	0.03090892477309514	0.04472922123003127	0.1143054248148272	0.16809736202633893	0.1989933078359522	-0.2036839650362024	-0.18344521428701965	0.1439645607759304	-0.09439111912248342	0.04479753627329554
0.03450709016591533	-0.07436044952275755	0.11754577571763812	-0.15767769531452558	0.18817125811533883	-0.20381316495487786	0.20141708771682237	0.1801868979803059	-0.14162553011836193	0.08922773862008801	-0.028131716950561162	0.035579753653297484	0.09539138638005319	-0.14517036770556357	0.17958592673288695	0.19485281457944453	-0.18885053346429048	0.1616960287038306	0.1155091064732209	0.054916296586121585	-0.013651228126884726	-0.08143430145809907	-0.13920321054275636	-0.17782760129787917	0.19524387251785133	0.19536250629921445	-0.17786335725131144	0.13921182539931928	-0.08142305388365047	-0.01362524450921417	-0.05495045586639004	0.11554453530805049	-0.16172599589895362	-0.1888694064742563	0.19485638713539	0.17957174795642447	0.14513815067865915	-0.09534276781436515	-0.03551856271133008	0.02819984122194645	0.08929597478089862	-0.14168652289855552	-0.18023335944487875	-0.20144323007126236	-0.20381563881624334	0.18814992793234508	0.157637410863788	-0.1174953563177732	0.07431192761361029	-0.03447292285673172
0.025089865915376087	-0.05508772622270731	0.08963957757424505	-0.12518252558129697	0.15765540524524208	-0.18341014580300863	0.19952901137331736	0.2041002252171392	-0.1962152851893384	0.17594416279749575	-0.14434469725542284	-0.10326187707058897	-0.05525475843699799	0.003358212432783034	0.049025565122270166	0.09844363831267045	-0.14140982146217224	0.17477230402039085	0.19564729489107732	0.20188883049956252	0.19211854529598615	0.16624857563903758	0.12622095055659202	0.0767194291722824	-0.024978706907038985	0.024970123293170606	-0.07671714612650643	0.12622399248872643	-0.16625345614100906	-0.19212096196807477	0.20188538468331854	-0.19563554397010466	0.17475111725293502	0.14137913433965515	-0.09840435120431329	-0.04897940386566701	0.00340872111396788	-0.05530655091713503	-0.10331146019496171	-0.14438832997130507	-0.1759781955610099	0.19623667590734814	0.20410645367635682	0.19951894170020074	0.18338434221384373	-0.15761616798618525	-0.1251349811144505	0.08959068380578161	-0.05504567173393302	0.025062330020993444
0.016814028579602378	-0.03746752746826538	0.062360015472780306	-0.0898026693835445	0.1176876886801629	-0.14399951173130715	0.1669143694294344	0.18497367563864262	-0.19701993720828795	0.20223334174979823	-0.20013340892159553	-0.19056459663211447	-0.1736364719742295	0.14980099055603519	-0.11970934527170758	-0.08430470364763357	0.04468965867408977	-0.00228010747707365	0.04134742868109376	0.08411240096488583	0.12376847092702561	0.15709930389163437	0.1812411042110511	0.19336696923607735	-0.19626704373348408	-0.19638698009665387	0.19340952785969706	-0.18126284989870553	0.15710622538214936	0.12376238765951221	-0.08409539903039827	0.04132158093538186	0.002312454090546177	0.04472623711782705	-0.08434326952573276	-0.11974769843425824	-0.14983703256794892	0.1736680978739446	0.19059001737156198	0.20015096467068405	0.20224163275172752	-0.19701824549411534	-0.1849615768958831	-0.16689232382181177	-0.1439689528731212	0.11765080747586007	0.0897632086894906	-0.06232251218468951	0.03743693153855634	-0.016794719007722614
0.009938870115847796	-0.022395751624799568	0.03790899177160839	-0.05583842957104542	0.07530447816237432	-0.09545193177332201	0.11547326208015019	0.13469452197655266	-0.15251620490402718	0.16842227869084908	-0.1819821522003132	-0.19283176345593084	-0.20063788564055976	0.20516507299300843	-0.206174355563869	-0.2034953456806326	0.19693774031717118	-0.1863579506666435	-0.1715870517706084	-0.15254442692796044	-0.12927878473925325	-0.10207515725087271	-0.0720118905299891	-0.04117509758006416	0.012757262815678391	-0.012754169848829738	0.04117662814310136	-0.0720185561891907	0.1020859996766462	0.12929215138769434	-0.15255883690176014	0.1716011497548855	-0.1863707394576345	-0.19694840260584573	0.2035032239750438	0.20617887112694094	0.2051658043031315	-0.20063436530878642	-0.19282380577393227	-0.18196957116572798	-0.16840500766232397	0.1524945573549164	0.13466882246125347	0.11544425642337629	0.09542077998033008	-0.07527257841140078	-0.055807917302519335	0.037882227359372446	-0.02237515255312054	0.009926442227220238
0.004503829782185725	-0.010223127425438608	0.01749593149537301	-0.026148073805036733	0.03591190603132649	-0.046531946641309836	0.05777754649914346	0.0694669241323165	-0.08145273791123812	0.09360162760295666	-0.1058240297880509	-0.11802519182838239	-0.13013274264933822	0.14207301143966644	-0.1537878155185171	-0.16517275254370062	0.17613804448620632	-0.18644914785423716	-0.1958625050470553	-0.203778128057542	-0.20963731912524264	-0.212002532406692	-0.2101417173284365	-0.20337107057307147	0.19636107445084253	0.19648168628535095	-0.20341913702118475	0.210175336834486	-0.2120283775358083	-0.20965685400651837	0.2037924314555803	-0.19587218258192476	0.1864549200470275	0.1761404139457353	-0.1651721280370986	-0.1537844844681835	-0.14206724072119192	0.13012469273488703	0.11801509061309065	0.10581202438111624	0.09358790095094745	-0.0814376077667901	-0.06945064675915744	-0.05776053476622252	-0.04651474834340695	0.03589514943383625	0.026132676025968804	-0.01748284015104343	0.010213286396002089	-0.004497999653548795
