0.03440163550131822
0.0320521611675646
0.031015338496717792
0.030473552949475624
0.03015272140672711
0.029941316877506285
0.02978399363924896
0.029638317746552446
0.02953269433047019
0.029475131248384905
0.029444821255992654
0.029431577159839836
0.029431736567910233
0.02944305881937914
0.02945978755226094
0.02948193297002176
0.029509547850626764
0.029541853135585945
0.029577310496380065
0.02960845904901434
0.02962561012407848
0.029599853914364455
0.029519716240642563
0.029398920729246214
0.029313665657419437
0.029313658053456686
0.029398917354027512
0.02951971303758391
0.02959985234848629
0.029625609495447583
0.02960845828094451
0.02957731124066148
0.029541853407821252
0.0295095478318805
0.029481933526523858
0.02945978855620028
0.02944305962449067
0.029431737409701182
0.029431577336282082
0.02944482066412426
0.029475131139868813
0.0295326940431498
0.029638317425405847
0.029783993927998336
0.029941318372263905
0.03015272456848043
0.03047355154919648
0.031015334700153108
0.032052164119775656
0.03440163726574967
