0.9984397124874818
0.9984233002345103
0.9983983709433465
0.9983647719448184
0.9983217822795075
0.9982683040765885
0.998202886471296
0.9981236439870192
0.9980281265045667
0.9979131302014508
0.997774399371677
0.9976062278510315
0.9974007519913429
0.9971469461449443
0.9968288319487411
0.9964225371858347
0.9958907608955441
0.995172548050578
0.994161181077455
0.9926556312825566
0.9902299020638196
0.985842884732471
0.9762975459650977
0.947545117266499
0.7892251094245284
0.21077493589432394
0.05245488738951465
0.02370245164681739
0.014157112675668881
0.009770096417883178
0.007344367617863945
0.005838818487557962
0.004827451711993374
0.00410923878139385
0.0035774625703077706
0.003171168003489352
0.002853053840226233
0.002599248004972278
0.0023937722370129533
0.0022256006845082507
0.002086869836042159
0.0019718735255125517
0.001876355974327924
0.0017971135053539773
0.0017316959130012528
0.0016782177040328486
0.0016352280824533253
0.0016016290834621255
0.0015766997938731974
0.0015602875423668143
