0.034401637274752886
0.032052164121518706
0.031015334699541507
0.030473551548462013
0.03015272456836956
0.029941318372392615
0.029783993927993364
0.02963831742531451
0.029532694043045184
0.029475131139790868
0.02944482066408501
0.029431577336258258
0.029431737409679744
0.02944305962446872
0.02945978855617492
0.02948193352649909
0.029509547831855693
0.029541853407800717
0.02957731124064972
0.029608458280937493
0.02962560949544321
0.02959985234848032
0.029519713037580806
0.02939891735402378
0.029313658053478762
0.029313665657407426
0.029398920729240434
0.029519716240639926
0.029599853914369922
0.029625610124095397
0.029608459049040074
0.02957731049641418
0.02954185313561926
0.029509547850657472
0.029481932970047652
0.029459787552276046
0.029443058819383687
0.02943173656791949
0.029431577159854158
0.029444821256021596
0.02947513124846661
0.02953269433058729
0.029638317746662455
0.029783993639244145
0.029941316877387325
0.030152721406807803
0.030473552950125847
0.031015338497195052
0.032052161165875726
0.03440163549244648
