0.5000329372399073	0.41882487901248117	-2.3133747185005494e-5	-0.1622810587235618	1.8462541087906364e-5	0.10050892161007474	-1.5261389900623454e-5	-0.07144076184897553	1.2848080421281405e-5	0.05436285417515543	-1.0944453855719014e-5	-0.043101727213439786	9.399965104936707e-6	0.03512954394366229	-8.121805038314815e-6	-0.02920933036201939	7.048297893640114e-6	0.024660844758599688	-6.135022794809221e-6	-0.021077830850815014	5.351026969372357e-6	0.01820178095903558	-4.668460175983429e-6	-0.015860222495193046	4.08264978869359e-6	0.013933508335088073	-3.5545499028744374e-6	-0.01233564981026311	3.0894579598257376e-6	0.011003565279479119	-2.6761518317729817e-6	-0.009889983132032515	2.3050317358241724e-6	0.008958746702630976	-1.968313793876049e-6	-0.00818185754976428	1.6628313148952057e-6	0.007537112142741618	-1.373687043409379e-6	-0.0070071460754793004	1.1104157476866691e-6	0.0065777945866097014	-8.638565224172114e-7	-0.006237261927172004	6.297042919929322e-7	0.005975783974478681	-4.0642765182678756e-7	-0.005785261578726081	1.947270637824717e-7	0.00566034345549777
0.41882487901248117	0.49998884089528733	0.2555829823900616	4.830677239213335e-6	-0.061201164565334414	-3.1464608848527994e-6	0.028694755086201312	2.2983653731928647e-6	-0.016812962818711644	-1.7782312901098498e-6	0.011060966805062898	1.4251451490163324e-6	-0.007813500973389976	-1.1700654104268607e-6	0.005789857963765422	9.77671329590134e-7	-0.004438576763460124	-8.288048014944567e-7	0.0034888616539711574	7.101174448625115e-7	-0.00279425572595117	-6.148499567191027e-7	0.0022698672226929605	5.332385926650281e-7	-0.0018634931243667534	-4.7347236876045663e-7	0.0015414086005512936	4.1873188856427224e-7	-0.0012811817249876055	-3.7244338129706753e-7	0.0010673174305366752	3.340941967027791e-7	-0.0008887452750871418	-3.023941257294678e-7	0.0007373640461531734	2.762170380630692e-7	-0.0006070932968785643	-2.5512616335381015e-7	0.0004933207158563257	2.3678515216982561e-7	-0.0003924158872055754	-2.2234988413732496e-7	0.00030148297915832695	2.1124612965156702e-7	-0.00021824645700181254	-2.0293085859441812e-7	0.00014092568083290657	1.9699416681639846e-7	-6.828259608269223e-5	-1.9318026540809962e-7
-2.3133747185005494e-5	0.2555829823900616	0.5000305099852125	0.35778038687967223	-2.0459255440512965e-5	-0.1338280585240783	1.6281385097606153e-5	0.08392951349134048	-1.3488953734290301e-5	-0.0605865337226508	1.1392190063290068e-5	0.046727186553690084	-9.733333861474138e-6	-0.037463307346427846	8.380641241295375e-6	0.030819695613414036	-7.254703370299811e-6	-0.025830074700556326	6.303516161295698e-6	0.021960228961396513	-5.490353405496828e-6	-0.018888335713261303	4.785774987743288e-6	0.016407803347085678	-4.1791408915890485e-6	-0.014379409062077284	3.6374596639512606e-6	0.012705399226080384	-3.160251094151178e-6	-0.011315208715073296	2.7361274795807916e-6	0.010156639108737629	-2.3555153804585612e-6	-0.009190206090324728	2.0105085524186623e-6	0.008385605167691722	-1.6977694836893046e-6	-0.007719001638146379	1.4022671607758252e-6	0.007171846661053727	-1.1331775517121927e-6	-0.0067291063745477725	8.8131328647359e-7	0.00637833649421406	-6.422795896754915e-7	-0.006109277380056371	4.144682327036714e-7	0.005913452031571894	-1.9854893694698616e-7	-0.0057852585148767035
-0.1622810587235618	4.830677239213335e-6	0.35778038687967223	0.49998403279924186	0.28462469334897017	7.64592996478202e-6	-0.07827578497914359	-5.204578981137391e-6	0.03995945755048346	3.908551777925257e-6	-0.024791453511446754	-3.083209558989583e-6	0.01698792235576252	2.507163379118103e-6	-0.012367849206320168	-2.082034331955444e-6	0.00937724190611558	1.7568466094086816e-6	-0.007317546187905186	-1.5005602430986594e-6	0.0058320335850849765	1.2960251211314048e-6	-0.004721592607919929	-1.1229499262812593e-6	0.003867188229622957	9.941351079314113e-7	-0.0031935627635656773	-8.782809891124639e-7	0.0026514016418189095	7.807076163781976e-7	-0.0022070764839483463	-6.998921645771364e-7	0.001836823279300117	6.330680647986511e-7	-0.0015234007538003204	-5.778802016139829e-7	0.001253958143643944	5.333786133362779e-7	-0.0010187971838460093	-4.948145441787486e-7	0.0008103220291913716	4.6444307675776773e-7	-0.0006224972976398229	-4.410667705317288e-7	0.00045059306527033693	4.2355891753634783e-7	-0.0002909205592281354	-4.1106365695376937e-7	0.00014092999948209564	4.0304501300692864e-7
1.8462541087906364e-5	-0.061201164565334414	-2.0459255440512965e-5	0.28462469334897017	0.5000295410391239	0.34078015156298475	-1.9007842670055492e-5	-0.12272015063954139	1.4950273811559546e-5	0.0761242515733736	-1.2330933628440167e-5	-0.05482595531265849	1.0394664810381419e-5	0.04232446766448597	-8.873442489980844e-6	-0.034010669729375456	7.635600869298747e-6	0.02805977222003607	-6.606346716187537e-6	-0.02359153720302676	5.735369218417674e-6	0.020124760875616717	-4.988666540973492e-6	-0.017371669274508818	4.34275738619617e-6	0.015148441433539274	-3.776539552315221e-6	-0.013331424575192775	3.277816234636953e-6	0.011834043813346231	-2.834738209090749e-6	-0.010593801272453594	2.437724818962858e-6	0.009564388904905158	-2.0786171159036133e-6	-0.008710849527835284	1.7536737590601737e-6	0.008006109435960751	-1.4478134106387311e-6	-0.0074292929586618674	1.1692222257220924e-6	0.006963684989669315	-9.087897180075176e-7	-0.006595605898690745	6.619788332599393e-7	0.006313863683306164	-4.270239848494204e-7	-0.006109279231266133	2.0450836865820662e-7	0.0059757823654080335
0.10050892161007474	-3.1464608848527994e-6	-0.1338280585240783	7.64592996478202e-6	0.34078015156298475	0.4999810949821067	0.29602255629898744	9.532050068471446e-6	-0.08636127566566791	-6.6568390773595356e-6	0.045970673532545366	5.085363667082238e-6	-0.0294138020247337	-4.0626848350961884e-6	0.02063160391496087	3.337165273484182e-6	-0.015294163920692922	-2.794247423982505e-6	0.011760253864949737	2.3742697404060627e-6	-0.009278471912512421	-2.04238545197612e-6	0.007458038498879346	1.766908099194904e-6	-0.00607669854782655	-1.5570984020249424e-6	0.004999053398814891	1.3733336073771887e-6	-0.004138646072429743	-1.2195354981680267e-6	0.003437808412409728	1.0922345169457288e-6	-0.002856552622431441	-9.869429005998787e-7	0.002366305882601725	8.999666665084567e-7	-0.00194603818327152	-8.298473600880439e-7	0.0015800331975495063	7.692498133890343e-7	-0.0012560929536884536	-7.215271114098502e-7	0.0009645972040286074	6.848029361714057e-7	-0.0006980432027740024	-6.573162449947882e-7	0.00045060408428952323	6.377246756982887e-7	-0.00021825839014237306	-6.251821526488145e-7
-1.5261389900623454e-5	0.028694755086201312	1.6281385097606153e-5	-0.07827578497914359	-1.9007842670055492e-5	0.29602255629898744	0.5000288863037935	0.33273860097675106	-1.8045473228888812e-5	-0.11680498009695704	1.4037573974952646e-5	0.07161301777516303	-1.1511690499068602e-5	-0.05129268280065602	9.669895139612134e-6	0.03950164526771348	-8.234182660978893e-6	-0.03172132992078182	7.071415365975608e-6	0.026182704590794935	-6.105369368438375e-6	-0.022040461633821836	5.290931833492468e-6	0.01883633583188731	-4.5846249881633915e-6	-0.016298642264369074	3.9801884715423635e-6	0.014255181197553377	-3.4486601500128975e-6	-0.012590623235099482	2.9771554788357146e-6	0.011224571281264837	-2.5558251895301833e-6	-0.010099152433819474	2.1760076658151732e-6	0.00917167715337364	-1.833238237939389e-6	-0.008409775854994726	1.5125194853345935e-6	0.007788813144638479	-1.2202556894601675e-6	-0.007289389922357142	9.475605469858765e-7	0.006895875804209615	-6.897018946253383e-7	-0.006595619181651825	4.4466376594953305e-7	0.006378350624557491	-2.1287585386717928e-7	-0.0062372714419447
-0.07144076184897553	2.2983653731928647e-6	0.08392951349134048	-5.204578981137391e-6	-0.12272015063954139	9.532050068471446e-6	0.33273860097675106	0.49997915848747965	0.3020938882725988	1.0869521035712758e-5	-0.09103358434622147	-7.724968232477937e-6	0.049653774543026344	5.973231384459238e-6	-0.0323714868274427	-4.816693431507122e-6	0.023040369059615345	3.986192354222834e-6	-0.017276846913849862	-3.3601823151883415e-6	0.01340433582778634	2.87298504560221e-6	-0.010648331568411695	-2.4798329839631064e-6	0.008602293356338959	2.171373251876562e-6	-0.007032234938263439	-1.9105797957314045e-6	0.005794443385459753	1.6943022258650398e-6	-0.004796041650559692	-1.5155043376187642e-6	0.003974319574590398	1.3675777342307137e-6	-0.0032854274276037836	-1.245337313180768e-6	0.002697670879166558	1.146854030043531e-6	-0.002187702531429922	-1.0619872319642912e-6	0.0017376433068986214	9.951669724692707e-7	-0.0013335486857002613	-9.437728212378979e-7	0.0009646229826559563	9.053481489845773e-7	-0.0006225289123011256	-8.780144579342118e-7	0.0003015071758887363	8.605762179727389e-7
1.2848080421281405e-5	-0.016812962818711644	-1.3488953734290301e-5	0.03995945755048346	1.4950273811559546e-5	-0.08636127566566791	-1.8045473228888812e-5	0.3020938882725988	0.5000283374697339	0.3280921868669457	-1.7332277549014515e-5	-0.11317997406534056	1.3359387685657583e-5	0.06872442442741306	-1.089494263544174e-5	-0.048953966364566476	9.116395703281208e-6	0.03758577220545684	-7.738052423227524e-6	-0.03013838764040011	6.625724889948563e-6	0.024868075315448487	-5.708834184807829e-6	-0.020945892048668795	4.918804269528933e-6	0.0179249610948323	-4.258100748310065e-6	-0.015542452276695129	3.6797692450691544e-6	0.013632398598710212	-3.168763687401119e-6	-0.01208431881205761	2.714150727391452e-6	0.010821594749704636	-2.306236742923313e-6	-0.009789357397372675	1.9393608733426387e-6	0.008947083765268076	-1.598802036987977e-6	-0.00826445082308817	1.2881894697262634e-6	0.0077180587666316695	-9.990720235098466e-7	-0.007289405328972847	7.264777180039881e-7	0.006963711103735978	-4.680392341902478e-7	-0.006729130377565359	2.2395907966694082e-7	0.0065778116472400274
0.05436285417515543	-1.7782312901098498e-6	-0.0605865337226508	3.908551777925257e-6	0.0761242515733736	-6.6568390773595356e-6	-0.11680498009695704	1.0869521035712758e-5	0.3280921868669457	0.4999778246648993	0.30580821979690787	1.1840540278717783e-5	-0.09401752751722678	-8.52214741691514e-6	0.052083127810099564	6.6495177342421665e-6	-0.03437020780837249	-5.401126405960256e-6	0.024697346465064128	4.497675707536964e-6	-0.0186577698365274	-3.811243804133633e-6	0.014557621543460722	3.277572447930828e-6	-0.011611109471398241	-2.8461064970480707e-6	0.009403408867991528	2.4962734162064493e-6	-0.007694182000966259	-2.2096788445073483e-6	0.006334756806603543	1.9732843152281777e-6	-0.005228206450793033	-1.7777117378777411e-6	0.00430863170930067	1.6160460043298635e-6	-0.0035295079677212958	-1.4859139664233046e-6	0.0028572028728339515	1.3741751264539693e-6	-0.002266415671813608	-1.286212862393668e-6	0.0017377052818634236	1.2185971232988649e-6	-0.0012561707490560514	-1.1681143299157183e-6	0.0008103910200252909	1.132295661426159e-6	-0.00039246038808958485	-1.1095481878241331e-6
-1.0944453855719014e-5	0.011060966805062898	1.1392190063290068e-5	-0.024791453511446754	-1.2330933628440167e-5	0.045970673532545366	1.4037573974952646e-5	-0.09103358434622147	-1.7332277549014515e-5	0.30580821979690787	0.5000278710647078	0.3251231348472914	-1.6779130603353104e-5	-0.11078551157268927	1.2834372217769298e-5	0.06676815000581894	-1.0413318141447321e-5	-0.04734065431915645	8.67874137258691e-6	0.036247223771623725	-7.340854277326416e-6	-0.029023890304952664	6.267872663907833e-6	0.023940371257872836	-5.367768232879618e-6	-0.020176168648503325	4.623842326539534e-6	0.01729113560087979	-3.979559697739159e-6	-0.01502707173459939	3.4153602674724884e-6	0.013221824823558647	-2.917095336280085e-6	-0.01176808177073065	2.472831611792482e-6	0.010591800134560935	-2.074903852211806e-6	-0.009640025344966314	1.7090759849235749e-6	0.008873984902138428	-1.3749522895841014e-6	-0.008264455594945763	1.064794729710724e-6	0.007788823895745773	-7.733579403092552e-7	-0.007429304539393538	4.978171964543559e-7	0.007171848328990644	-2.3807124754900767e-7	-0.0070071359663824604
-0.043101727213439786	1.4251451490163324e-6	0.046727186553690084	-3.083209558989583e-6	-0.05482595531265849	5.085363667082238e-6	0.07161301777516303	-7.724968232477937e-6	-0.11317997406534056	1.1840540278717783e-5	0.3251231348472914	0.49997687316563033	0.3082558018589517	1.2564698199321699e-5	-0.09603150700577402	-9.13089603414927e-6	0.05375192675711355	7.175647342118923e-6	-0.03575997018716425	-5.863037555540174e-6	0.025857552087738444	4.905578907202041e-6	-0.01962664455914747	-4.189166305179257e-6	0.01536374943675773	3.6037602984327448e-6	-0.012277047752998848	-3.1475652663124994e-6	0.009946619078156119	2.7787144917266894e-6	-0.008128413194742917	-2.4755475331908854e-6	0.006670582402691084	2.2249999227218663e-6	-0.005473533485963724	-2.0179805447982055e-6	0.004468987251830701	1.8515528190748303e-6	-0.003608721172266072	-1.709437823668187e-6	0.002857250755958554	1.5975808429009772e-6	-0.0021878110736930417	-1.5116549965440311e-6	0.0015801488859716354	1.4476173628504188e-6	-0.0010188927996769	-1.4023379942872433e-6	0.0004933796943629039	1.3737582554309799e-6
9.399965104936707e-6	-0.007813500973389976	-9.733333861474138e-6	0.01698792235576252	1.0394664810381419e-5	-0.0294138020247337	-1.1511690499068602e-5	0.049653774543026344	1.3359387685657583e-5	-0.09401752751722678	-1.6779130603353104e-5	0.3082558018589517	0.5000274718539586	0.32311741385025883	-1.633605356607208e-5	-0.10913750081907912	1.2414506155339918e-5	0.06540427289727402	-1.00252447734202e-5	-0.04620729410600552	8.32287311187702e-6	0.035304803576286285	-7.008032412519429e-6	-0.028241983588771155	5.965138322799689e-6	0.02329621801192999	-5.096692718639901e-6	-0.01965233669632318	4.359965988857524e-6	0.016873907522423355	-3.7256400109015772e-6	-0.014705657315253168	3.1718090266883542e-6	0.012988034672720592	-2.6819736428735614e-6	-0.011615933657972954	2.2451883341550137e-6	0.010517079805291943	-1.8479436895904248e-6	-0.009640033584814385	1.4843364540029676e-6	0.008947083309132488	-1.1477018787903165e-6	-0.0084097592301678	8.3251813088503e-7	0.008006074149772197	-5.354060172264556e-7	-0.007718942363112177	2.558900513556365e-7	0.007537033029018599
0.03512954394366229	-1.1700654104268607e-6	-0.037463307346427846	2.507163379118103e-6	0.04232446766448597	-4.0626848350961884e-6	-0.05129268280065602	5.973231384459238e-6	0.06872442442741306	-8.52214741691514e-6	-0.11078551157268927	1.2564698199321699e-5	0.32311741385025883	0.49997617298370167	0.3099362565257876	1.3118942116408953e-5	-0.09743085198134016	-9.607079210517924e-6	0.05491949932425688	7.5945908056731994e-6	-0.03673411003790342	-6.238620848442142e-6	0.02666763324579806	5.245592847999679e-6	-0.020295751791133777	-4.480197031266344e-6	0.01590990615731082	3.89366976510824e-6	-0.01271360272151257	-3.4227665414622917e-6	0.010284007905623291	3.03745776155376e-6	-0.008374675455087868	-2.720133764726907e-6	0.006831557695886528	2.4586470872247893e-6	-0.00555290862853544	-2.2489458510363464e-6	0.004468894467813779	2.0715166914276543e-6	-0.0035294682909195996	-1.931939084671985e-6	0.002697704626560218	1.824833527416436e-6	-0.001946093960110989	-1.7452217763748972e-6	0.0012540122760142168	1.6892054617252625e-6	-0.0006071319594254098	-1.6541515535825851e-6
-8.121805038314815e-6	0.005789857963765422	8.380641241295375e-6	-0.012367849206320168	-8.873442489980844e-6	0.02063160391496087	9.669895139612134e-6	-0.0323714868274427	-1.089494263544174e-5	0.052083127810099564	1.2834372217769298e-5	-0.09603150700577402	-1.633605356607208e-5	0.3099362565257876	0.5000271278860433	0.32172241441746735	-1.5971488205373823e-5	-0.10798217528544513	1.2068753309088367e-5	0.06444577727925074	-9.70243601413227e-6	-0.04541352606344058	8.021759089308858e-6	0.034651621650201345	-6.740615180704231e-6	-0.027711006683253343	5.6902220309933586e-6	0.02287279448591183	-4.833855185887305e-6	-0.01932592572589791	4.114209839546711e-6	0.016636407467722346	-3.493678816092934e-6	-0.01455100707531508	2.9484993705444138e-6	0.012911989575995255	-2.4635015107387974e-6	-0.011615920436236793	2.0267827408494647e-6	0.010591832021054716	-1.6256071647571787e-6	-0.009789392730168961	1.2549588159370404e-6	0.009171689813484043	-9.091430194807202e-7	-0.0087108337413352	5.841571197305333e-7	0.008385556760971911	-2.790578700683969e-7	-0.008181783171235574
-0.02920933036201939	9.77671329590134e-7	0.030819695613414036	-2.082034331955444e-6	-0.034010669729375456	3.337165273484182e-6	0.03950164526771348	-4.816693431507122e-6	-0.048953966364566476	6.6495177342421665e-6	0.06676815000581894	-9.13089603414927e-6	-0.10913750081907912	1.3118942116408953e-5	0.32172241441746735	0.4999756420617821	0.3111117468223241	1.3554617112508097e-5	-0.09841132191778473	-9.989533728840231e-6	0.0557343555663231	7.937589551404805e-6	-0.03740666427551293	-6.5456682496473265e-6	0.02721606080206806	5.5418779412239315e-6	-0.020733796470725176	-4.75745019596197e-6	0.016248691672393387	4.14300620143849e-6	-0.012960991752738446	-3.654540510544215e-6	0.010445721897535508	3.2605596591641974e-6	-0.008454572552245411	-2.9399500189502972e-6	0.006831550207917852	2.6844640098510463e-6	-0.005473435603988977	-2.4709715222488968e-6	0.004308569927483912	2.302913632493149e-6	-0.0032854282745307167	-2.173816844918938e-6	0.0023663264872217007	2.077880811744768e-6	-0.0015234263018317408	-2.0105193637068347e-6	0.0007373874723534341	1.968550052075589e-6
7.048297893640114e-6	-0.004438576763460124	-7.254703370299811e-6	0.00937724190611558	7.635600869298747e-6	-0.015294163920692922	-8.234182660978893e-6	0.023040369059615345	9.116395703281208e-6	-0.03437020780837249	-1.0413318141447321e-5	0.05375192675711355	1.2414506155339918e-5	-0.09743085198134016	-1.5971488205373823e-5	0.3111117468223241	0.5000268283733726	0.3207440560887625	-1.566345192054657e-5	-0.10717441674099878	1.1775220752287391e-5	0.06378250870106761	-9.426194321992509e-6	-0.044874962227486034	7.75588270977856e-6	0.034222696483550426	-6.486311675499408e-6	-0.027380579084066995	5.4603171123539915e-6	0.022632259345231047	-4.610274803430487e-6	-0.01916923455075937	3.889438179439203e-6	0.016559360322469897	-3.265478987133599e-6	-0.014550964705950171	2.715940494851212e-6	0.012987984451324975	-2.2292518018499297e-6	-0.011768126245174218	1.7828761693242154e-6	0.010821666000558476	-1.3727751954969376e-6	-0.010099201915524955	9.92426902287758e-7	0.009564405409570426	-6.366938932529279e-7	-0.009190184604266675	3.0383324219327264e-7	0.008958694211519826
0.024660844758599688	-8.288048014944567e-7	-0.025830074700556326	1.7568466094086816e-6	0.02805977222003607	-2.794247423982505e-6	-0.03172132992078182	3.986192354222834e-6	0.03758577220545684	-5.401126405960256e-6	-0.04734065431915645	7.175647342118923e-6	0.06540427289727402	-9.607079210517924e-6	-0.10798217528544513	1.3554617112508097e-5	0.3207440560887625	0.4999752268110365	0.3119321150150686	1.3907380002424546e-5	-0.09908813876751989	-1.0306211915792368e-5	0.056285735774055524	8.228316012085372e-6	-0.03784693852318359	-6.816851274438982e-6	0.0275562900309378	5.7877557878849365e-6	-0.02098212022752169	-4.998557662318382e-6	0.016411028899635038	4.380218476945845e-6	-0.013041134676692505	-3.887283897096854e-6	0.010445735606830134	3.489500721984006e-6	-0.008374714908318022	-3.173463749312039e-6	0.006670560990685999	2.9139031466748955e-6	-0.005228188282212622	-2.7093574774598504e-6	0.003974329732325754	2.552107551910707e-6	-0.0028565625853251785	-2.4354502088666253e-6	0.0018368325876969482	2.353948641409724e-6	-0.000888758076768363	-2.3036730549926476e-6
-6.135022794809221e-6	0.0034888616539711574	6.303516161295698e-6	-0.007317546187905186	-6.606346716187537e-6	0.011760253864949737	7.071415365975608e-6	-0.017276846913849862	-7.738052423227524e-6	0.024697346465064128	8.67874137258691e-6	-0.03575997018716425	-1.00252447734202e-5	0.05491949932425688	1.2068753309088367e-5	-0.09841132191778473	-1.566345192054657e-5	0.3119321150150686	0.5000265630676294	0.32006814192562316	-1.539520516455188e-5	-0.10662704134586935	1.1517100458379132e-5	0.06334751533413928	-9.178268585812803e-6	-0.044540203611615134	7.520312096433859e-6	0.03397922357218761	-6.251430115409451e-6	-0.02722195731518825	5.23020161914283e-6	0.022554208818124435	-4.382917017608399e-6	-0.01916926806278426	3.661392813130877e-6	0.01663637660141355	-3.032119908928181e-6	-0.014705586657019253	2.483140252475375e-6	0.013221866253609698	-1.980812262340658e-6	-0.012084392435466815	1.5216107126147819e-6	0.011224614442655583	-1.0979617434634534e-6	-0.010593802904937864	7.034361757261372e-7	0.010156596229943771	-3.353897907925694e-7	-0.009889903916611313
-0.021077830850815014	7.101174448625115e-7	0.021960228961396513	-1.5005602430986594e-6	-0.02359153720302676	2.3742697404060627e-6	0.026182704590794935	-3.3601823151883415e-6	-0.03013838764040011	4.497675707536964e-6	0.036247223771623725	-5.863037555540174e-6	-0.04620729410600552	7.5945908056731994e-6	0.06444577727925074	-9.989533728840231e-6	-0.10717441674099878	1.3907380002424546e-5	0.32006814192562316	0.4999748907181092	0.3124872594079244	1.4202995846722802e-5	-0.09953120134589123	-1.0578325095657198e-5	0.05662777209482567	8.482829275140417e-6	-0.03809642538614176	-7.060805039948388e-6	0.027719273531977014	6.021161340732243e-6	-0.021062599734669663	-5.227717397051738e-6	0.016411028240775352	4.60762701063247e-6	-0.012960967658098415	-4.114389346545917e-6	0.010284042735845779	3.724215293679849e-6	-0.008128445666993082	-3.4111980660782057e-6	0.0063347508592554004	3.164183042545273e-6	-0.004796018889530078	-2.9739737396778093e-6	0.0034377660165957314	2.8330344033971994e-6	-0.0022070364802753446	-2.735052276066137e-6	0.001067300981122446	2.6752355639853617e-6
5.351026969372357e-6	-0.00279425572595117	-5.490353405496828e-6	0.0058320335850849765	5.735369218417674e-6	-0.009278471912512421	-6.105369368438375e-6	0.01340433582778634	6.625724889948563e-6	-0.0186577698365274	-7.340854277326416e-6	0.025857552087738444	8.32287311187702e-6	-0.03673411003790342	-9.70243601413227e-6	0.0557343555663231	1.1775220752287391e-5	-0.09908813876751989	-1.539520516455188e-5	0.3124872594079244	0.5000263220271562	0.319625386298305	-1.5153034274634956e-5	-0.10628712243711666	1.1280841620055162e-5	0.06310073554356614	-8.947053644413433e-6	-0.04437962549847026	7.293085852890247e-6	0.033900267736559006	-6.023646915996614e-6	-0.027221950337675372	5.001550585501846e-6	0.022632290755731792	-4.150175408981941e-6	-0.019325912363947782	3.4181349072725964e-6	0.0168738248287537	-2.7892342072155644e-6	-0.01502709899698237	2.2183995407179195e-6	0.013632467151883048	-1.6999641691376193e-6	-0.012590667160433075	1.224302003410544e-6	0.011834053735535728	-7.832685876193661e-7	-0.011315180050387045	3.7311021395144285e-7	0.011003500940188645
0.01820178095903558	-6.148499567191027e-7	-0.018888335713261303	1.2960251211314048e-6	0.020124760875616717	-2.04238545197612e-6	-0.022040461633821836	2.87298504560221e-6	0.024868075315448487	-3.811243804133633e-6	-0.029023890304952664	4.905578907202041e-6	0.035304803576286285	-6.238620848442142e-6	-0.04541352606344058	7.937589551404805e-6	0.06378250870106761	-1.0306211915792368e-5	-0.10662704134586935	1.4202995846722802e-5	0.319625386298305	0.4999746078631238	0.312831664296729	1.4460894998130478e-5	-0.09978225575129049	-1.0822204268248411e-5	0.05679164042524795	8.717508259835537e-6	-0.03817726284489085	-7.290696903572064e-6	0.027719273154716943	6.2483730123385295e-6	-0.020982134259122733	-5.456430595922174e-6	0.01624863328797035	4.8392593286165776e-6	-0.012713624116035762	-4.353729124262581e-6	0.009946731030595062	3.975479840303269e-6	-0.007694210749515612	-3.6769350363846757e-6	0.005794396936047817	3.4467530898501743e-6	-0.004138553020334452	-3.276455448893661e-6	0.0026513099590216955	3.1587171291114747e-6	-0.0012811329075018702	-3.087681221590889e-6
-4.668460175983429e-6	0.0022698672226929605	4.785774987743288e-6	-0.004721592607919929	-4.988666540973492e-6	0.007458038498879346	5.290931833492468e-6	-0.010648331568411695	-5.708834184807829e-6	0.014557621543460722	6.267872663907833e-6	-0.01962664455914747	-7.008032412519429e-6	0.02666763324579806	8.021759089308858e-6	-0.03740666427551293	-9.426194321992509e-6	0.056285735774055524	1.1517100458379132e-5	-0.09953120134589123	-1.5153034274634956e-5	0.312831664296729	0.5000260954019764	0.31937439629212255	-1.492487678334707e-5	-0.10612416231868411	1.105415954224834e-5	0.06302072674437784	-8.720301104539774e-6	-0.04437962635392463	7.064171273410184e-6	0.03397921841797605	-5.79024527356912e-6	-0.027380585111135447	4.761253603723881e-6	0.02287283385069454	-3.894731442090679e-6	-0.019652276827794895	3.160284477871056e-6	0.017291116915778143	-2.5052241951350386e-6	-0.015542469793282877	1.9153743620759258e-6	0.014255196657837388	-1.3770592351754973e-6	-0.01333143819292896	8.798648420110524e-7	0.012705401112581808	-4.1877396409125013e-7	-0.012335627841515871
-0.015860222495193046	5.332385926650281e-7	0.016407803347085678	-1.1229499262812593e-6	-0.017371669274508818	1.766908099194904e-6	0.01883633583188731	-2.4798329839631064e-6	-0.020945892048668795	3.277572447930828e-6	0.023940371257872836	-4.189166305179257e-6	-0.028241983588771155	5.245592847999679e-6	0.034651621650201345	-6.5456682496473265e-6	-0.044874962227486034	8.228316012085372e-6	0.06334751533413928	-1.0578325095657198e-5	-0.10628712243711666	1.4460894998130478e-5	0.31937439629212255	0.4999743590357757	0.3129966792674157	1.4696477819406164e-5	-0.09986360074061555	-1.1051693625226085e-5	0.056791640715073394	8.944889542937533e-6	-0.03809642142888394	-7.518668329329282e-6	0.027556320595719358	6.481229072100326e-6	-0.02073373039066775	-5.69646534875531e-6	0.01590985921504551	5.084790186586294e-6	-0.012277204064384893	-4.622854739423668e-6	0.009403481307620283	4.260183230808094e-6	-0.007032198622666773	-3.9811691973740684e-6	0.004998952070560462	3.7754294533925285e-6	-0.003193453849752007	-3.6341103024353923e-6	0.0015413448713562994	3.5499201389765575e-6
4.08264978869359e-6	-0.0018634931243667534	-4.1791408915890485e-6	0.003867188229622957	4.34275738619617e-6	-0.00607669854782655	-4.5846249881633915e-6	0.008602293356338959	4.918804269528933e-6	-0.011611109471398241	-5.367768232879618e-6	0.01536374943675773	5.965138322799689e-6	-0.020295751791133777	-6.740615180704231e-6	0.02721606080206806	7.75588270977856e-6	-0.03784693852318359	-9.178268585812803e-6	0.05662777209482567	1.1280841620055162e-5	-0.09978225575129049	-1.492487678334707e-5	0.3129966792674157	0.5000258731286038	0.31929305418957576	-1.4699271191966286e-5	-0.1061241623227221	1.0825321411238127e-5	0.06310073478001703	-8.486439408548604e-6	-0.044540217188840395	6.822104987127645e-6	0.03422262072358444	-5.538952177193307e-6	-0.027711112964649617	4.492274735864975e-6	0.02329627207896402	-3.6131146749366946e-6	-0.020176100405307134	2.852859132012009e-6	0.017924885316079005	-2.1764914113870895e-6	-0.01629859377700746	1.562490418312911e-6	0.015148444590102495	-9.972439736807724e-7	-0.014379448558343808	4.7429981420392426e-7	0.013933548171310215
0.013933508335088073	-4.7347236876045663e-7	-0.014379409062077284	9.941351079314113e-7	0.015148441433539274	-1.5570984020249424e-6	-0.016298642264369074	2.171373251876562e-6	0.0179249610948323	-2.8461064970480707e-6	-0.020176168648503325	3.6037602984327448e-6	0.02329621801192999	-4.480197031266344e-6	-0.027711006683253343	5.5418779412239315e-6	0.034222696483550426	-6.816851274438982e-6	-0.044540203611615134	8.482829275140417e-6	0.06310073554356614	-1.0822204268248411e-5	-0.10612416231868411	1.4696477819406164e-5	0.31929305418957576	0.49997412922226314	0.31299667927545327	1.4922770825887774e-5	-0.09978225570380884	-1.1278873363351304e-5	0.05662777404717058	9.176364817920815e-6	-0.03784691187540293	-7.75741052624687e-6	0.027216170561713965	6.734011258362303e-6	-0.020295596258601768	-5.9532459078603295e-6	0.015363776853037992	5.373961209622778e-6	-0.01161116438256992	-4.927827757667088e-6	0.008602314575038893	4.588966728829795e-6	-0.00607668887075998	-4.34127688623762e-6	0.003867156790501047	4.172601587463307e-6	-0.0018634675732234138	-4.073387735553679e-6
-3.5545499028744374e-6	0.0015414086005512936	3.6374596639512606e-6	-0.0031935627635656773	-3.776539552315221e-6	0.004999053398814891	3.9801884715423635e-6	-0.007032234938263439	-4.258100748310065e-6	0.009403408867991528	4.623842326539534e-6	-0.012277047752998848	-5.096692718639901e-6	0.01590990615731082	5.6902220309933586e-6	-0.020733796470725176	-6.486311675499408e-6	0.0275562900309378	7.520312096433859e-6	-0.03809642538614176	-8.947053644413433e-6	0.05679164042524795	1.105415954224834e-5	-0.09986360074061555	-1.4699271191966286e-5	0.31299667927545327	0.5000256443736609	0.3193743962585909	-1.4464550117933958e-5	-0.10628712239055134	1.0582325749918496e-5	0.06334751154486151	-8.232197254990943e-6	-0.04487499642141918	6.553215565113294e-6	0.03465149883614866	-5.257704933402878e-6	-0.02824216119035383	4.177963047728616e-6	0.023940354267027224	-3.2797495904125065e-6	-0.020945805121716995	2.494247310244796e-6	0.018836261930543167	-1.786862830959712e-6	-0.01737165690403624	1.138721621556033e-6	0.016407847511256242	-5.410561856568423e-7	-0.015860279162653586
-0.01233564981026311	4.1873188856427224e-7	0.012705399226080384	-8.782809891124639e-7	-0.013331424575192775	1.3733336073771887e-6	0.014255181197553377	-1.9105797957314045e-6	-0.015542452276695129	2.4962734162064493e-6	0.01729113560087979	-3.1475652663124994e-6	-0.01965233669632318	3.89366976510824e-6	0.02287279448591183	-4.75745019596197e-6	-0.027380579084066995	5.7877557878849365e-6	0.03397922357218761	-7.060805039948388e-6	-0.04437962549847026	8.717508259835537e-6	0.06302072674437784	-1.1051693625226085e-5	-0.1061241623227221	1.4922770825887774e-5	0.3193743962585909	0.49997390600020086	0.31283166431717435	1.515153111458835e-5	-0.09953120119379583	-1.1515656821754831e-5	0.05628573979185868	9.424020874152341e-6	-0.037406626673823766	-8.019329342155021e-6	0.026667775558755234	7.017961591638785e-6	-0.01962649474896584	-6.259306910444787e-6	0.014557551236511894	5.697841066627952e-6	-0.010648356566739913	-5.284667519083836e-6	0.007458119750293465	4.98834976340956e-6	-0.004721658938817605	-4.789066626316189e-6	0.0022698939537544984	4.673282963873213e-6
3.0894579598257376e-6	-0.0012811817249876055	-3.160251094151178e-6	0.0026514016418189095	3.277816234636953e-6	-0.004138646072429743	-3.4486601500128975e-6	0.005794443385459753	3.6797692450691544e-6	-0.007694182000966259	-3.979559697739159e-6	0.009946619078156119	4.359965988857524e-6	-0.01271360272151257	-4.833855185887305e-6	0.016248691672393387	5.4603171123539915e-6	-0.02098212022752169	-6.251430115409451e-6	0.027719273531977014	7.293085852890247e-6	-0.03817726284489085	-8.720301104539774e-6	0.056791640715073394	1.0825321411238127e-5	-0.09978225570380884	-1.4464550117933958e-5	0.31283166431717435	0.5000253968530618	0.31962538619465103	-1.420780328700672e-5	-0.1066270412692035	1.0311511537259815e-5	0.06378250474416619	-7.943267645503242e-6	-0.04541356537757518	6.2427905465854e-6	0.03530470424017965	-4.918954829612774e-6	-0.029023919975735155	3.821279850454478e-6	0.024868127796826112	-2.880393123210333e-6	-0.022040483191810033	2.0500572556385766e-6	0.020124757048121403	-1.3005586104147409e-6	-0.018888328111723383	6.161661895418726e-7	0.018201759573093088
0.011003565279479119	-3.7244338129706753e-7	-0.011315208715073296	7.807076163781976e-7	0.011834043813346231	-1.2195354981680267e-6	-0.012590623235099482	1.6943022258650398e-6	0.013632398598710212	-2.2096788445073483e-6	-0.01502707173459939	2.7787144917266894e-6	0.016873907522423355	-3.4227665414622917e-6	-0.01932592572589791	4.14300620143849e-6	0.022632259345231047	-4.998557662318382e-6	-0.02722195731518825	6.021161340732243e-6	0.033900267736559006	-7.290696903572064e-6	-0.04437962635392463	8.944889542937533e-6	0.06310073478001703	-1.1278873363351304e-5	-0.10628712239055134	1.515153111458835e-5	0.31962538619465103	0.4999736784606649	0.31248725944732486	1.539425860984357e-5	-0.09908813868215295	-1.1774148188770053e-5	0.055734360264561286	9.701311269821629e-6	-0.036734081805083724	-8.320820768872267e-6	0.025857585488950337	7.340667448967985e-6	-0.018657784683130868	-6.6259104719303945e-6	0.013404319771246254	6.1047069077337244e-6	-0.009278470038123546	-5.734341634697728e-6	0.005832023168624102	5.488169540580496e-6	-0.00279423046411477	-5.348056261877173e-6
-2.6761518317729817e-6	0.0010673174305366752	2.7361274795807916e-6	-0.0022070764839483463	-2.834738209090749e-6	0.003437808412409728	2.9771554788357146e-6	-0.004796041650559692	-3.168763687401119e-6	0.006334756806603543	3.4153602674724884e-6	-0.008128413194742917	-3.7256400109015772e-6	0.010284007905623291	4.114209839546711e-6	-0.012960991752738446	-4.610274803430487e-6	0.016411028899635038	5.23020161914283e-6	-0.021062599734669663	-6.023646915996614e-6	0.027719273154716943	7.064171273410184e-6	-0.03809642142888394	-8.486439408548604e-6	0.05662777404717058	1.0582325749918496e-5	-0.09953120119379583	-1.420780328700672e-5	0.31248725944732486	0.5000251157212201	0.3200681417974607	-1.3913753383173982e-5	-0.10717441670111158	9.996439154474408e-6	0.06444577392233819	-7.6020207691937415e-6	-0.04620730127753081	5.872075856245117e-6	0.0362472270881148	-4.5078038812632005e-6	-0.0301383774329684	3.3717549645433663e-6	0.02618269704701873	-2.3874410812065897e-6	-0.02359152283435288	1.5093404292522402e-6	0.02196023751612389	-7.135458929348314e-7	-0.021077853685288042
-0.009889983132032515	3.340941967027791e-7	0.010156639108737629	-6.998921645771364e-7	-0.010593801272453594	1.0922345169457288e-6	0.011224571281264837	-1.5155043376187642e-6	-0.01208431881205761	1.9732843152281777e-6	0.013221824823558647	-2.4755475331908854e-6	-0.014705657315253168	3.03745776155376e-6	0.016636407467722346	-3.654540510544215e-6	-0.01916923455075937	4.380218476945845e-6	0.022554208818124435	-5.227717397051738e-6	-0.027221950337675372	6.2483730123385295e-6	0.03397921841797605	-7.518668329329282e-6	-0.044540217188840395	9.176364817920815e-6	0.06334751154486151	-1.1515656821754831e-5	-0.1066270412692035	1.539425860984357e-5	0.3200681417974607	0.4999734363970201	0.3119321150352959	1.5663124211977152e-5	-0.09841132168014506	-1.2068206435103771e-5	0.05491949954924126	1.0024270873931522e-5	-0.03575997258848379	-8.678090506449397e-6	0.024697340419630353	7.737620077115733e-6	-0.017276835953858656	-7.070681972806968e-6	0.011760266820621397	6.606193797048376e-6	-0.0073175665689144374	-6.3025110941848345e-6	0.0034888526555931455	6.1333120703727616e-6
2.3050317358241724e-6	-0.0008887452750871418	-2.3555153804585612e-6	0.001836823279300117	2.437724818962858e-6	-0.002856552622431441	-2.5558251895301833e-6	0.003974319574590398	2.714150727391452e-6	-0.005228206450793033	-2.917095336280085e-6	0.006670582402691084	3.1718090266883542e-6	-0.008374675455087868	-3.493678816092934e-6	0.010445721897535508	3.889438179439203e-6	-0.013041134676692505	-4.382917017608399e-6	0.016411028240775352	5.001550585501846e-6	-0.020982134259122733	-5.79024527356912e-6	0.027556320595719358	6.822104987127645e-6	-0.03784691187540293	-8.232197254990943e-6	0.05628573979185868	1.0311511537259815e-5	-0.09908813868215295	-1.3913753383173982e-5	0.3119321150352959	0.5000247819722962	0.3207440559491129	-1.3563155820489526e-5	-0.10798217500372023	9.616364039843342e-6	0.06540427324889277	-7.185971583353544e-6	-0.04734065101985723	5.412830068314527e-6	0.037585770619063506	-4.0000833280016175e-6	-0.03172134694909973	2.8097851877493263e-6	0.028059760380332553	-1.7670600649804713e-6	-0.02583006456251762	8.327330869569478e-7	0.024660862377532098
0.008958746702630976	-3.023941257294678e-7	-0.009190206090324728	6.330680647986511e-7	0.009564388904905158	-9.869429005998787e-7	-0.010099152433819474	1.3675777342307137e-6	0.010821594749704636	-1.7777117378777411e-6	-0.01176808177073065	2.2249999227218663e-6	0.012988034672720592	-2.720133764726907e-6	-0.01455100707531508	3.2605596591641974e-6	0.016559360322469897	-3.887283897096854e-6	-0.01916926806278426	4.60762701063247e-6	0.022632290755731792	-5.456430595922174e-6	-0.027380585111135447	6.481229072100326e-6	0.03422262072358444	-7.75741052624687e-6	-0.04487499642141918	9.424020874152341e-6	0.06378250474416619	-1.1774148188770053e-5	-0.10717441670111158	1.5663124211977152e-5	0.3207440559491129	0.4999731697869969	0.3111117468194928	1.597194372429809e-5	-0.09743085175517281	-1.241456154528179e-5	0.05375192598693446	1.0413238946011503e-5	-0.03437020693461892	-9.116091553651772e-6	0.023040378841402927	8.234170535682436e-6	-0.015294145590829018	-7.636722827343559e-6	0.009377258572523995	7.25444970782598e-6	-0.0044385812297554625	-7.046943349671951e-6
-1.968313793876049e-6	0.0007373640461531734	2.0105085524186623e-6	-0.0015234007538003204	-2.0786171159036133e-6	0.002366305882601725	2.1760076658151732e-6	-0.0032854274276037836	-2.306236742923313e-6	0.00430863170930067	2.472831611792482e-6	-0.005473533485963724	-2.6819736428735614e-6	0.006831557695886528	2.9484993705444138e-6	-0.008454572552245411	-3.265478987133599e-6	0.010445735606830134	3.661392813130877e-6	-0.012960967658098415	-4.150175408981941e-6	0.01624863328797035	4.761253603723881e-6	-0.02073373039066775	-5.538952177193307e-6	0.027216170561713965	6.553215565113294e-6	-0.037406626673823766	-7.943267645503242e-6	0.055734360264561286	9.996439154474408e-6	-0.09841132168014506	-1.3563155820489526e-5	0.3111117468194928	0.5000243700443623	0.32172241426364034	-1.3130588435255183e-5	-0.10913750049355692	9.143547780980227e-6	0.0667681492906756	-6.663810770248775e-6	-0.04895396926970897	4.8329578866527465e-6	0.039501637792082746	-3.355243747073994e-6	-0.034010686556222594	2.09441686662496e-6	0.03081967997296563	-9.826619162279326e-7	-0.02920933806221794
-0.00818185754976428	2.762170380630692e-7	0.008385605167691722	-5.778802016139829e-7	-0.008710849527835284	8.999666665084567e-7	0.00917167715337364	-1.245337313180768e-6	-0.009789357397372675	1.6160460043298635e-6	0.010591800134560935	-2.0179805447982055e-6	-0.011615933657972954	2.4586470872247893e-6	0.012911989575995255	-2.9399500189502972e-6	-0.014550964705950171	3.489500721984006e-6	0.01663637660141355	-4.114389346545917e-6	-0.019325912363947782	4.8392593286165776e-6	0.02287283385069454	-5.69646534875531e-6	-0.027711112964649617	6.734011258362303e-6	0.03465149883614866	-8.019329342155021e-6	-0.04541356537757518	9.701311269821629e-6	0.06444577392233819	-1.2068206435103771e-5	-0.10798217500372023	1.597194372429809e-5	0.32172241426364034	0.4999728684140142	0.30993625648241	1.6337679884648824e-5	-0.0960315067787842	-1.2835449363782438e-5	0.052083128231737524	1.08959071927315e-5	-0.032371484872331116	-9.671119340777873e-6	0.02063161112690334	8.875647831758474e-6	-0.012367836573022175	-8.381340895534325e-6	0.005789872089856387	8.121546341968884e-6
1.6628313148952057e-6	-0.0006070932968785643	-1.6977694836893046e-6	0.001253958143643944	1.7536737590601737e-6	-0.00194603818327152	-1.833238237939389e-6	0.002697670879166558	1.9393608733426387e-6	-0.0035295079677212958	-2.074903852211806e-6	0.004468987251830701	2.2451883341550137e-6	-0.00555290862853544	-2.4635015107387974e-6	0.006831550207917852	2.715940494851212e-6	-0.008374714908318022	-3.032119908928181e-6	0.010284042735845779	3.4181349072725964e-6	-0.012713624116035762	-3.894731442090679e-6	0.01590985921504551	4.492274735864975e-6	-0.020295596258601768	-5.257704933402878e-6	0.026667775558755234	6.2427905465854e-6	-0.036734081805083724	-7.6020207691937415e-6	0.05491949954924126	9.616364039843342e-6	-0.09743085175517281	-1.3130588435255183e-5	0.30993625648241	0.5000238439755674	0.32311741375944425	-1.2580864128518737e-5	-0.11078551139397072	8.539729047339977e-6	0.06872442384585703	-5.99305972526848e-6	-0.05129268532559279	4.084818997656241e-6	0.042324462844389184	-2.522066041269572e-6	-0.03746331160207724	1.175922160863429e-6	0.03512954436745484
0.007537112142741618	-2.5512616335381015e-7	-0.007719001638146379	5.333786133362779e-7	0.008006109435960751	-8.298473600880439e-7	-0.008409775854994726	1.146854030043531e-6	0.008947083765268076	-1.4859139664233046e-6	-0.009640025344966314	1.8515528190748303e-6	0.010517079805291943	-2.2489458510363464e-6	-0.011615920436236793	2.6844640098510463e-6	0.012987984451324975	-3.173463749312039e-6	-0.014705586657019253	3.724215293679849e-6	0.0168738248287537	-4.353729124262581e-6	-0.019652276827794895	5.084790186586294e-6	0.02329627207896402	-5.9532459078603295e-6	-0.02824216119035383	7.017961591638785e-6	0.03530470424017965	-8.320820768872267e-6	-0.04620730127753081	1.0024270873931522e-5	0.06540427324889277	-1.241456154528179e-5	-0.10913750049355692	1.6337679884648824e-5	0.32311741375944425	0.4999725215226823	0.30825580181156303	1.678271164853947e-5	-0.09401752735210239	-1.3362313384532363e-5	0.04965377486827549	1.1514779942789776e-5	-0.02941380001036588	-1.0399323623984268e-5	0.016987923343381353	9.735861988411392e-6	-0.007813505127600295	-9.401352604605263e-6
-1.373687043409379e-6	0.0004933207158563257	1.4022671607758252e-6	-0.0010187971838460093	-1.4478134106387311e-6	0.0015800331975495063	1.5125194853345935e-6	-0.002187702531429922	-1.598802036987977e-6	0.0028572028728339515	1.7090759849235749e-6	-0.003608721172266072	-1.8479436895904248e-6	0.004468894467813779	2.0267827408494647e-6	-0.005473435603988977	-2.2292518018499297e-6	0.006670560990685999	2.483140252475375e-6	-0.008128445666993082	-2.7892342072155644e-6	0.009946731030595062	3.160284477871056e-6	-0.012277204064384893	-3.6131146749366946e-6	0.015363776853037992	4.177963047728616e-6	-0.01962649474896584	-4.918954829612774e-6	0.025857585488950337	5.872075856245117e-6	-0.03575997258848379	-7.185971583353544e-6	0.05375192598693446	9.143547780980227e-6	-0.0960315067787842	-1.2580864128518737e-5	0.30825580181156303	0.5000231510343021	0.3251231347611112	-1.1863433910792391e-5	-0.11317997393920125	7.749897818226494e-6	0.07161301711531146	-5.112726942439921e-6	-0.05482595680670229	3.1016612067191987e-6	0.04672718815677529	-1.4322728498381136e-6	-0.04310172490195083
-0.0070071460754793004	2.3678515216982561e-7	0.007171846661053727	-4.948145441787486e-7	-0.0074292929586618674	7.692498133890343e-7	0.007788813144638479	-1.0619872319642912e-6	-0.00826445082308817	1.3741751264539693e-6	0.008873984902138428	-1.709437823668187e-6	-0.009640033584814385	2.0715166914276543e-6	0.010591832021054716	-2.4709715222488968e-6	-0.011768126245174218	2.9139031466748955e-6	0.013221866253609698	-3.4111980660782057e-6	-0.01502709899698237	3.975479840303269e-6	0.017291116915778143	-4.622854739423668e-6	-0.020176100405307134	5.373961209622778e-6	0.023940354267027224	-6.259306910444787e-6	-0.029023919975735155	7.340667448967985e-6	0.0362472270881148	-8.678090506449397e-6	-0.04734065101985723	1.0413238946011503e-5	0.0667681492906756	-1.2835449363782438e-5	-0.11078551139397072	1.678271164853947e-5	0.3251231347611112	0.4999721174514611	0.3058082197429985	1.733930825793604e-5	-0.09103358420304541	-1.4044248819703156e-5	0.04597067383432475	1.2339794064907884e-5	-0.02479145381575916	-1.1397990075886894e-5	0.011060967689533583	1.0948776425535184e-5
1.1104157476866691e-6	-0.0003924158872055754	-1.1331775517121927e-6	0.0008103220291913716	1.1692222257220924e-6	-0.0012560929536884536	-1.2202556894601675e-6	0.0017376433068986214	1.2881894697262634e-6	-0.002266415671813608	-1.3749522895841014e-6	0.002857250755958554	1.4843364540029676e-6	-0.0035294682909195996	-1.6256071647571787e-6	0.004308569927483912	1.7828761693242154e-6	-0.005228188282212622	-1.980812262340658e-6	0.0063347508592554004	2.2183995407179195e-6	-0.007694210749515612	-2.5052241951350386e-6	0.009403481307620283	2.852859132012009e-6	-0.01161116438256992	-3.2797495904125065e-6	0.014557551236511894	3.821279850454478e-6	-0.018657784683130868	-4.5078038812632005e-6	0.024697340419630353	5.412830068314527e-6	-0.03437020693461892	-6.663810770248775e-6	0.052083128231737524	8.539729047339977e-6	-0.09401752735210239	-1.1863433910792391e-5	0.3058082197429985	0.5000222107486605	0.3280921868494159	-1.0902642096394353e-5	-0.11680498005314642	6.69188740414166e-6	0.07612425141325074	-3.9322143637261045e-6	-0.06058653510978438	1.7872633096374385e-6	0.05436285368550674
0.0065777945866097014	-2.2234988413732496e-7	-0.0067291063745477725	4.6444307675776773e-7	0.006963684989669315	-7.215271114098502e-7	-0.007289389922357142	9.951669724692707e-7	0.0077180587666316695	-1.286212862393668e-6	-0.008264455594945763	1.5975808429009772e-6	0.008947083309132488	-1.931939084671985e-6	-0.009789392730168961	2.302913632493149e-6	0.010821666000558476	-2.7093574774598504e-6	-0.012084392435466815	3.164183042545273e-6	0.013632467151883048	-3.6769350363846757e-6	-0.015542469793282877	4.260183230808094e-6	0.017924885316079005	-4.927827757667088e-6	-0.020945805121716995	5.697841066627952e-6	0.024868127796826112	-6.6259104719303945e-6	-0.0301383774329684	7.737620077115733e-6	0.037585770619063506	-9.116091553651772e-6	-0.04895396926970897	1.08959071927315e-5	0.06872442384585703	-1.3362313384532363e-5	-0.11317997393920125	1.733930825793604e-5	0.3280921868494159	0.4999716424029034	0.30209388821534877	1.805965925911806e-5	-0.08636127558162639	-1.496711794027517e-5	0.03995945784217753	1.3500896007472439e-5	-0.016812962419096248	-1.2858120383822409e-5
-8.638565224172114e-7	0.00030148297915832695	8.8131328647359e-7	-0.0006224972976398229	-9.087897180075176e-7	0.0009645972040286074	9.475605469858765e-7	-0.0013335486857002613	-9.990720235098466e-7	0.0017377052818634236	1.064794729710724e-6	-0.0021878110736930417	-1.1477018787903165e-6	0.002697704626560218	1.2549588159370404e-6	-0.0032854282745307167	-1.3727751954969376e-6	0.003974329732325754	1.5216107126147819e-6	-0.004796018889530078	-1.6999641691376193e-6	0.005794396936047817	1.9153743620759258e-6	-0.007032198622666773	-2.1764914113870895e-6	0.008602314575038893	2.494247310244796e-6	-0.010648356566739913	-2.880393123210333e-6	0.013404319771246254	3.3717549645433663e-6	-0.017276835953858656	-4.0000833280016175e-6	0.023040378841402927	4.8329578866527465e-6	-0.032371484872331116	-5.99305972526848e-6	0.04965377486827549	7.749897818226494e-6	-0.09103358420304541	-1.0902642096394353e-5	0.30209388821534877	0.5000208944562441	0.33273860098517916	-9.579679788431205e-6	-0.122720150678564	5.236606983389217e-6	0.08392951355433927	-2.3101789311028377e-6	-0.07144076211273759
-0.006237261927172004	2.1124612965156702e-7	0.00637833649421406	-4.410667705317288e-7	-0.006595605898690745	6.848029361714057e-7	0.006895875804209615	-9.437728212378979e-7	-0.007289405328972847	1.2185971232988649e-6	0.007788823895745773	-1.5116549965440311e-6	-0.0084097592301678	1.824833527416436e-6	0.009171689813484043	-2.173816844918938e-6	-0.010099201915524955	2.552107551910707e-6	0.011224614442655583	-2.9739737396778093e-6	-0.012590667160433075	3.4467530898501743e-6	0.014255196657837388	-3.9811691973740684e-6	-0.01629859377700746	4.588966728829795e-6	0.018836261930543167	-5.284667519083836e-6	-0.022040483191810033	6.1047069077337244e-6	0.02618269704701873	-7.070681972806968e-6	-0.03172134694909973	8.234170535682436e-6	0.039501637792082746	-9.671119340777873e-6	-0.05129268532559279	1.1514779942789776e-5	0.07161301711531146	-1.4044248819703156e-5	-0.11680498005314642	1.805965925911806e-5	0.33273860098517916	0.499971075839341	0.2960225562652515	1.9042063417157158e-5	-0.07827578503051395	-1.6306067115285242e-5	0.02869475512184574	1.5283023141887328e-5
6.297042919929322e-7	-0.00021824645700181254	-6.422795896754915e-7	0.00045059306527033693	6.619788332599393e-7	-0.0006980432027740024	-6.897018946253383e-7	0.0009646229826559563	7.264777180039881e-7	-0.0012561707490560514	-7.733579403092552e-7	0.0015801488859716354	8.3251813088503e-7	-0.001946093960110989	-9.091430194807202e-7	0.0023663264872217007	9.92426902287758e-7	-0.0028565625853251785	-1.0979617434634534e-6	0.0034377660165957314	1.224302003410544e-6	-0.004138553020334452	-1.3770592351754973e-6	0.004998952070560462	1.562490418312911e-6	-0.00607668887075998	-1.786862830959712e-6	0.007458119750293465	2.0500572556385766e-6	-0.009278470038123546	-2.3874410812065897e-6	0.011760266820621397	2.8097851877493263e-6	-0.015294145590829018	-3.355243747073994e-6	0.02063161112690334	4.084818997656241e-6	-0.02941380001036588	-5.112726942439921e-6	0.04597067383432475	6.69188740414166e-6	-0.08636127558162639	-9.579679788431205e-6	0.2960225562652515	0.5000189834103859	0.3407801515560316	-7.694170972554561e-6	-0.13382805872832368	3.162914883205904e-6	0.10050892188391372
0.005975783974478681	-2.0293085859441812e-7	-0.006109277380056371	4.2355891753634783e-7	0.006313863683306164	-6.573162449947882e-7	-0.006595619181651825	9.053481489845773e-7	0.006963711103735978	-1.1681143299157183e-6	-0.007429304539393538	1.4476173628504188e-6	0.008006074149772197	-1.7452217763748972e-6	-0.0087108337413352	2.077880811744768e-6	0.009564405409570426	-2.4354502088666253e-6	-0.010593802904937864	2.8330344033971994e-6	0.011834053735535728	-3.276455448893661e-6	-0.01333143819292896	3.7754294533925285e-6	0.015148444590102495	-4.34127688623762e-6	-0.01737165690403624	4.98834976340956e-6	0.020124757048121403	-5.734341634697728e-6	-0.02359152283435288	6.606193797048376e-6	0.028059760380332553	-7.636722827343559e-6	-0.034010686556222594	8.875647831758474e-6	0.042324462844389184	-1.0399323623984268e-5	-0.05482595680670229	1.2339794064907884e-5	0.07612425141325074	-1.496711794027517e-5	-0.122720150678564	1.9042063417157158e-5	0.3407801515560316	0.4999703711459495	0.2846246935110146	2.0515426905585626e-5	-0.06120116459384205	-1.8510375108756784e-5
-4.0642765182678756e-7	0.00014092568083290657	4.144682327036714e-7	-0.0002909205592281354	-4.270239848494204e-7	0.00045060408428952323	4.4466376594953305e-7	-0.0006225289123011256	-4.680392341902478e-7	0.0008103910200252909	4.978171964543559e-7	-0.0010188927996769	-5.354060172264556e-7	0.0012540122760142168	5.841571197305333e-7	-0.0015234263018317408	-6.366938932529279e-7	0.0018368325876969482	7.034361757261372e-7	-0.0022070364802753446	-7.832685876193661e-7	0.0026513099590216955	8.798648420110524e-7	-0.003193453849752007	-9.972439736807724e-7	0.003867156790501047	1.138721621556033e-6	-0.004721658938817605	-1.3005586104147409e-6	0.005832023168624102	1.5093404292522402e-6	-0.0073175665689144374	-1.7670600649804713e-6	0.009377258572523995	2.09441686662496e-6	-0.012367836573022175	-2.522066041269572e-6	0.016987923343381353	3.1016612067191987e-6	-0.02479145381575916	-3.9322143637261045e-6	0.03995945784217753	5.236606983389217e-6	-0.07827578503051395	-7.694170972554561e-6	0.2846246935110146	0.5000160672268191	0.35778038684367147	-4.8596831812869215e-6	-0.16228105872053714
-0.005785261578726081	1.9699416681639846e-7	0.005913452031571894	-4.1106365695376937e-7	-0.006109279231266133	6.377246756982887e-7	0.006378350624557491	-8.780144579342118e-7	-0.006729130377565359	1.132295661426159e-6	0.007171848328990644	-1.4023379942872433e-6	-0.007718942363112177	1.6892054617252625e-6	0.008385556760971911	-2.0105193637068347e-6	-0.009190184604266675	2.353948641409724e-6	0.010156596229943771	-2.735052276066137e-6	-0.011315180050387045	3.1587171291114747e-6	0.012705401112581808	-3.6341103024353923e-6	-0.014379448558343808	4.172601587463307e-6	0.016407847511256242	-4.789066626316189e-6	-0.018888328111723383	5.488169540580496e-6	0.02196023751612389	-6.3025110941848345e-6	-0.02583006456251762	7.25444970782598e-6	0.03081967997296563	-8.381340895534325e-6	-0.03746331160207724	9.735861988411392e-6	0.04672718815677529	-1.1397990075886894e-5	-0.06058653510978438	1.3500896007472439e-5	0.08392951355433927	-1.6306067115285242e-5	-0.13382805872832368	2.0515426905585626e-5	0.35778038684367147	0.49996935925779495	0.2555829823043594	2.323397141424429e-5
1.947270637824717e-7	-6.828259608269223e-5	-1.9854893694698616e-7	0.00014092999948209564	2.0450836865820662e-7	-0.00021825839014237306	-2.1287585386717928e-7	0.0003015071758887363	2.2395907966694082e-7	-0.00039246038808958485	-2.3807124754900767e-7	0.0004933796943629039	2.558900513556365e-7	-0.0006071319594254098	-2.790578700683969e-7	0.0007373874723534341	3.0383324219327264e-7	-0.000888758076768363	-3.353897907925694e-7	0.001067300981122446	3.7311021395144285e-7	-0.0012811329075018702	-4.1877396409125013e-7	0.0015413448713562994	4.7429981420392426e-7	-0.0018634675732234138	-5.410561856568423e-7	0.0022698939537544984	6.161661895418726e-7	-0.00279423046411477	-7.135458929348314e-7	0.0034888526555931455	8.327330869569478e-7	-0.0044385812297554625	-9.826619162279326e-7	0.005789872089856387	1.175922160863429e-6	-0.007813505127600295	-1.4322728498381136e-6	0.011060967689533583	1.7872633096374385e-6	-0.016812962419096248	-2.3101789311028377e-6	0.02869475512184574	3.162914883205904e-6	-0.06120116459384205	-4.8596831812869215e-6	0.2555829823043594	0.5000112004427932	0.4188248791808992
0.00566034345549777	-1.9318026540809962e-7	-0.0057852585148767035	4.0304501300692864e-7	0.0059757823654080335	-6.251821526488145e-7	-0.0062372714419447	8.605762179727389e-7	0.0065778116472400274	-1.1095481878241331e-6	-0.0070071359663824604	1.3737582554309799e-6	0.007537033029018599	-1.6541515535825851e-6	-0.008181783171235574	1.968550052075589e-6	0.008958694211519826	-2.3036730549926476e-6	-0.009889903916611313	2.6752355639853617e-6	0.011003500940188645	-3.087681221590889e-6	-0.012335627841515871	3.5499201389765575e-6	0.013933548171310215	-4.073387735553679e-6	-0.015860279162653586	4.673282963873213e-6	0.018201759573093088	-5.348056261877173e-6	-0.021077853685288042	6.1333120703727616e-6	0.024660862377532098	-7.046943349671951e-6	-0.02920933806221794	8.121546341968884e-6	0.03512954436745484	-9.401352604605263e-6	-0.04310172490195083	1.0948776425535184e-5	0.05436285368550674	-1.2858120383822409e-5	-0.07144076211273759	1.5283023141887328e-5	0.10050892188391372	-1.8510375108756784e-5	-0.16228105872053714	2.323397141424429e-5	0.4188248791808992	0.4999669332215121
