0.03806047840204227
0.033293589194085246
0.03158667534522893
0.03077079437905446
0.030318235597769413
0.030037351861192576
0.029843044825340184
0.029686134611275672
0.0295670290033652
0.02949715636274511
0.029460071567450744
0.02944194352254178
0.029442314099917356
0.029458706349783953
0.029477028232864837
0.029496111945223
0.029516679368297466
0.02953863817210428
0.02956059768927568
0.029578596397670947
0.029584193426586254
0.02956084738696213
0.029490227616827496
0.02938785256389519
0.029493787952681257
0.02949378795220555
0.029387852568510897
0.029490227621844375
0.029560847391357614
0.029584193427875598
0.02957859639677512
0.029560597689279645
0.02953863817266238
0.029516679368039575
0.029496111945043944
0.02947702823378022
0.029458706351444104
0.029442314101593398
0.029441943520915163
0.029460071567710917
0.029497156368443096
0.0295670290022318
0.029686134611406373
0.02984304481785078
0.030037351855813972
0.03031823560058655
0.030770794377919793
0.03158667535059206
0.03329358920535273
0.03806047851381947
