0.9919876163041259
0.9918786556570962
0.99172999843351
0.9915377690739924
0.9912961387227176
0.9909977992517973
0.9906337276658076
0.9901926180340681
0.9896600322983224
0.9890172106680505
0.9882393723478611
0.9872932130175723
0.9861330860420704
0.9846950326339677
0.9828870630836029
0.980572796136717
0.9775425624635843
0.9734599941265272
0.9677566452016677
0.959409923295961
0.9464337384548855
0.9246048628109593
0.8840019838191684
0.799897607915291
0.6245742510547031
0.3754257489416841
0.20010239209223057
0.11599801617245864
0.07539513719927726
0.053566261530469395
0.04059007671674375
0.03224335479324836
0.026540005874369443
0.02245743753743823
0.019427203863215947
0.017112936913532995
0.015304967366909561
0.013866913957473859
0.01270678698267588
0.011760627652671074
0.010982789332587775
0.010339967701808079
0.009807381966178795
0.009366272333734618
0.009002200747691603
0.008703861276756042
0.00846223092526442
0.00827000156665577
0.008121344342439258
0.00801238369692169
