-0.0030496217519702415	0.007813693257023765	0.014659839809259166	-0.023329125437812202	-0.03342760154226079	-0.044562006189171506	-0.056400688081132515	0.06868375183663318	-0.08121288156774703	-0.0938353540418669	-0.10643104781849792	0.1188999257839605	0.1311557032619942	0.1431163144329753	0.15469911066867295	0.165806898749991	-0.17632094051098673	0.18607175088861463	0.1948211992312444	0.20219703242531686	-0.20765419917979222	0.21037946101720856	0.20956362493511882	-0.20526261314281846	-0.20053792815452517	-0.20053792845598956	0.20526261295205747	-0.20956362525368255	0.21037946067061108	-0.20765419950149946	-0.20219703232417124	-0.1948211991272669	0.1860717510837991	0.17632094039238072	0.16580689871379198	0.15469911068602865	-0.1431163145215205	0.13115570316240868	0.11889992591189942	0.10643104773505918	-0.09383535409052167	0.08121288148864814	-0.0686837518724678	0.05640068796947035	-0.04456200628573285	0.03342760145535501	0.023329125541345138	0.014659839757809386	0.007813693308740243	0.0030496217100118178
-0.006756476767969772	0.017157949287340803	0.031808657115749255	-0.04985807788518088	-0.07012583424824298	-0.09142861918468811	-0.11272971651988783	0.13317223427124036	-0.152059999049563	-0.1688295311122757	-0.18302128224840344	0.19426096925025454	0.20224346730019083	0.20672513511699797	0.20751206973607195	0.20445634202187424	-0.19744812097671743	0.18641662242784293	0.17133327308534024	0.15223307840214848	-0.12926398944621276	0.10280241128366961	0.07371551151793167	-0.04358928120819509	-0.014251979779699766	0.014251979783365376	-0.043589281188956774	0.0737155115673366	-0.10280241118284814	0.12926398957040217	0.1522330783532318	0.17133327302967627	-0.1864166225527271	-0.19744812087950384	-0.20445634201646887	-0.20751206966174368	0.2067251352904255	-0.20224346717747416	-0.19426096939757853	-0.1830212821345819	0.16882953124763597	-0.15205999885402344	0.13317223434100517	-0.11272971634334134	0.09142861935142145	-0.07012583403109683	-0.04985807815850405	-0.031808657000343944	-0.017157949341835958	-0.0067564767385871
-0.011582620447694703	0.02902025539309779	0.05282670819976289	-0.08088737511699755	-0.11050411131473674	-0.13904339750083927	-0.1642516338002498	0.18435018457653587	-0.19802667456787706	-0.20440221746929244	-0.20298975795411497	0.19366418645185987	0.17662912691138602	0.15239489474856474	0.1217448623358854	0.08571771421056568	-0.04557794934899669	0.0028155811174761848	-0.040864493120122566	-0.08349616920940293	0.12282473385534469	-0.1562067989088696	-0.18087858519456643	0.19494559209337423	0.19987852509418888	0.19987852539198825	-0.19494559190979843	0.18087858547519334	-0.15620679862485518	0.1228247340819458	0.08349616911213546	0.040864493097508045	0.0028155811052370675	0.04557794936053721	0.08571771422915346	0.12174486225184229	-0.15239489491000538	0.17662912680678727	0.1936641866254709	0.20298975785221748	-0.2044022176513404	0.19802667434055476	-0.184350184690845	0.16425163352756664	-0.1390433977636772	0.11050411098190975	0.08088737553819979	0.05282670801512246	0.029020255505033354	0.011582620377112081
-0.017612461739791394	0.04335879600064692	0.07704833409349449	-0.11432993750925192	-0.15008545697457357	-0.17962780779164098	-0.19931853444347825	0.20677918697145278	-0.2008967853411163	-0.18173914253692322	-0.15042783591177764	0.1089811600167205	0.06013854450283263	0.007160043332151298	-0.04637992472698949	-0.09681232969397817	0.14057763297710976	-0.17443413986738993	-0.19564177985226233	-0.20216173669443496	0.19286261517215803	-0.1678253539272011	-0.1288719560674782	0.08006316940887818	0.02692937229740464	-0.026929372299068714	0.08006316937845102	-0.12887195612879196	0.16782535378603172	-0.19286261533689497	-0.20216173658713288	-0.19564177985474818	0.17443413988987416	0.14057763291764874	0.096812329729753	0.046379924665224614	0.007160043329809546	-0.06013854440659535	-0.1089811602446755	-0.1504278358264179	0.18173914265773694	-0.20089678521273227	0.2067791871202533	-0.1993185340079079	0.17962780817341872	-0.15008545657314742	-0.11432993798949835	-0.07704833383743995	-0.04335879627592226	-0.017612461516585066
-0.024822880250508442	0.059786790329045825	0.10305439624561553	-0.14684578232148668	-0.18280030908342437	-0.2040689914919425	-0.20638475689519267	0.18836427563413352	-0.15135898627420039	-0.09904187129524307	-0.036842705542180824	-0.028724612037269566	-0.0907682427554643	-0.1427378812105144	-0.17906583634082396	-0.195731100988808	0.1906520709183317	-0.16395811785526748	-0.11805167519815249	-0.057572616614784244	-0.01085013091098668	0.07889650709415451	0.13740110452070461	-0.17819615441701359	-0.19784706704960692	-0.19784706733936142	0.17819615424309349	-0.1374011047561846	0.078896506881434	-0.0108501310287755	0.05757261667934269	0.11805167518864935	-0.16395811792056714	-0.1906520708625297	-0.1957311010274899	-0.17906583622636535	0.14273788134972457	-0.0907682427576282	-0.028724611906168915	0.03684270554143702	-0.0990418713752622	0.15135898625313488	-0.1883642758052792	0.2063847564043269	-0.2040689919314165	0.18280030860302465	0.14684578290053715	0.10305439591409918	0.05978679073200146	0.024822879918087386
-0.03316616948162477	0.07781674230238254	0.1292410921006855	-0.17502379325460138	-0.20322278179642592	-0.20576004613588111	-0.17994849585184203	0.12853748341287147	-0.058795646040414255	0.018974681719709584	0.09320535746880457	-0.15287342582255273	-0.18913745508211804	-0.19661105936131687	-0.17412867867387372	-0.12492306208434109	0.05621375934477577	0.021744040049653673	0.09701545015069794	0.15763296757035503	-0.19335117897240495	0.19744330670454113	0.1685390055426622	-0.11202344165682676	-0.03901104130921713	0.03901104130614609	-0.11202344161989167	0.16853900559459561	-0.1974433065675205	0.19335117912011604	0.1576329674168511	0.0970154502677711	-0.02174403988854412	0.056213759287951234	0.12492306201164888	0.17412867870288343	-0.19661105947269833	0.18913745491662012	0.1528734259825252	0.09320535733639858	-0.01897468162543912	-0.05879564602925649	0.12853748356314154	-0.17994849546774608	0.2057600465034729	-0.20322278118096543	-0.1750237940085124	-0.12924109168424316	-0.07781674271338261	-0.0331661691623504
-0.04263412846901817	0.09701913921861417	0.15413886297849694	-0.1959796763223191	-0.20759804814887262	-0.18210140647174533	-0.12218857886899528	0.03891872545986356	0.051280343366994025	0.13041925836115062	0.1827794445726385	-0.19807452999980804	-0.17344650797500877	-0.11396376072739406	-0.03161984154336432	0.057001573333915465	-0.1338859050967046	0.18309768929373396	0.19391890023528377	0.1632340010711311	-0.09655534056354902	0.007701214919026577	-0.08351770025368102	0.15594551124352957	0.1947371372196513	0.19473713749442448	-0.15594551108419022	0.08351770044031036	0.007701215064975718	-0.0965553405415654	-0.16323400106637026	-0.19391890028464995	0.18309768925812894	0.13388590507386847	0.05700157341978512	-0.03161984163236033	0.11396376077818016	-0.17344650777607207	-0.19807453033297526	-0.18277944438923188	0.13041925832427462	-0.051280343318937986	-0.03891872557138816	0.12218857861675539	-0.18210140674711994	0.20759804747058927	0.19597967716572837	0.15413886250137582	0.09701913968860511	0.04263412811065299
-0.053169304446781744	0.11683342368453867	0.17617707400148275	-0.2072211621231756	-0.19394782599781912	-0.13471752392256411	-0.042508516924977424	-0.05958806996922626	0.14537893773029056	0.19289264808971643	0.19017448080094318	-0.13826726235098294	-0.05080974835298302	0.04952346009785564	0.13679101804702126	0.18833546987103453	-0.19052427874563924	0.14231918956930736	0.055807758479897114	-0.04649864692213832	0.13709511176508815	-0.1906120876729283	-0.19137598111759815	0.13937556224896208	0.0506899873403612	-0.05068998733106671	0.13937556220879624	-0.19137598114698368	0.190612087574454	-0.1370951118547561	-0.046498646764481295	0.055807758279738336	-0.1423191898298993	-0.19052427859961812	-0.188335469812254	-0.1367910181297613	0.04952346005976246	0.050809748299650875	0.1382672625328713	0.19017448070433662	-0.1928926482138972	0.1453789375225668	-0.059588069917952305	-0.04250851672462559	0.13471752411535357	-0.1939478253687473	-0.20722116285494488	-0.1761770734808716	-0.1168334243479361	-0.05316930389425868
-0.06466641039319693	0.13656655387845507	0.19369668584095057	-0.20669088327279458	-0.1620094192299596	-0.06872691062648018	0.04513525278525253	-0.14334990964870326	0.19442235888232778	0.18222372076916274	0.11111761462406462	-0.004334451697140575	0.10364102163112372	0.1781014995174921	0.19513564522702057	0.14918778834615273	-0.054935162490547154	-0.05719793522038671	-0.15045051888031397	-0.19350187412105876	0.17088245453969902	-0.08913660499570157	0.024122941105013545	-0.129180812535639	-0.19084011369735096	-0.19084011394637124	0.1291808124006107	-0.024122941238020005	-0.08913660508500194	0.1708824545827336	0.19350187402794775	0.15045051905006682	-0.05719793498536347	0.05493516240377484	0.1491877882313713	0.19513564536123876	-0.17810149954223134	0.10364102153116032	-0.004334451684944704	-0.11111761466826327	0.18222372100016285	-0.19442235862608975	0.14334990967946815	-0.045135252857897365	-0.0687269106858559	0.16200941868504196	0.20669088387989618	0.1936966853004302	0.13656655469742812	0.06466640969054023
-0.07698019696912889	0.15545973805888594	0.20519182577692507	-0.19328808486561821	-0.11389363080353612	0.007171927518918113	0.12407357184010336	-0.19123259124719874	0.1825596856528877	0.10194595399076058	-0.018548232332005955	0.13153068445936109	0.19284876991319727	0.17867762739471074	0.09465215373676383	-0.026338446680650995	0.13680075143794568	-0.1929832977150837	-0.1720273961956334	-0.08143796357098843	-0.04299809395778179	0.1506115526918149	0.19649806873448997	-0.16169678217170833	-0.06203189773375263	0.06203189771748559	-0.161696782130309	0.19649806873576184	-0.15061155265203183	0.04299809396892693	-0.08143796367187749	-0.17202739601590364	0.19298329790259877	0.1368007513117308	0.02633844668041502	-0.09465215361739189	0.1786776275540194	-0.19284876978052473	-0.13153068451258554	-0.01854823222872712	-0.10194595415770064	0.18255968553681307	-0.19123259135195597	0.1240735716532894	-0.007171927675141034	-0.11389363029532908	-0.19328808540762496	-0.205191825223117	-0.15545973886219155	-0.07698019627505467
-0.08995450270627454	0.17276384018940621	0.20946210136064947	-0.16704036576021533	-0.0539072116707651	0.0820696453291529	0.17848208491514878	-0.19040387896834426	0.11267750911639961	-0.017745474381862237	-0.13952821796305134	0.19580333459649846	0.16052762864571926	0.050350932021714014	-0.0832885468625363	-0.17799673723461448	0.18936175497994776	-0.11170763570382014	0.018710957405491516	0.14006885367485222	-0.19363015927453384	0.15241360988586247	0.03573165923313114	0.09884923272734598	0.18631803282461143	0.18631803303273053	-0.09884923263175863	-0.03573165916282534	0.1524136099273102	-0.19363015934527103	-0.1400688535134558	-0.0187109576711817	-0.11170763607341876	-0.18936175479645845	-0.1779967371445112	-0.08328854711000931	-0.05035093221062616	0.16052762854398875	0.19580333470695677	0.1395282178433645	-0.017745474304700692	-0.11267750916452379	0.19040387913440976	-0.1784820845336174	0.08206964566021432	0.053907211263642445	0.16704036616405793	0.20946210083893502	0.17276384098850214	0.0899545020088874
-0.1034128104238255	0.18775746725948558	0.20571613785730433	-0.12921542851432	0.011795796011670358	0.14450918951449157	0.19686980350645336	-0.14033890171897004	0.006529835336819045	-0.13056089684211805	-0.1956192780083949	0.15324128630011502	0.02692346072738224	-0.11409566055906603	-0.19268602468198115	-0.1658166727314815	0.04808705431176332	0.09591554674398703	0.18653576689030094	0.17281498453058436	-0.06145268558413244	-0.08537845907753822	-0.18412910492595402	0.17854526371932236	0.0730577033001289	-0.07305770327664372	0.17854526367719084	-0.1841291049014535	0.08537845909806432	0.061452685647663444	0.1728149845228006	0.18653576684132434	-0.09591554672939602	0.04808705431651962	0.16581667268343225	0.19268602469684584	-0.1140956605670672	-0.0269234606560342	-0.1532412865301334	-0.19561927786411543	0.1305608968189815	0.006529835429485282	-0.1403389019011405	0.19686980307860916	-0.14450918990701225	0.011795796208199896	-0.12921542860944865	-0.20571613738409322	-0.18775746816075617	-0.10341280958651211
-0.11715507820099091	0.19974125294774156	0.1935423870538094	-0.0820763282944753	0.07618754787069	0.1847156815041173	0.17503480738059507	-0.05359699186382068	-0.10180365524691938	-0.19210810598623815	-0.16017423329362576	0.026631769979245087	-0.12367991814750035	-0.1956001246599803	-0.14365680729237948	-0.0007255065240104627	-0.14263869337845686	0.19519690186657887	0.12306091074740566	-0.02801137669232471	0.16054908851607255	-0.18780435446425464	-0.09112137793907076	-0.06590143972649223	-0.1812494693059018	-0.18124946945450476	0.06590143969069161	0.09112137794664615	-0.18780435445794424	0.1605490885830421	0.028011376525407482	-0.1230609105017261	0.19519690217868327	0.14263869319758557	-0.0007255065476111964	-0.14365680707424405	0.19560012487282313	-0.12367991811793735	0.026631770192788666	0.16017423321482102	-0.19210810605930176	0.10180365512555244	0.05359699202992107	-0.17503480698049698	0.18471568190570964	-0.07618754783653345	0.08207632807494424	0.19354238666235737	0.19974125393547623	0.11715507724834859
-0.1309665071053307	0.20809353787408233	0.17302323563628422	-0.028841050195780097	0.13206803541427797	0.19617136155347123	0.11715138056581863	0.04718257661903202	-0.17686802878423658	-0.17764948226426786	-0.04933572761873129	-0.11469650956062527	-0.19556588121466711	-0.13484109317878534	0.02347201809229208	0.16479294498062474	-0.18667962229933593	0.0730502853533476	-0.09352009464683644	-0.1910541671194325	0.14714741393814404	0.0064677763035935225	0.15574702120259393	-0.18955695427608407	-0.08376738651958672	0.08376738648883633	-0.1895569542326797	0.15574702116186345	-0.006467776366427613	-0.14714741404596987	-0.1910541669950533	-0.09352009476697179	-0.07305028556174314	-0.18667962217015208	-0.16479294493582047	-0.023472018300260557	-0.1348410933658743	0.19556588107673453	0.11469650956533382	-0.04933572769872105	0.17764948242842837	-0.1768680286130057	0.04718257652467473	0.11715138021330675	-0.19617136189867007	0.1320680351911558	-0.028841049728635243	-0.17302323534971895	-0.208093538806617	-0.13096650615021072
-0.1446271293650126	0.21229696613937118	0.1447335815842739	0.02659935520998596	0.17297007470131945	0.17674807533282452	0.03493026262597799	0.13544185624883512	-0.19390370552064115	-0.09260083096942101	0.08485777537637006	-0.19268940294045223	-0.14260810256528428	0.02422705406386242	0.1711410687543186	0.17779978063893973	-0.038644333244709755	-0.13212819900505002	-0.1938484628040002	-0.09513219652323131	-0.08230641327944374	0.19023042053350955	0.13756403733677955	0.031317521974738555	0.17566910185465592	0.17566910192713678	-0.03131752201749653	-0.13756403743799725	0.19023042047020028	-0.08230641332818228	0.09513219661527439	0.19384846272431125	-0.13212819906773307	0.03864433330662454	0.17779978059853035	0.17114106879687332	-0.024227054036618307	-0.14260810243826408	-0.19268940316187846	-0.08485777516178598	-0.09260083117661679	0.19390370536635554	-0.13544185625708952	-0.03493026238875728	0.17674807556580074	-0.17297007432745623	-0.026599355874355413	0.14473358143799753	0.21229696696625558	0.14462712847057022
-0.15791814415210928	0.2119745507763107	0.10975477937031931	0.07996758379744943	0.19397751111601688	0.12923089623343353	-0.05460918767617536	0.187664351983342	-0.14712580272104603	0.02929636272732807	0.17881090581946024	-0.16385207911092137	0.0016719307833202356	0.16562025482432377	0.177436397644564	0.026262400525685015	0.14899478103219155	-0.18699210585808052	-0.05254971666681554	0.1300145820793611	-0.19083563564359265	0.07269097193943892	-0.1140357111553549	0.1944919690226734	0.09414952371198983	-0.09414952367397723	0.19449196897726007	-0.11403571111288373	-0.07269097186832175	0.19083563574314313	0.1300145818954151	-0.05254971645102277	0.18699210612071993	0.1489947808535959	-0.026262400532816324	-0.17743639745353626	0.1656202549446874	-0.0016719308713755905	0.1638520794261104	0.178810905611365	-0.02929636250337155	-0.14712580260214236	0.18766435206470417	-0.054609187800892744	-0.12923089632878612	0.193977510611437	0.07996758457609558	-0.10975477933757363	-0.21197455146919633	-0.1579181433372372
-0.17061950689279867	0.20688141583504918	0.06957058742228651	0.12704349580924024	0.1924490099195469	0.0610103617891586	-0.13267253612589186	0.18973880490847306	-0.05175646768513713	0.13945735167798015	0.1878484331782741	-0.04397750804304716	0.14493376576929226	0.18581059053463936	0.0369453288597741	-0.14955429189740643	0.1829799201173738	-0.02909468110617746	0.15435602435472792	0.17862951567453456	-0.01862593436200011	-0.15997732754456204	-0.17134117180342384	0.0038911938791290116	-0.16959140012690369	-0.1695914001215333	-0.0038911937563119946	0.17134117199728643	-0.15997732741821769	-0.01862593432687699	-0.17862951563942128	-0.15435602451494207	-0.029094681346633948	-0.18297992001024202	-0.14955429182735736	0.03694532857364324	-0.18581059071284398	0.14493376578348385	-0.04397750828780849	-0.1878484331105291	0.13945735153257377	0.05175646766874277	-0.18973880505887794	0.1326725360905276	0.06101036172154633	-0.1924490093098536	-0.12704349667781606	0.0695705875095338	0.20688141643871616	0.1706195061384945
-0.18251895280372957	0.19693283434396794	0.02601927680572842	0.16401137719155698	0.16839621203948787	-0.017022497552471403	-0.18266603842019347	0.14090080867656254	0.060771400855914	0.19376756207588605	0.10757256180017795	0.10031796351125315	0.19507295908762057	0.06975803118107192	-0.13418471868509238	-0.18659949819212376	0.028308091426554178	0.16178523877353948	0.16854121659263696	-0.01564256492324893	0.18107969471375454	-0.13888257995283065	0.06270666550617146	-0.19326057759064433	-0.10418639732502974	0.1041863972789636	-0.19326057754464454	0.06270666547501795	0.13888257991098868	-0.18107969474497046	-0.015642564791010484	0.16854121643512585	-0.1617852389181162	0.028308091539752063	0.18659949817631796	0.13418471872076	0.06975803124535367	-0.19507295890851842	-0.10031796360591552	0.10757256190407431	-0.19376756222305766	0.06077140062217729	0.14090080888545703	-0.18266603804008713	0.01702249789399919	0.16839621129588575	0.16401137822045184	-0.02601927705898341	-0.19693283492681946	-0.18251895200193854
-0.19341533175090095	0.1822037038329981	-0.0188156449964183	0.18780346477760435	0.12450017962677394	-0.09229305278358617	-0.19387654629034126	0.05413423104834728	0.15313270505893034	0.1703289061925225	-0.023926499930316494	0.18870403110838713	0.11974945641623953	-0.09752613492288999	-0.19408126680595775	-0.050354128625253354	-0.1555208780512508	0.16833409764160676	-0.027740951232916897	-0.18869344724529158	0.11409455046622019	0.10259701992274922	0.18978395390588085	-0.038696451242759215	0.16302344149310155	0.16302344144719128	0.038696451086380236	-0.1897839541368624	0.10259701976722106	0.11409455043821143	0.1886934471048309	0.027740951541726153	0.16833409802742522	0.15552087784252291	-0.05035412869014847	-0.1940812665784778	0.09752613498033576	0.11974945616362183	0.18870403147230214	0.02392649970932401	0.17032890658489594	-0.15313270467887413	-0.054134231264790764	0.1938765456783338	-0.09229305333840042	-0.12450017887908753	-0.1878034658276914	-0.018815644573030116	0.18220370429966273	0.19341533102991534
-0.20312600751121113	0.16293835628229209	-0.06270904398262293	0.1963810503310494	0.06584858737625303	-0.1525696972427036	-0.16382113130943887	-0.04722152317165482	0.19451722776999264	0.07841501562538862	-0.1440204361403463	0.17186936791240728	-0.03260970415628222	-0.19314789073617505	-0.09287503352598636	0.13271120288437957	-0.178752269609886	-0.016867572089143395	-0.18926115396160512	-0.1049448984067382	-0.12109459418071139	0.18118770624486616	-0.0062199525782632124	0.1859374161925619	0.11385702709987282	-0.11385702704387446	0.18593741615177306	-0.006219952560783254	-0.1811877062506191	0.12109459410954401	-0.1049448983769187	-0.1892611539984582	0.016867572039061855	-0.17875226960688817	-0.1327112028771446	0.09287503338105048	-0.19314789076180564	0.03260970421546177	-0.17186936811544543	-0.14402043595913538	-0.078415015896961	0.19451722760356335	-0.04722152303036725	-0.16382113084139058	0.15256969772170037	0.06584858682322299	0.1963810510055988	0.06270904348784367	-0.16293835637165116	-0.2031260071750789
-0.21148532870529696	0.1395305906495788	-0.10344216844672395	0.18894634091541782	-0.0006461967633960054	-0.18798561731424637	-0.09881274683700815	-0.13580835513069875	0.17105231940148666	-0.04507603999174994	-0.19535719473271337	0.059119317977963735	-0.16394005280205948	-0.1467850039321876	0.08549158477923899	0.19238138092197163	-0.017307988845127856	-0.18279311269222948	-0.1142617362787659	0.12166512913059871	-0.1778235430766074	-0.02798728204559408	-0.19148823628761352	0.07207681104615705	-0.1559714199724201	-0.15597141998802425	-0.0720768109863396	0.19148823639711682	-0.027987281990251047	-0.17782354308669873	-0.12166512900205477	0.11426173610902837	-0.18279311289034667	0.017307988989469728	0.19238138095208052	0.08549158482851313	0.14678500399383398	-0.16394005265910208	0.05911931800055534	0.1953571946505534	-0.04507603991740537	-0.17105231948161925	0.13580835510273015	0.09881274657522557	-0.1879856176487084	0.0006461971018514515	-0.1889463411991823	-0.10344216792941743	0.1395305904433067	0.21148532872932874
-0.21835091202472645	0.11251850663991575	-0.13892308831196837	0.16603296866515577	-0.06705891452313055	-0.19268389313408793	-0.012674496962831619	-0.18764219777789162	0.09051362357566348	-0.1503970646338093	-0.15331239179941428	-0.08665448850366286	-0.1896252864335819	0.007501447376435781	0.19279665205842186	0.07304075995260886	0.16205087551011765	-0.14028840274439291	0.10345584379478036	0.18258401434163074	0.027713933865715506	-0.1927133379077706	-0.05056725541299697	-0.17276664225579277	-0.12313919514711588	0.12313919508053132	-0.1727666422259281	-0.0505672554270167	0.1927133379377337	-0.02771393373825612	0.18258401415768163	0.10345584399142135	0.1402884028819121	0.16205087545972482	-0.07304075997187445	-0.19279665207990912	0.007501447209795155	0.18962528619840568	0.08665448852895848	-0.15331239177940872	0.15039706467838365	0.09051362370202289	-0.18764219787777744	-0.012674496784770253	0.19268389337563296	-0.06705891468643382	0.16603296869359518	0.1389230877452402	-0.11251850629414915	-0.21835091223451336
-0.22360498827033148	0.08256308500301195	-0.1673077667960318	0.12946601112451192	-0.1254382500202903	-0.1658343642551059	0.07618465896132334	-0.18864142957420044	-0.02025145561524501	-0.19506720866533425	-0.03793063063799425	-0.18401105181529712	-0.09305724812523	0.1562540268778769	0.13983845651556454	-0.1143024253053967	0.17387170504780258	0.06221239045173533	0.19180020789107	-0.005125964210858645	0.19242903576111833	-0.05122124239735083	0.17643263313306282	-0.10304602989039179	0.1484436754945471	0.1484436756857341	0.10304603007585361	-0.17643263293347008	-0.051221242191580564	0.19242903585027468	0.005125964268535115	-0.1918002081748231	0.06221239021929914	-0.17387170505677346	-0.11430242521083053	0.13983845633429204	-0.15625402677215774	-0.09305724789358498	-0.1840110519583702	0.037930630739054526	-0.19506720882472864	0.020251455490254262	0.1886414297992193	-0.07618465904230211	-0.16583436439960186	0.12543824998409644	-0.12946601092419355	-0.16730776618581916	0.08256308452122281	0.2236049887059971
-0.22715866395845621	0.05043030592951666	-0.1871051638982007	0.08222266492083731	-0.16876909443522398	-0.11180023220868957	0.1487076207475866	-0.13848683797637695	-0.12425174035055131	-0.16104069229940585	0.09558681231570487	-0.17848214830877196	0.06354553324965867	0.19002058799027158	-0.029347024794291587	-0.19522419712004782	0.005834495496460872	0.19373725391462698	0.04040040238326375	-0.18581392288191595	0.07325170587965622	0.17168529989501485	0.10279242187738635	0.15415915589641188	0.13201096275972535	-0.13201096268757936	0.15415915586687184	0.10279242188726632	-0.17168529987211428	-0.07325170582208342	-0.18581392292291124	0.04040040244492384	-0.1937372539185599	0.005834495643703946	0.1952241970750451	0.02934702487319026	0.1900205879049305	-0.06354553321779143	0.17848214824437444	0.09558681219198975	0.16104069225919898	-0.12425174055189274	-0.13848683822428223	0.14870762103755653	0.11180023243143074	-0.16876909436296875	0.08222266484693146	0.1871051631784299	-0.050430305611760366	-0.22715866429356601
-0.22895093153471718	0.0169599326451294	-0.197271700240989	0.028184513578427498	-0.19182924820340938	-0.03942325719069997	0.18932854894961218	-0.05075378895621936	-0.1867094532767843	-0.06202462569609199	0.18334411546308288	-0.07312826964170022	0.17916726675723518	0.08393286993898229	-0.17411162000708535	-0.09436341259946388	-0.16826942952321652	0.10421723610571103	-0.16147429443193112	-0.11342971591584686	-0.15403342353505278	0.12171924932973682	-0.145984787768134	0.1306827610716471	-0.14045183264141295	-0.14045183270677536	-0.13068276111036184	0.14598478775338003	0.12171924932392272	-0.15403342356621058	0.11342971601892907	0.16147429441333033	0.10421723610026548	0.16826942946664222	-0.09436341251590678	-0.17411162011970424	-0.08393287001642309	0.17916726662706564	-0.07312826961382643	-0.18334411533867032	-0.062024625623531844	0.1867094535912004	0.050753789157727006	-0.18932854925854528	-0.0394232573331389	0.19182924809405766	-0.028184513533280955	-0.19727169953351276	0.01695993247224872	0.22895093188492827
-0.2289508355784589	-0.016961119133362818	-0.1972717736091937	-0.028184116231656814	-0.19182924054615477	0.03942313693529505	0.18932862893274732	0.05075351597888781	-0.18670949088981745	0.062024524413449966	0.18334408522222975	0.07312850481660878	0.17916721141260109	-0.08393285558401507	-0.17411163965988743	0.09436339515204606	-0.16826942441197804	-0.10421725414276677	-0.16147429659245718	0.1134297049541756	-0.15403342221535532	-0.12171925635565414	-0.14598478762321637	-0.13068275725844075	-0.14045183417803703	0.14045183410384232	-0.13068275721173925	-0.1459847875710481	0.1217192564060453	0.1540334222235402	0.11342970486497338	-0.16147429660974258	0.10421725411564554	-0.1682694244540034	-0.0943633952055789	0.1741116396289406	-0.08393285545739858	-0.17916721126159335	-0.07312850482936474	0.18334408518638418	-0.062024524490770304	-0.18670949121299008	0.05075351590041441	0.18932862919675533	-0.03942313692540507	-0.19182924046136882	-0.028184116193439437	0.1972717729915205	0.01696111902297048	-0.2289508358545195
-0.2271583783983022	-0.05043149106233456	-0.18710537776219435	-0.08222231550129777	-0.16876906831498661	0.1118001171190674	0.1487078434194153	0.138486616193789	-0.12425185475645752	0.16104064907746893	0.0955867213531407	0.178482243525357	0.06354541274949183	-0.19002058148979048	-0.02934706170783875	0.19522420554230593	0.0058345049642673725	-0.1937372487828221	0.0404003962898345	0.18581392494078572	0.07325171039402024	-0.17168529828902265	0.10279242104712262	-0.1541591574967222	0.13201096169120424	0.13201096176065621	0.1541591575476407	-0.10279242103252063	-0.17168529832176013	0.0732517104017747	-0.18581392496483767	-0.040400396318473704	-0.1937372488032583	-0.005834504858110838	0.19522420557310485	-0.029347061609535187	0.19002058138464253	0.06354541270263267	0.17848224347583505	-0.09558672141741321	0.16104064912763244	0.12425185497058494	-0.13848661627306977	-0.14870784357204592	0.1118001172488199	0.16876906825092194	0.0822223153984892	-0.1871053772847742	-0.05043149069866256	0.22715837868546548
-0.22360451947044369	-0.08256426391145699	-0.16730810239966776	-0.12946574887997256	-0.12543820071236234	0.16583426049504693	0.076184981548988	0.1886413113025396	-0.02025162504224682	0.1950672371314605	-0.0379307552313009	0.18401096164528005	-0.09305733891766031	-0.15625402768195554	0.13983844798591183	0.11430245388816469	0.17387170576636068	-0.06221236951153779	0.1918002031604162	0.0051259758757871	0.1924290396228479	0.051221250167646504	0.1764326318940389	0.10304602564069874	0.14844367705515576	-0.14844367697682187	0.10304602559206348	0.1764326318195534	-0.0512212502101588	-0.19242903961054192	0.0051259759766844465	0.19180020322110133	0.06221236956961823	0.17387170570454524	-0.1143024538565313	-0.13983844806523862	-0.15625402764105056	0.09305733886405505	-0.18401096155917931	-0.03793075512017521	-0.19506723718471994	-0.020251625116545113	0.18864131151237298	0.07618498158684447	-0.1658342606674366	-0.12543820063005845	-0.12946574867723312	0.16730810203403892	0.08256426333867152	-0.2236045198258759
-0.2183502759864563	-0.11251967802163598	-0.1389235047737695	-0.16603281049137467	-0.0670588395144024	0.19268380296864587	-0.012674120385155333	0.18764222801228977	0.09051345891589954	0.15039714056839382	-0.1533124888096628	0.08665426617136121	-0.18962528837722845	-0.007501459725061778	0.19279668299651156	-0.0730407452912712	0.16205086732247453	0.14028841241623138	0.10345584586291043	-0.18258400758794222	0.027713932139260034	0.19271334136840867	-0.05056725531298563	0.17276664194792854	-0.12313919439285143	-0.12313919444655527	-0.1727666419743931	0.050567255357729345	0.19271334149236474	0.027713932193840697	0.18258400749048306	-0.10345584585018569	0.14028841237232093	-0.1620508673400476	-0.07304074541441281	0.19279668303591369	0.007501459825562124	-0.18962528827380812	0.08665426615276248	0.1533124886809615	0.1503971406290322	-0.09051345898032802	-0.18764222828489505	0.012674120476403018	0.19268380314145717	0.06705883941130222	0.16603281020132535	-0.13892350454867575	-0.11251967726668285	0.21835027647079797
-0.21148454351841678	-0.13953175024554165	-0.10344261768488539	-0.1889462863888673	-0.0006461067119711572	0.18798554793572483	-0.09881237611741057	0.1358085363769605	0.17105222563309214	0.04507612497528809	-0.1953572052480957	-0.05911955281399625	-0.1639399787597224	0.14678497903185042	0.08549161740110299	-0.19238140432071096	-0.01730798573179578	0.1827930999919068	-0.1142617346300304	-0.12166513142233824	-0.1778235441836178	0.027987278652456142	-0.19148823843249113	-0.0720768081189591	-0.1559714199001037	0.155971419831567	-0.07207680814362726	-0.19148823839579848	-0.027987278756783418	0.17782354404153014	-0.12166513148419307	-0.11426173474787855	-0.18279309999252477	-0.017307985776384496	0.19238140447857782	-0.08549161730361968	0.14678497883828956	0.16393997864834192	0.059119552681538845	-0.1953572051470601	-0.045076125105969866	0.17105222578282941	0.1358085366658694	-0.09881237632690287	-0.18798554805737222	-0.0006461065233572066	-0.18894628602978444	0.10344261752239886	0.13953174938407514	-0.21148454413737894
-0.20312509818201935	-0.16293950388277043	-0.06270946788387924	-0.19638107678519584	0.065848667864797	0.15256965356723515	-0.1638208300467812	0.047221818171845065	0.19451724369747903	-0.07841495575187271	-0.14402035455735107	-0.17186949273089513	-0.032609602528726495	0.1931478734577038	-0.09287503111471582	-0.13271123934167287	-0.17875225108306383	0.01686755569221459	-0.18926115554851647	0.10494489374128237	-0.12109459389037373	-0.18118770960779784	-0.006219953877185635	-0.18593741532950325	0.11385702698170322	0.11385702703599282	0.18593741539664096	0.006219953867454832	-0.1811877096430749	-0.12109459371679022	-0.10494489354919574	0.18926115569084417	0.016867555825974514	0.17875225121697338	-0.13271123947891572	-0.09287503128054507	-0.1931478732684599	-0.03260960240996103	-0.17186949251044484	0.14402035448696324	-0.07841495561140993	-0.19451724389985386	-0.04722181843406778	0.16382083035327458	0.1525696536874586	-0.06584866810516339	0.1963810764204723	-0.06270946781643855	-0.1629395029259625	0.2031250989330979
-0.19341432246695972	-0.18220483219283282	-0.01881600048268893	-0.18780354846090017	0.12450022890885974	0.09229303166057701	-0.19387636489904966	-0.05413389374609095	0.15313282168752954	-0.17032888895864856	-0.023926385253779527	-0.18870399461873022	0.11974954405635856	0.09752613788336996	-0.1940812796760356	0.050354122315889226	-0.15552087201139325	-0.16833409071031066	-0.0277409487232742	0.18869344956440195	0.11409454940179291	-0.1025970180392873	0.18978395625240924	0.038696448828699145	0.16302344107293906	-0.16302344080212683	0.03869644858374174	0.1897839564522322	0.10259701796358456	-0.11409454959850925	0.18869344916280484	-0.027740948966073837	0.1683340904653317	-0.15552087243720758	-0.05035412235988909	0.19408128000480315	0.09752613760265523	-0.11974954424804382	0.18870399416292058	-0.023926385205973903	0.17032888859657053	0.15313282192384706	-0.05413389336131962	-0.19387636534698294	-0.09229303191866244	0.1245002293589753	-0.18780354822322992	0.018816000278606995	0.18220483124108214	-0.1934143230954707
-0.18251786578418353	-0.19693393082484884	0.026019015143650404	-0.1640114986207873	0.16839621908118757	0.017022490520459666	-0.1826659980739609	-0.14090051454376937	0.060771569708343076	-0.19376757952407347	0.10757262755926586	-0.10031781458883285	0.1950730049301094	-0.06975802396644615	-0.13418472506179674	0.18659952869142835	0.028308074949586415	-0.16178521438544569	0.16854121881844283	0.01564256853599012	0.18107969476928573	0.1388825830502374	0.06270666824928059	0.1932605754197538	-0.10418639833474784	-0.10418639838759132	-0.19326057545993047	-0.06270666824257018	0.1388825829759819	0.18107969491725853	-0.015642568384392787	-0.16854121879659317	-0.16178521420676953	-0.028308074689934612	0.18659952873226288	-0.1341847253026914	0.06975802402959061	0.19507300513814663	-0.10031781428197908	-0.10757262765276343	-0.19376757918424053	-0.06077156982463987	0.14090051419815386	0.18266599846845094	0.01702249085287279	-0.16839621958504072	0.1640114985030884	0.026019015375139357	-0.19693392988864736	0.18251786643085338
-0.1706183651494615	-0.20688246219144144	0.06957043098417275	-0.1270436403371558	0.1924489719403956	-0.06101036632414609	-0.13267262009556888	-0.18973861832604108	-0.05175629799624128	-0.13945739641592114	0.18784841646032938	0.043977672541876824	0.14493374726584793	-0.18581059620852333	0.03694532538315966	0.1495543253163076	0.18297991090034588	0.02909469117576743	0.15435601195523527	-0.17862951957901826	-0.018625927542730257	0.15997732577247484	-0.17134117505170043	-0.0038911919198802514	-0.16959139922959843	0.16959139924902894	-0.003891192042936284	-0.17134117488178158	-0.15997732586805025	0.01862592750350346	-0.1786295197437132	0.15435601179476624	-0.029094691185150588	0.1829799107283436	-0.1495543254205229	-0.03694532520090769	-0.18581059628010702	-0.1449337474317405	-0.04397767280269526	0.18784841654959025	0.1394573959766174	-0.05175629793863945	-0.1897386178958554	-0.13267262047820297	0.061010365802052734	0.19244897260456637	-0.12704364044422575	-0.06957043143754706	0.20688246133833302	-0.17061836557457336
-0.15791696803375738	-0.21197552215646406	0.1097547222389707	-0.0799677540088386	0.1939774424796899	-0.1292309213554675	-0.05460933869083799	-0.18766428910889138	-0.1471256676748114	-0.029296431022679446	0.17881083064973796	0.16385217278246245	0.0016718599956255307	-0.1656202736259501	0.17743639181980836	-0.026262395564098234	0.14899479332293136	0.1869920924434799	-0.05254973324488825	-0.13001458838130173	-0.1908356299030696	-0.07269097452556171	-0.11403571422047441	-0.1944919672766199	0.09414952464401176	0.09414952469024404	0.19449196731045115	0.11403571423799168	-0.07269097449050393	-0.1908356299488139	0.13001458837515673	0.052549733290490126	0.18699209229472522	-0.14899479349954953	-0.026262395556451594	0.17743639187094104	0.16562027361620296	0.0016718600178125544	0.16385217278105316	-0.17881083074172072	-0.029296430743493654	0.14712566773330982	0.18766428878113453	0.054609338921662406	-0.12923092077146986	-0.19397744315762844	0.0799677543001589	0.109754722808021	-0.21197552137886902	0.15791696837861105
-0.14462594045733668	-0.21229784525464773	0.14473361606159044	-0.026599544892638563	0.17296997921667248	-0.17674812580820884	0.03493010239187829	-0.13544190599753198	-0.19390363224909887	0.0926007496867662	0.08485769744605218	0.19268939354679326	-0.1426081853933763	-0.024227062119398794	0.1711410629697587	-0.1777997948525052	-0.03864431351999723	0.13212818993238737	-0.19384845948959623	0.0951322065567418	-0.08230641980283973	-0.1902304160731269	0.13756404023515553	-0.031317524332688834	0.17566910102701488	-0.1756691011333273	-0.031317524105081	0.1375640399835212	0.19023041618385153	0.08230641989598869	0.09513220683215459	-0.1938484592926695	-0.13212818973673335	-0.03864431311069783	0.17779979494197973	-0.1711410632451803	-0.024227062016104233	0.14260818556406016	-0.1926893932529372	0.08485769747092749	-0.09260074966987077	-0.19390363238910607	-0.13544190586575797	0.03493010238224883	0.17674812526019995	0.1729699797909011	-0.026599545332045817	-0.14473361667798415	0.2122978445340108	-0.14462594078584343
-0.13096532469215538	-0.20809431136173528	0.17302334406441233	0.028840843471105142	0.13206792534758657	-0.19617143716000535	0.11715127067707641	-0.04718269416727094	-0.17686802118267703	0.1776494036328444	-0.049335750531110015	0.11469642339832649	-0.19556593063289382	0.13484110940467894	0.023472015185397932	-0.1647929571940764	-0.18667961621663878	-0.07305027628357075	-0.09352007628792978	0.19105418372232358	0.1471474035630757	-0.006467770158485707	0.1557470254258012	0.18955695163256778	-0.08376738804910815	-0.08376738810867242	-0.18955695161012928	-0.15574702549252809	-0.006467770178425933	0.14714740352646002	-0.19105418388904577	0.09352007616312523	-0.0730502763205488	0.18667961612492137	-0.16479295717309692	0.023472015378775763	-0.1348411093372568	-0.19556593086770835	0.11469642319909014	0.04933575062314505	0.1776494035337965	0.17686802128492207	0.047182694105101154	-0.11715127077219603	-0.19617143661556763	-0.132067925912768	-0.02884084282232969	0.17302334489013727	-0.20809431076299506	0.13096532481652992
-0.11715392678358769	-0.19974191689447807	0.19354255208124332	0.08207611175498536	0.07618742662953722	-0.1847157587412328	0.1750347783708275	0.05359685334291998	-0.10180370901193043	0.19210805924623106	-0.16017418223972013	-0.026631877736150934	-0.12367990937233794	0.1956001517589503	-0.143656810292723	0.0007255048518696514	-0.14263870188250036	-0.1951968919316981	0.12306091331467331	0.028011373175952262	0.1605490937554742	0.18780434883402228	-0.09112138256158382	0.06590144361664867	-0.18124946833629532	0.181249468421197	0.06590144339091286	-0.09112138236820723	-0.18780434882479274	-0.16054909384870916	0.028011373116870984	0.12306091335437791	0.1951968917653716	-0.14263870209947319	-0.0007255049522608691	0.14365681026657762	0.19560015158247857	0.12367990955355625	0.02663187772539576	-0.1601741824489651	-0.19210805914268134	-0.10180370900630668	0.053596853382665274	0.17503477853128488	0.1847157582036939	0.07618742710493791	0.08207611087519609	-0.19354255304722115	0.1997419164423379	-0.11715392676296643
-0.10341171315695451	-0.187758022920126	0.20571634307952616	0.12921520322525784	0.011795673106922092	-0.14450924238663848	0.19686985950519448	0.1403387880096388	0.00652974566847805	0.13056089914380584	-0.1956191764968981	-0.15324135533335126	0.026923518119467266	0.1140956779951592	-0.19268603127566655	0.16581668174036326	0.04808703921623916	-0.09591555047814256	0.18653574458103478	-0.17281500378140968	-0.06145267333546487	0.08537845016440854	-0.18412911393923917	-0.17854525649804878	0.07305770828325986	0.07305770828630596	0.17854525657961098	0.18412911398447368	0.08537845004405495	-0.061452673162925804	0.1728150038882365	-0.18653574459637354	-0.09591555036531921	-0.04808703903339244	0.16581668179949124	-0.19268603134039247	-0.11409567791423693	0.026923518066678014	-0.15324135520174245	0.1956191767237853	0.13056089902002244	-0.006529745721774907	-0.1403387879424152	-0.19686985977601526	-0.14450924201313292	-0.011795673361709695	-0.12921520223291896	0.20571634408102377	-0.1877580225767903	0.10341171310019989
-0.08995349070581123	-0.17276430176553223	0.209462327687933	0.16704012509381483	-0.05390732681125391	-0.08206964111459109	0.1784821994945525	0.19040382466181627	0.11267741858557927	0.0177455303250253	-0.13952812260510122	-0.1958033299727174	0.16052770246909398	-0.05035093495046244	-0.08328855282547203	0.1779967509854774	0.1893617387285347	0.11170762761982078	0.01871093877823685	-0.14006885878429934	-0.19363016470797056	-0.15241360214001212	0.035731664592044396	-0.09884923641877338	0.18631803183114953	-0.18631803169610767	-0.09884923643315514	0.03573166454565747	0.1524136022358848	0.19363016454777468	-0.14006885888899628	0.018710938718481077	-0.1117076275436465	0.18936173877849158	-0.17799675096788817	0.08328855287472309	-0.05035093493473977	-0.16052770254312	0.19580332974256365	-0.13952812276176743	-0.01774553027282206	0.11267741868396088	0.19040382453110807	0.17848219979996152	0.08206964092437602	-0.05390732681354904	0.167040124025986	-0.20946232866266154	0.1727643015155029	-0.0899534906437331
-0.07697929547976509	-0.15546012510112228	0.20519205807813673	0.1932878235272902	-0.11389372049829485	-0.00717184688038745	0.1240737008834802	0.19123260953372617	0.1825596314309727	-0.10194586497930846	-0.018548197588496632	-0.13153061645680106	0.19284881799674788	-0.17867764369587133	0.09465215294074622	0.026338451896340154	0.13680074435998887	0.19298329823781982	-0.17202739046974905	0.08143798048674218	-0.042998113090448105	-0.15061153540208808	0.196498082329851	0.16169677244256017	-0.062031903849182134	-0.06203190385549425	-0.16169677250240572	-0.19649808234301555	-0.15061153537275657	-0.042998113174561474	-0.08143798051339546	0.17202739055215704	0.19298329805631712	-0.13680074457599686	0.026338451829016292	0.09465215290607133	0.17867764359334254	0.1928488182054226	-0.1315306162927403	0.018548197567015867	-0.10194586497580672	-0.18255963150844884	-0.1912326093371693	-0.12407370119269179	-0.007171846961435913	0.11389372076847702	-0.19328782250292748	0.20519205901298324	-0.1554601249073422	0.07697929541261816
-0.06466564405105858	-0.13656689017548287	0.19369691013679777	0.20669059536993717	-0.16200946705904812	0.06872707620623078	0.045135350574534994	0.14334999727721193	0.1944223672440988	-0.18222362784161136	0.11111755817663076	0.0043345403762398	0.10364100722894032	-0.17810151951493186	0.1951356565469588	-0.14918780054905903	-0.05493514665458372	0.05719793987269911	-0.15045049927073026	0.19350188767271068	0.17088245397070578	0.08913660173832666	0.024122937667469417	0.12918081540657833	-0.19084011246259444	0.19084011221643934	0.1291808155398471	0.024122937589914597	-0.08913660180339796	-0.17088245371622185	0.1935018879056481	-0.15045049919555106	-0.05719793976573933	-0.054935146467553424	0.14918780062089507	-0.1951356565430412	-0.17810151935928875	-0.10364100744561754	-0.004334540351181919	0.11111755839523661	0.18222362782895005	0.19442236723572226	0.14334999701642173	0.045135350836098556	-0.06872707582465866	-0.16200946756968485	0.20669059445891153	-0.193696910988263	0.1365668899961017	-0.06466564398618072
-0.05316868542884774	-0.11683372728623222	0.1761772832122953	0.20722084949721586	-0.1939478202364131	0.13471776157921642	-0.04250848226649306	0.0595882038483998	0.14537901128361547	-0.19289258301856294	0.19017434656865392	0.13826731985450386	-0.05080982635703507	-0.0495234698933134	0.13679104159075461	-0.1883354968447888	-0.19052424917153848	-0.1423191831534944	0.05580776864194599	0.046498634629374466	0.13709513535252082	0.19061206677830086	-0.19137599815712106	-0.1393755498385769	0.05068999521598077	0.05068999522395517	0.13937554987832815	0.1913759981354091	0.1906120668603186	0.13709513528166184	-0.04649863472884163	-0.05580776873616807	-0.14231918303403174	0.19052424926794084	-0.1883354968353644	0.13679104158114416	0.04952346987453175	-0.05080982627731835	0.13826731973773895	-0.1901743468473432	-0.19289258292747535	-0.1453790112760664	-0.059588203706962	0.042508482181758046	0.13471776105434405	0.19394782086240328	-0.20722084865704435	0.17617728403138547	-0.11683372717799369	0.053168685323614
-0.042633652184772816	-0.09701941602667799	0.15413905246011053	0.1959793522041865	-0.20759798913544314	0.18210168728311985	-0.12218861553722164	-0.038918574149113934	0.05128046140433983	-0.13041923667654592	0.1827792806594699	0.198074528292523	-0.17344661630455754	0.1139637742724583	-0.03161980754080282	-0.057001602579149734	-0.13388588329479018	-0.18309767253296622	0.19391889960949904	-0.16323402783168894	-0.09655532208827874	-0.007701216043432261	-0.08351769594252474	-0.15594551526279563	0.1947371358747389	-0.1947371355720374	-0.15594551544881913	-0.08351769576972307	0.007701216009961194	0.09655532188379488	-0.16323402808883256	0.19391889953738795	0.18309767228789856	-0.1338858836135725	0.05700160247917107	0.03161980758666337	0.11396377411387514	0.17344661643189377	-0.198074528179648	0.18277928082191036	0.13041923648922812	0.05128046145428336	-0.03891857406916129	-0.12218861569317584	-0.18210168674607385	-0.20759798975801344	0.19597935138261344	-0.15413905323752594	0.09701941601670475	-0.042633652038875924
-0.03316582182897024	-0.07781699320272926	0.12924126050035295	0.17502347800155593	-0.20322267532571373	0.20576032960492857	-0.17994859269820787	-0.12853734830587407	-0.058795522159251615	-0.018974704113705332	0.09320523270034986	0.15287336977866742	-0.18913753501511948	0.19661109330371557	-0.17412865279927303	0.12492304812674165	0.05621375319240915	-0.02174401952872435	0.09701544174206111	-0.15763297873769427	-0.19335119485803073	-0.19744327876577084	0.16853902764739104	0.11202342707277019	-0.03901105064964478	-0.03901105065250624	-0.11202342710555617	-0.16853902760030884	-0.19744327891592428	-0.19335119465288483	0.15763297895515496	-0.09701544168641435	-0.021744019468137973	-0.05621375308584998	0.12492304817150253	-0.1741286527547723	-0.19661109318657818	-0.18913753531512464	0.15287336962996015	-0.09320523270106609	-0.01897470402627089	0.05879552210954461	0.12853734812419393	0.17994859298792304	0.20576032904225824	0.20322267598678706	-0.1750234772945919	0.12924126112504508	-0.07781699324115417	0.03316582177092016
-0.024822635604110584	-0.059787003917439005	0.10305453865215183	0.14684550113432998	-0.18280017635816692	0.20406924374398636	-0.20638488581577383	-0.18836417548595846	-0.15135889017831516	0.0990418207250852	-0.03684274670425393	0.028724527078633856	-0.09076825499065512	0.1427379244879635	-0.17906584112981652	0.19573110032940874	0.19065203683856569	0.16395813075653431	-0.11805169450260591	0.05757262127867904	-0.010850164352778021	-0.07889648387771707	0.13740110673152264	0.17819615928287275	-0.19784706508308708	0.19784706473837627	0.17819615950058124	0.13740110649257928	0.07889648401802321	0.010850164402742175	0.057572621440503104	-0.11805169442527143	-0.16395813054678535	0.19065203710160766	-0.19573110026220675	0.1790658409759921	0.14273792452493078	0.09076825524961392	-0.02872452691710609	-0.03684274682618135	-0.09904182062058232	-0.15135889019504986	-0.18836417530781258	-0.2063848861089978	-0.20406924313056554	-0.18280017703733667	0.14684550061395363	-0.10305453907603511	0.05978700393545242	-0.024822635649397084
-0.017612302491831787	-0.043358971749266256	0.07704845193583215	0.11432970677406816	-0.15008531517872448	0.1796280009182654	-0.19931866612067575	-0.20677913473373216	-0.2008967400534083	0.18173908269325004	-0.15042778154734293	-0.1089812367273886	0.060138606215953266	-0.007160015788925621	-0.04637996397233482	0.09681234078067068	0.1405775992772615	0.17443413128118399	-0.1956417952051238	0.20216174636105816	0.19286261028324672	0.16782533828529594	-0.12887198010854103	-0.08006314887986356	0.026929386879097676	0.026929386876748868	0.08006314891071697	0.12887198004136521	0.1678253384508606	0.1928626100355746	-0.20216174660961192	0.19564179520024622	0.17443413105534397	-0.1405775995159032	0.09681234073722339	-0.04637996393562505	0.0071600157152339845	0.06013860622379284	-0.10898123670683056	0.15042778172443075	0.18173908254603252	0.2008967401137897	0.20677913452922314	0.19931866643077747	0.1796280003801631	0.1500853157394082	-0.11432970641456772	0.07704845228359394	-0.04335897175345106	0.01761230248131658
-0.01158252355106214	-0.029020384965370984	0.052826796284746735	0.08088720494472407	-0.11050398723282585	0.13904352866692496	-0.16425174482139338	-0.18435016907846596	-0.19802667120281395	0.20440216464637648	-0.20298964590617713	-0.19366423703782948	0.1766292341604962	-0.152394889283187	0.12174480037426248	-0.08571769558203968	-0.04557796728785432	-0.00281561532776175	-0.040864496286771086	0.08349619107445466	0.1228247522390484	0.15620675787605973	-0.18087860928922625	-0.1949455865544152	0.1998785254593624	-0.19987852509262544	-0.19494558679176396	-0.1808786089879158	-0.1562067581245865	-0.12282475210698825	0.08349619105371288	-0.040864496385425796	0.0028156153207116647	-0.045577967365098754	0.0857176955500709	-0.12174480023821606	-0.1523948892592395	-0.176629234430477	0.19366423679513475	-0.20298964609293071	-0.20440216456375135	-0.19802667123521295	-0.18435016881840172	-0.16425174513663282	-0.1390435282980628	-0.11050398758451438	0.080887204678307	-0.052826796604692784	0.029020384980020564	-0.011582523436418435
-0.006756427708872232	-0.017158036821042187	0.03180871697937597	0.04985796887867949	-0.07012574229230797	0.09142869276996432	-0.1127297928382275	-0.13317223964722436	-0.15206001947298622	0.16882949745045234	-0.1830211662096471	-0.19426098765592023	0.20224357141753935	-0.2067251463555134	0.20751201670399472	-0.20445632391085974	-0.19744811535498927	-0.18641666083155833	0.17133328774707351	-0.1522330531348747	-0.1292639722175716	-0.10280242337588852	0.07371553183861734	0.0435892562672546	-0.014251992283104926	-0.01425199227812387	-0.043589256289521955	-0.07371553178127002	-0.10280242349645319	-0.12926397203358286	0.15223305329790876	-0.17133328777723902	-0.18641666060505802	0.19744811553968286	-0.20445632389452836	0.20751201659751448	0.20672514630776007	0.20224357173309296	-0.19426098741241662	0.18302116639335902	0.16882949739188463	0.1520600194819832	0.13317223944019946	0.11272979308237871	0.09142869255710814	0.0701257425073841	-0.049857968702015226	0.03180871718311685	-0.017158036843262656	0.0067564276319213275
-0.003049602815847906	-0.00781373711561622	0.014659868899086891	0.02332907199823477	-0.033427553162098354	0.04456203915145822	-0.05640072787182105	-0.06868375989019807	-0.081212898345493	0.09383533724976148	-0.10643097573205652	-0.11889992847021597	0.13115576748944988	-0.14311632725672802	0.15469908167369745	-0.1658068853291706	-0.17632092696067173	-0.18607177782427964	0.19482122006697986	-0.20219701191642062	-0.20765418577051675	-0.21037945233689756	0.20956367669723255	0.20526256204146856	-0.200537946515484	0.20053794613750436	0.20526256229275822	0.20956367634570613	0.21037945267248936	0.20765418549098946	-0.2021970119957198	0.19482122021246048	0.18607177760332255	-0.17632092702775495	0.1658068853506755	-0.15469908167001892	-0.14311632716975908	-0.13115576766059828	0.11889992836171773	-0.10643097585210226	-0.09383533718369286	-0.08121289834622966	-0.0686837597975468	-0.05640072798501708	-0.04456203904407023	-0.033427553288080676	0.023329071916396226	-0.014659868960382119	0.007813737127668148	-0.003049602824997532
