-0.0030496217100867604	-0.007813693309319969	-0.014659839759305179	-0.02332912554364795	-0.033427601457159735	-0.04456200628695167	-0.05640068797047839	0.06868375187314756	-0.08121288148908869	-0.09383535409057271	-0.10643104773526567	0.11889992591188554	0.13115570316216732	0.14311631452155815	-0.1546991106857853	-0.16580689871357443	-0.17632094039208412	0.1860717510836642	0.1948211991269784	0.2021970323239252	-0.20765419950134312	0.21037946067051969	0.20956362525359434	-0.205262612951974	0.20053792845600235	-0.20053792815455268	0.20526261314279431	-0.20956362493522962	-0.21037946101735144	-0.20765419917994574	-0.20219703242550816	-0.19482119923133867	0.18607175088891767	0.17632094051123498	-0.16580689875023802	0.1546991106690142	-0.1431163144329228	0.1311557032621117	0.11889992578402687	-0.106431047818453	-0.09383535404165093	0.08121288156739286	-0.06868375183600958	-0.05640068808015473	-0.04456200618802836	0.033427601540482285	0.02332912543553536	0.014659839807723025	0.007813693256445943	0.0030496217519231737
-0.006756476738702503	-0.01715794934300501	-0.03180865700344023	-0.04985807816316329	-0.07012583403459982	-0.09142861935361106	-0.11272971634491949	0.13317223434184827	-0.1520599988543348	-0.16882953124716485	-0.1830212821343878	0.1942609693970158	0.20224346717657007	0.20672513529000272	-0.2075120696609912	-0.20445634201582813	-0.19744812087886682	0.18641662255234454	0.17133327302924192	0.15223307835292407	-0.12926398957020624	0.10280241118274545	0.07371551156727539	-0.04358928118892367	0.014251979783368583	0.014251979779709097	-0.04358928120820279	0.07371551151799757	0.10280241128377815	0.12926398944636644	0.1522330784024114	0.17133327308559287	-0.1864166224283606	-0.1974481209772778	0.2044563420225095	-0.20751206973693426	0.206725135117382	-0.2022434673008722	-0.19426096925087982	0.1830212822488576	0.1688295311124324	-0.1520599990494025	0.133172234270511	0.11272971651836701	0.09142861918263381	-0.07012583424478741	-0.04985807788057263	-0.03180865711254975	-0.017157949286165774	-0.006756476767913697
-0.01158262037718597	-0.02902025550675969	-0.0528267080198757	-0.08088737554511123	-0.11050411098672744	-0.13904339776621605	-0.16425163352882097	0.18435018469086317	-0.19802667433975654	-0.20440221764949587	-0.2029897578507857	0.19366418662376222	0.17662912680489706	0.15239489490873234	-0.12174486225055904	-0.08571771422815681	-0.04557794935979576	0.0028155811047456607	-0.04086449309777168	-0.08349616911222661	0.12282473408198344	-0.15620679862485007	-0.1808785854751414	0.19494559190972927	-0.1998785253920041	0.19987852509421639	-0.19494559209334592	0.1808785851946384	0.15620679890893402	0.12282473385534834	0.083496169209294	0.04086449311983957	0.0028155811179090516	0.04557794934967026	-0.08571771421148637	0.12174486233720139	-0.15239489474978302	0.17662912691303007	0.1936641864535843	-0.2029897579557838	-0.20440221747070603	0.1980266745688259	-0.18435018457665825	-0.164251633799057	-0.1390433974984586	0.1105041113099759	0.08088737511015827	0.05282670819481882	0.029020255391345912	0.011582620447715429
-0.01761246151647382	-0.043358796278042976	-0.07704833384359824	-0.11432993799808547	-0.1500854565784008	-0.17962780817521926	-0.19931853400761038	0.2067791871182559	-0.200896785209853	-0.18173914265396898	-0.1504278358233329	0.10898116024182027	0.06013854440410536	0.007160043328047821	0.046379924666413316	0.09681232973047108	0.1405776329179058	-0.17443413988999687	-0.19564177985454606	-0.20216173658688605	0.1928626153366961	-0.1678253537859068	-0.12887195612870134	0.08006316937839865	-0.026929372299078796	-0.026929372297421223	0.08006316940889653	-0.12887195606759116	-0.16782535392736875	-0.19286261517233624	-0.20216173669465462	-0.19564177985230008	0.174434139867466	0.14057763297687245	-0.09681232969335074	0.04637992472586617	0.007160043333875515	-0.06013854450517785	-0.10898116001952293	0.15042783591495903	0.1817391425402351	-0.20089678534406982	0.20677918697356998	0.1993185344438173	0.17962780778997633	-0.1500854569693746	-0.11432993750074762	-0.07704833408704626	-0.04335879599847532	-0.017612461740031143
-0.024822879917589913	-0.0597867907341861	-0.10305439592102944	-0.14684578290972544	-0.18280030860741642	-0.20406899193113506	-0.20638475640129245	0.1883642758003896	-0.1513589862477762	-0.09904187136985934	-0.036842705537207476	-0.02872461190928123	-0.09076824275958026	-0.14273788135091348	0.17906583622652741	0.19573110102718158	0.1906520708618732	-0.16395811791999665	-0.11805167518805125	-0.05757261667895205	-0.0108501310290352	0.0788965068815514	0.1374011047561991	-0.17819615424306007	0.19784706733939403	-0.19784706704964053	0.178196154416975	-0.1374011045207077	-0.07889650709408953	-0.010850130910793392	0.05757261661519306	0.11805167519864533	-0.16395811785595973	-0.19065207091893022	0.19573110098912885	-0.17906583634078577	0.14273788120932915	-0.09076824275347442	-0.028724612034259772	-0.03684270554631756	-0.09904187130031686	0.1513589862795267	-0.1883642756391024	-0.20638475689824953	-0.2040689914923049	0.1828003090790766	0.14684578231236656	0.10305439623828799	0.05978679032677168	0.024822880251157836
-0.03316616916125101	-0.07781674271517208	-0.12924109169106052	-0.17502379401699705	-0.20322278118316614	-0.20576004650003119	-0.17994849546142788	0.12853748355543426	-0.05879564602209986	0.018974681631156436	0.09320535734032825	-0.15287342598445916	-0.18913745491682388	-0.1966110594723412	0.17412867870164775	0.12492306201029786	0.056213759286737955	0.021744039889428104	0.09701545026822914	0.1576329674169942	-0.1933511791201285	0.197443306567477	0.16853900559452095	-0.11202344161984408	0.03901104130617927	0.039011041309228445	-0.11202344165684577	0.16853900554278212	0.19744330670467478	0.1933511789724174	0.15763296757019382	0.09701545015017196	-0.02174404004885803	0.05621375934589954	-0.12492306208562586	0.1741286786752442	-0.19661105936169285	0.1891374550817501	0.15287342582074293	-0.09320535746512955	-0.018974681714062008	-0.058795646047462104	0.12853748342063387	0.17994849585819947	0.20576004613934368	-0.20322278179426453	-0.17502379324615588	-0.12924109209335988	-0.07781674230043886	-0.03316616948288738
-0.042634128108778195	-0.09701913968951298	-0.1541388625071823	-0.19597967717231243	-0.20759804746965246	-0.182101406740134	-0.12218857860755092	0.0389187255620323	0.05128034332625121	0.13041925832847245	0.18277944439119254	-0.19807453033262457	-0.17344650777414997	-0.11396376077621671	0.031619841630366255	-0.05700157342129121	-0.13388590507468992	0.18309768925852468	0.1939189002844976	0.16323400106610614	-0.09655534054127406	0.007701215064785748	-0.08351770044039711	0.15594551108420276	-0.19473713749446916	0.1947371372196696	-0.15594551124344547	0.08351770025357808	-0.007701214919217334	-0.09655534056380027	-0.16323400107144645	-0.19391890023529415	0.18309768929353837	0.13388590509590445	-0.057001573332480085	-0.03161984154543255	0.1139637607294303	-0.1734465079767699	-0.19807453000027284	0.1827794445710201	0.13041925835674745	-0.05128034335983095	-0.038918725469255504	-0.12218857887829451	-0.18210140647871406	0.2075980481498849	0.1959796763157848	0.15413886297210558	0.09701913921748148	0.04263412847107552
-0.053169303891540697	-0.11683342434761394	-0.1761770734850378	-0.20722116285888273	-0.19394782536448174	-0.13471752410539606	-0.042508516713864845	-0.059588069927032264	0.14537893752808587	0.19289264821515867	0.1901744807034395	-0.13826726253028915	-0.05080974829652291	0.049523460062254124	-0.13679101813122058	-0.18833546981279994	-0.19052427859935456	0.1423191898294025	0.05580775827912352	-0.046498646764869554	0.13709511185500575	-0.19061208757454906	-0.19137598114696033	0.13937556220875907	-0.05068998733110512	-0.050689987340381853	0.13937556224896422	-0.1913759811176444	-0.1906120876729111	-0.1370951117648561	-0.04649864692167536	0.0558077584804813	-0.1423191895698907	-0.1905242787458191	0.18833546987051136	-0.13679101804562324	0.04952346009528646	0.050809748356051274	0.13826726235363682	-0.19017448080216007	-0.1928926480880953	0.1453789377249686	-0.05958806996016936	0.04250851693587716	0.13471752393248546	-0.1939478260022732	-0.20722116211938643	-0.17617707399673865	-0.11683342368461647	-0.05316930444973752
-0.06466640968704018	-0.13656655469578485	-0.1936966853027471	-0.20669088388103582	-0.16200941867806748	-0.06872691067430305	0.04513525286839157	-0.14334990968634245	0.1944223586284393	0.18222372099826148	0.11111761466499037	-0.004334451681412124	0.10364102153379966	0.1781014995437869	-0.19513564536126388	-0.1491877882306425	-0.05493516240273625	-0.05719793498625122	-0.15045051905049048	-0.19350187402806082	0.17088245458266085	-0.08913660508491436	0.02412294123806731	-0.12918081240059362	0.19084011394638928	-0.19084011369735526	0.12918081253555672	-0.02412294110491824	0.08913660499582515	0.17088245453972825	0.1935018741209536	0.15045051887974842	-0.05719793521960225	0.05493516249150997	-0.14918778834685897	0.19513564522716792	-0.1781014995159198	0.10364102162839248	-0.0043344517006947145	0.1111176146275084	0.18222372077071	-0.19442235888020223	0.14334990964193373	0.045135252774621715	-0.06872691063797631	0.1620094192372936	0.20669088327195212	0.193696685838129	0.13656655387989325	0.06466641039701912
-0.07698019627092734	-0.1554597388593848	-0.20519182522372564	-0.1932880854062958	-0.11389363028678375	0.007171927686576676	0.12407357166181253	-0.19123259135540477	0.18255968553573568	0.101945954153659	-0.018548232232838174	0.1315306845153868	0.19284876978135934	0.17867762755385005	-0.09465215361616733	0.02633844668172447	0.13680075131258337	-0.19298329790303018	-0.17202739601574274	-0.08143796367164068	-0.04299809396920413	0.15061155265217563	0.1964980687357454	-0.16169678213024272	0.06203189771750514	0.0620318977337641	-0.16169678217165387	0.19649806873443512	0.15061155269169876	0.042998093957523104	-0.0814379635712991	-0.1720273961956175	0.19298329771477227	0.13680075143701004	-0.026338446679376865	-0.09465215373813515	0.17867762739491255	-0.1928487699121186	-0.13153068445655985	0.018548232327939805	-0.10194595399456949	0.1825596856541202	-0.191232591243886	-0.12407357183146539	-0.007171927507561867	-0.11389363081260123	-0.19328808486735252	-0.20519182577587244	-0.15545973806151667	-0.07698019697364938
-0.08995450200439238	-0.17276384098495665	-0.20946210083829797	-0.16704036616097087	-0.053907211254876145	0.0820696456699486	0.17848208453907433	-0.19040387913431228	0.1126775091609437	-0.017745474309111144	-0.13952821784656225	0.19580333470794403	0.16052762854294314	0.05035093220916117	0.08328854711140696	0.17799673714534175	0.18936175479646056	-0.11170763607308125	0.018710957671651825	0.14006885351375892	-0.19363015934541392	0.15241360992733352	0.035731659162768645	0.09884923263180043	-0.18631803303279781	0.1863180328246382	-0.09884923272729335	-0.035731659233168865	-0.15241360988587427	-0.1936301592743803	-0.1400688536745791	-0.018710957405066588	-0.11170763570410358	-0.18936175497975294	0.17799673723380913	-0.08328854686114882	-0.050350932023207694	0.16052762864647427	0.19580333459550237	-0.13952821796005835	-0.01774547437748518	-0.11267750911998206	0.1904038789685359	0.17848208490958586	0.08206964531950102	0.05390721168016252	0.1670403657637469	0.2094621013608588	0.17276384019274632	0.08995450271119514
-0.10341280958200443	-0.1877574681570862	-0.20571613738285774	-0.12921542860547683	0.011795796215974612	0.14450918991397893	0.1968698030807313	-0.1403389018983525	0.0065298354250023696	-0.13056089682211325	-0.19561927786534059	0.1532412865293168	0.02692346065415527	-0.11409566056864907	0.19268602469741103	0.16581667268326544	0.04808705431587413	0.09591554673003339	0.1865357668415491	0.17281498452285168	-0.06145268564752318	-0.08537845909819582	-0.18412910490147594	0.17854526367715173	-0.07305770327667135	-0.07305770330014985	0.17854526371927107	-0.18412910492590043	-0.08537845907746935	0.06145268558425752	0.1728149845306683	0.18653576688997658	-0.09591554674355059	0.0480870543123003	-0.16581667273162037	0.1926860246815839	-0.11409566055748394	-0.026923460729102254	-0.15324128630090686	0.19561927800740359	0.13056089683878794	0.006529835341161392	-0.14033890172177296	-0.19686980350424352	-0.14450918950759709	0.01179579600320738	-0.12921542851874096	-0.20571613785812792	-0.18775746726290748	-0.10341281042877098
-0.11715507724425048	-0.1997412539323365	-0.19354238666119952	-0.08207632807091444	0.07618754784246802	0.18471568190950713	0.1750348069797541	-0.053596992025820814	-0.10180365512936831	-0.19210810606032933	-0.16017423321411411	0.02663177019105592	-0.12367991811934176	-0.1956001248735485	0.14365680707383713	0.0007255065468273771	-0.1426386931981377	0.19519690217895655	0.12306091050154991	-0.028011376525591918	0.16054908858322958	-0.18780435445805044	-0.0911213779466379	-0.06590143969070822	0.18124946945456563	-0.18124946930595026	0.0659014397264831	0.0911213779390723	0.18780435446424593	0.16054908851590094	0.028011376692092013	-0.12306091074750278	0.19519690186645708	0.14263869337784307	0.0007255065247074777	-0.14365680729301886	0.19560012465931179	-0.12367991814603557	0.02663176998095083	-0.160174233294505	-0.19210810598486272	0.10180365524332712	0.053596991867863444	0.17503480738133156	0.184715681500401	-0.07618754786407228	0.08207632829895375	0.19354238705462323	0.19974125295063377	0.11715507820555537
-0.13096650614694655	-0.20809353880450354	-0.17302323534918576	-0.028841049725189367	0.13206803519486118	0.19617136189949835	0.11715138021064601	0.047182576528695404	-0.17686802861517295	-0.1776494824275503	-0.049335727696972836	-0.11469650956688272	-0.1955658810770089	-0.13484109336561748	-0.02347201830099329	-0.16479294493644608	-0.1866796221701863	0.0730502855615288	-0.09352009476721543	-0.19105416699523997	0.14714741404600795	0.006467776366460232	0.15574702116187825	-0.18955695423267538	0.08376738648889957	0.08376738651962229	-0.18955695427605845	0.15574702120255224	0.006467776303552746	-0.1471474139381883	-0.19105416711940296	-0.09352009464652435	-0.07305028535355705	-0.18667962229922236	0.16479294498009076	-0.0234720180913938	-0.1348410931792081	0.1955658812142217	0.11469650955908967	0.04933572762057914	0.1776494822648588	-0.17686802878233374	0.047182576615095805	-0.11715138056864816	-0.19617136155277157	0.13206803540997683	-0.028841050199684262	-0.1730232356366146	-0.20809353787598986	-0.1309665071091214
-0.14462712846847084	-0.21229696696534944	-0.1447335814383767	0.026599355876779432	0.17297007432889305	0.17674807556420308	0.03493026238525069	0.1354418562599574	-0.19390370536659038	-0.09260083117468565	0.08485777516346993	-0.192689403162506	-0.14260810243760344	0.024227054037317456	-0.17114106879722144	-0.17779978059852897	-0.038644333306327196	-0.13212819906802703	-0.1938484627242913	-0.09513219661528498	-0.08230641332823521	0.19023042047026292	0.1375640374379968	0.03131752201745542	-0.17566910192713464	0.17566910185467782	-0.03131752197474347	-0.1375640373367411	-0.1902304205334728	-0.08230641327927414	0.0951321965233887	0.19384846280385679	-0.1321281990048374	0.03864433324505496	-0.1777997806389366	0.1711410687539692	-0.024227054062918932	-0.14260810256582107	-0.19268940293980039	0.08485777537464771	-0.09260083097131114	0.19390370552064673	-0.13544185624600918	0.03493026262986651	0.17674807533459305	-0.17297007469943615	-0.026599355207082884	0.14473358158386873	0.2122969661400876	0.14462712936769645
-0.15791814333649867	-0.21197455146938754	-0.10975477933888936	0.07996758457720873	0.19397751061077856	0.12923089632546333	-0.05460918780429407	0.1876643520658195	-0.1471258026007199	0.02929636250535688	0.17881090561219806	-0.16385207942568122	0.0016719308723117908	0.16562025494520052	-0.17743639745329193	-0.026262400532325682	0.1489947808538124	-0.18699210612072484	-0.052549716450798235	0.130014581895552	-0.19083563574317738	0.07269097186829312	-0.11403571111290606	0.19449196897724894	-0.09414952367404329	-0.09414952371203023	0.19449196902267582	-0.11403571115534877	0.0726909719394578	0.1908356356435989	0.13001458207929348	-0.05254971666698104	0.18699210585814	0.14899478103186992	0.026262400526071726	-0.17743639764499458	0.16562025482366868	-0.001671930782394759	0.1638520791113098	-0.1788109058186779	-0.02929636272512825	-0.14712580272257902	0.1876643519822154	0.05460918767227398	-0.12923089623690404	0.1939775111164194	0.07996758379587134	-0.1097547793691294	-0.21197455077590371	-0.15791814415346134
-0.17061950613918803	-0.20688141643971217	-0.06957058751162291	0.12704349667743944	0.19244900930741898	0.06101036171727723	-0.1326725360931129	0.189738805058154	-0.05175646766632507	0.1394573515338309	0.18784843311027583	-0.043977508286717155	0.14493376578406394	0.18581059071286166	-0.03694532857310716	0.14955429182782953	0.182979920010175	-0.02909468134638265	0.15435602451506014	0.178629515639509	-0.018625934326863398	-0.15997732741828005	-0.1713411719972813	0.0038911937563636642	0.16959140012152255	-0.16959140012691035	-0.0038911938791575495	0.17134117180340558	0.1599773275445142	-0.01862593436220203	-0.17862951567466936	-0.15435602435449006	-0.029094681106423166	-0.18297992011742867	0.14955429189703856	0.03694532886055336	-0.18581059053473867	0.14493376576864475	-0.04397750804411795	0.1878484331786667	0.13945735167639067	0.051756467687445566	-0.1897388049091742	-0.1326725361228537	0.06101036179348399	-0.19244900992195826	-0.12704349580924476	0.06957058742042986	0.20688141583383302	0.1706195068927486
-0.18251895200400617	-0.19693283492821304	-0.026019277061608052	0.1640113782184994	0.16839621129212193	-0.017022497898403596	-0.18266603804142437	0.1409008088832784	0.060771400624716046	0.19376756222318975	0.10757256190301685	0.10031796360701525	0.19507295890845308	0.06975803124497176	0.13418471872112636	0.18659949817637983	0.028308091539531614	0.1617852389183065	0.16854121643499742	-0.01564256479106443	0.1810796947449834	-0.13888257991096845	0.06270666547503902	-0.19326057754461431	0.10418639727902247	0.1041863973250885	-0.19326057759062976	0.06270666550614136	-0.13888257995283712	-0.1810796947136448	-0.015642564923078497	0.16854121659263507	-0.16178523877340004	0.028308091426912742	-0.18659949819208702	0.13418471868461268	0.06975803118179508	-0.19507295908760838	-0.10031796351013647	-0.10757256180140834	-0.1937675620754641	0.06077140085368233	0.1409008086787385	0.18266603841857665	0.01702249754812876	0.16839621204348953	0.16401137719328313	-0.0260192768034024	-0.1969328343423772	-0.18251895280234287
-0.19341533103321326	-0.18220370430101845	0.01881564457006072	0.18780346582418464	0.1245001788745688	-0.09229305334217051	-0.19387654567829482	0.054134231261905696	0.15313270468069012	0.17032890658397135	-0.023926499710568237	0.188704031472828	0.11974945616306934	-0.0975261349807501	0.19408126657842545	0.050354128689850244	-0.15552087784261545	0.16833409802735538	-0.02774095154186643	-0.18869344710489566	0.11409455043822765	0.10259701976723834	0.18978395413682597	-0.03869645108647	-0.16302344144712408	0.16302344149309844	0.03869645124274136	-0.18978395390581054	-0.10259701992271997	0.1140945504663034	0.1886934472452719	0.027740951232722813	0.1683340976416511	0.1555208780509498	0.05035412862548515	-0.19408126680606777	0.0975261349221054	0.11974945641672027	0.18870403110776326	-0.02392649992893877	0.17032890619326504	-0.1531327050574443	-0.05413423105124418	-0.19387654629027026	-0.0922930527799445	-0.12450017963175629	-0.18780346478097096	-0.018815644999044496	0.18220370383139126	0.19341533174823705
-0.20312600717940923	-0.16293835637252854	0.06270904348464142	0.1963810510006789	0.06584858681854219	-0.15256969772427853	-0.1638211308401181	-0.04722152303313789	0.19451722760414128	0.07841501589540081	-0.1440204359600093	0.17186936811517808	-0.03260970421612782	-0.19314789076197506	0.09287503338068141	-0.13271120287751598	-0.17875226960678567	-0.01686757203930494	-0.18926115399844004	-0.10494489837691541	-0.12109459410954716	0.1811877062506185	-0.006219952560808523	0.18593741615174256	-0.11385702704398136	-0.11385702709992541	0.18593741619258597	-0.00621995257830164	0.18118770624486255	0.12109459418060481	-0.10494489840683498	-0.1892611539614768	0.016867572089062588	-0.17875226960990642	0.13271120288413804	0.0928750335264833	-0.1931478907358535	0.03260970415570495	-0.17186936791248886	0.1440204361394484	-0.07841501562688115	0.19451722776958033	-0.04722152316888748	0.16382113131071174	0.152569697240257	0.06584858738153265	0.1963810503358185	0.06270904398545807	-0.16293835628099113	-0.20312600750734913
-0.21148532873453355	-0.13953059044334742	0.1034421679260201	0.18894634119316564	-0.0006461971061196417	-0.18798561764986566	-0.09881274657311065	-0.1358083551047262	0.1710523194809283	-0.045076039918990646	-0.19535719465079968	0.05911931799972284	-0.16394005265953374	-0.1467850039937212	-0.08549158482890441	-0.19238138095224638	-0.01730798898929147	-0.18279311289052508	-0.11426173610890927	0.12166512900213153	-0.17782354308674256	-0.02798728199027189	-0.1914882363971018	0.07207681098644382	0.15597141998796218	-0.15597141997243177	-0.07207681104613414	0.19148823628755954	0.027987282045608946	-0.17782354307660336	-0.12166512913054069	0.114261736278815	-0.18279311269220744	0.017307988845380234	-0.19238138092188808	0.08549158477880804	0.14678500393245814	-0.1639400528017107	0.059119317978578945	-0.19535719473255506	-0.045076039990128436	-0.17105231940209378	0.1358083551287534	-0.09881274683920792	-0.18798561731321384	0.0006461967584809144	-0.18894634092125637	-0.10344216844977257	0.13953059064890308	0.21148532870037384
-0.21835091224045175	-0.11251850629308187	0.1389230877416225	0.1660329686869273	-0.0670589146897896	-0.19268389337544287	-0.012674496782340061	-0.1876421978786479	0.0905136237004414	-0.15039706467944972	-0.15331239177910944	-0.08665448852987351	-0.18962528619846328	0.007501447210032891	-0.1927966520800868	-0.0730407599717632	0.16205087545985009	-0.14028840288188377	0.10345584399149575	0.18258401415776446	0.027713933738222705	-0.19271333793775564	-0.050567255426990934	-0.1727666422258599	0.12313919508064607	0.1231391951471607	-0.17276664225582006	-0.05056725541293033	-0.1927133379078043	-0.02771393386562793	0.18258401434168234	0.1034558437946544	0.14028840274442086	0.1620508755099375	0.07304075995271049	-0.19279665205840257	0.007501447375848308	0.18962528643358978	0.08665448850294265	0.15331239179989756	0.15039706463269215	0.09051362357695888	-0.18764219777718164	0.012674496965407426	0.1926838931344421	-0.0670589145191868	0.16603296867169354	0.13892308831535477	-0.11251850664019962	-0.21835091201897958
-0.2236049887124733	-0.08256308451886693	0.16730776618186607	0.12946601091737323	-0.12543824998613326	-0.16583436439832855	0.07618465904447741	-0.18864142979892137	-0.020251455492085308	-0.19506720882494635	-0.037930630738525	-0.18401105195886663	-0.09305724789334778	0.15625402677228115	-0.13983845633418124	0.11430242521102854	0.17387170505675573	0.06221239021944032	0.19180020817476418	-0.005125964268531819	0.1924290358502648	-0.05122124219157307	0.17643263293344583	-0.10304603007591982	-0.1484436756856674	0.1484436754945286	0.10304602989040139	-0.17643263313301163	0.0512212423973814	0.1924290357610589	0.0051259642107462245	-0.19180020789104352	0.062212390451690545	-0.17387170504788563	0.1143024253052205	0.13983845651594976	-0.15625402687744075	-0.09305724812552063	-0.1840110518149068	-0.037930630638777926	-0.19506720866511976	0.02025145561375319	0.1886414295747797	0.07618465895897493	-0.16583436425661097	0.1254382500178236	-0.1294660111313453	-0.16730776679996961	0.0825630850045458	0.22360498826405556
-0.22715866430031664	-0.05043030560800996	0.18710516317395284	0.0822226648404481	-0.16876909436343607	-0.11180023242945734	0.14870762103900445	-0.13848683822306607	-0.12425174055331316	-0.16104069225856774	0.09558681219240774	-0.17848214824421754	0.06354553321808971	0.19002058790484777	0.029347024873424	0.19522419707512284	0.005834495643585171	0.19373725391862065	0.04040040244481658	-0.18581392292296325	0.0732517058221059	0.17168529987211903	0.10279242188721188	0.15415915586676762	-0.1320109626876622	-0.1320109627597368	0.15415915589638965	0.10279242187726984	0.17168529989499964	-0.07325170587968458	-0.18581392288184967	0.040400402383330515	-0.19373725391458518	0.005834495496670474	-0.19522419711992292	0.029347024793840503	0.1900205879902524	-0.06354553324929112	0.1784821483088476	-0.09558681231503408	0.16104069230006032	-0.12425174034935942	-0.1384868379779337	-0.14870762074594673	0.11180023221094411	-0.16876909443449606	0.08222266492749246	0.18710516390287915	-0.05043030593244468	-0.22715866395191825
-0.22895093189161989	-0.016959932467056606	0.19727169952826124	0.028184513527568834	-0.1918292480928879	-0.03942325733086972	0.18932854925899012	-0.05075378915601928	-0.186709453591767	-0.062024625622345606	0.18334411533881573	-0.07312826961313965	0.17916726662722987	0.08393287001623977	0.17411162011984418	0.09436341251583999	-0.16826942946676662	0.10421723610018734	-0.16147429441338862	-0.11342971601895693	-0.1540334235661902	0.12171924932394557	-0.14598478775340168	0.13068276111043525	0.14045183270671102	-0.14045183264143965	-0.1306827610716399	0.14598478776815937	-0.12171924932972689	-0.15403342353499633	0.11342971591586115	0.1614742944318993	0.10421723610567288	0.16826942952312895	0.09436341259943681	-0.1741116200069132	-0.08393286993929891	0.1791672667569721	-0.07312826964208317	0.18334411546279447	-0.06202462569725006	0.18670945327623178	0.05075378895824627	0.1893285489489469	-0.03942325719325955	0.19182924820443056	-0.02818451358441545	-0.19727170024658713	0.016959932649467126	0.22895093152821056
-0.22895083586078901	0.016961119029521812	0.19727177298525314	-0.028184116197959894	-0.19182924045871622	0.039423136927597455	0.18932862919616822	0.05075351590214594	-0.18670949121256677	0.06202452449204763	0.1833440851862675	0.07312850483016803	0.1791672112615406	-0.08393285545749471	0.17411163962887943	-0.09436339520569471	-0.1682694244540111	-0.10421725411576913	-0.16147429660968107	0.11342970486500599	-0.15403342222353536	-0.12171925640602765	-0.14598478757100347	-0.13068275721160855	0.14045183410392664	0.1404518341780304	-0.13068275725843084	-0.14598478762310665	-0.12171925635565242	0.1540334222153191	0.11342970495412709	-0.16147429659248963	0.10421725414278624	-0.16826942441208675	0.0943633951519802	0.17411163966008203	-0.08393285558364764	-0.17916721141252268	-0.07312850481620087	-0.18334408522236015	-0.06202452441227916	-0.18670949089002753	0.05075351597693163	-0.1893286289331113	-0.03942313693284004	-0.1918292405487266	-0.028184116226804855	0.1972717736158737	0.01696111912770597	-0.22895083557230658
-0.22715837869093425	0.05043149070637872	0.18710537727725468	-0.08222231540142746	-0.16876906824708332	0.11180011725061198	0.14870784357059952	0.1384866162744069	-0.12425185496935809	0.16104064912855862	0.09558672141716214	0.17848224347631292	0.06354541270238181	-0.19002058138455538	0.029347061609306595	-0.19522420557313916	0.0058345048582454494	-0.19373724880326823	0.040400396318602066	0.18581392496487864	0.07325171040180363	-0.17168529832173945	0.10279242103257881	-0.15415915754766218	-0.13201096176059882	0.13201096169121593	0.15415915749672685	-0.10279242104717266	0.17168529828900883	0.07325171039400304	-0.18581392494078328	-0.040400396289786145	-0.19373724878279774	-0.005834504964090354	-0.19522420554219125	-0.029347061708213325	0.19002058148966403	0.06354541274960461	0.1784822435251718	0.0955867213535525	0.16104064907667737	0.12425185475733007	-0.13848661619231417	0.14870784342065607	0.11180011711702609	0.1687690683187274	0.08222231549801579	-0.18710537777007946	-0.05043149105558799	0.22715837839287972
-0.22360451983019125	0.0825642633472242	0.16730810202514645	-0.12946574867827015	-0.12543820062549596	0.16583426066861404	0.07618498158489041	0.18864131151306177	-0.020251625114930505	0.1950672371850387	-0.03793075512041693	0.1840109615590798	-0.09305733886439287	-0.1562540276408426	-0.13983844806547177	-0.11430245385645156	0.1738717057046996	-0.06221236956948352	0.19180020322115324	0.005125975976663156	0.19242903961055743	0.05122125021017959	0.17643263181953084	0.1030460255919669	-0.14844367697688324	-0.14844367705517877	0.10304602564066254	0.17643263189399327	0.051221250167610956	-0.19242903962282407	0.0051259758758779115	0.19180020316042048	0.06221236951151182	0.17387170576628813	0.11430245388810173	-0.13983844798564077	-0.15625402768216656	0.09305733891741524	-0.18401096164540628	0.03793075523086553	-0.195067237131241	-0.02025162504346079	0.1886413113017997	-0.07618498155077989	-0.1658342604936302	-0.12543820071677983	-0.12946574887860204	0.16730810240880808	0.08256426390394007	-0.22360451946609564
-0.21835027647371755	0.11251967727565808	0.1389235045384824	-0.1660328102002825	-0.0670588394066024	0.19268380314195285	-0.012674120478396774	0.1876422282849058	0.09051345898179025	0.15039714062877788	-0.15331248868106903	0.08665426615218033	-0.18962528827408615	-0.007501459825420976	-0.19279668303599853	0.07304074541450968	0.16205086734006585	0.14028841237243428	0.10345584585010423	-0.18258400749052506	0.027713932193806034	0.1927133414923364	-0.050567255357783454	0.1727666419744088	0.12313919444650381	-0.12313919439284722	-0.1727666419479147	0.05056725531303564	-0.1927133413683349	0.027713932139221475	0.1825840075878521	-0.10345584586291039	0.14028841241623505	-0.16205086732250232	0.07304074529126041	0.19279668299648797	0.0075014597253953465	-0.1896252883769432	0.08665426617168134	-0.15331248880943465	0.15039714056867803	-0.0905134589147425	-0.1876422280122985	-0.012674120383237232	0.1926838029679083	0.06705883951890457	0.16603281049211313	-0.1389235047840521	-0.11251967801375232	0.21835027598343762
-0.21148454413870832	0.13953174939298044	0.10344261751112667	-0.18894628602663893	-0.000646106519095732	0.18798554805725437	-0.09881237632853174	0.13580853666533127	0.1710522257837008	0.045076125105340405	-0.195357205146988	-0.05911955268229975	-0.16393997864844465	0.14678497883824873	-0.0854916173035164	0.19238140447861174	-0.01730798577653253	0.18279309999249466	-0.11426173474800444	-0.12166513148419222	-0.17782354404158607	0.02798727875671278	-0.19148823839578127	-0.07207680814354223	0.15597141983159846	0.1559714199001092	-0.07207680811891919	-0.19148823843245275	0.02798727865243822	0.1778235441836323	-0.1216651314223564	-0.1142617346300559	-0.18279309999187507	-0.017307985731737533	-0.1923814043206326	-0.08549161740129405	0.14678497903169266	0.163939978759497	0.05911955281367104	0.19535720524816877	-0.045076124975853726	0.1710522256323124	0.1358085363775569	0.09881237611575167	-0.1879855479356026	-0.0006461067159828286	-0.18894628639174788	0.10344261769605664	0.13953175023774073	-0.2114845435168995
-0.20312509893274136	0.1629395029343175	0.06270946780444935	-0.1963810764154251	0.06584866810853043	0.15256965368694458	-0.1638208303543382	0.047221818433227675	0.1945172438999796	-0.07841495561214606	-0.1440203544867848	-0.17186949251105296	-0.03260960240988894	0.19314787326829927	0.09287503128073901	0.1327112394789144	-0.1787522512171441	0.016867555825886088	-0.18926115569087243	0.10494489354920725	-0.12109459371680888	-0.18118770964307823	-0.006219953867412187	-0.18593741539665434	-0.11385702703594197	0.11385702698168675	0.1859374153294629	0.006219953877109069	0.18118770960771208	-0.12109459389028916	-0.10494489374118764	0.18926115554847633	0.016867555692136632	0.17875225108299983	0.1327112393415119	-0.09287503111446412	-0.19314787345781306	-0.032609602528608485	-0.1718694927306609	-0.14402035455761572	-0.07841495575128321	-0.19451724369716078	-0.04722181817272853	-0.16382083004558765	0.15256965356751	-0.065848667861736	0.19638107679002548	-0.06270946789555203	-0.16293950387549344	0.20312509818208
-0.19341432309339507	0.18220483124842574	0.018816000266364825	-0.18780354821666512	0.12450022936116725	0.09229303191801408	-0.1938763653474979	-0.05413389336222741	0.15313282192334668	-0.17032888859720724	-0.02392638520577704	-0.18870399416318395	0.11974954424823726	0.0975261376025362	0.19408128000498448	-0.05035412235988832	-0.1555208724372532	-0.16833409046536876	-0.027740948965973074	0.1886934491628107	0.11409454959855603	-0.10259701796350476	0.18978395645221527	0.038696448583631866	-0.16302344080216472	-0.16302344107291147	0.038696448828701775	0.18978395625238645	-0.10259701803916363	-0.11409454940189358	0.18869344956430106	-0.027740948723136576	0.16833409071032923	-0.15552087201127507	0.05035412231606624	0.19408127967582112	0.09752613788356632	-0.11974954405631812	0.18870399461852078	0.02392638525406302	0.170328888958161	0.1531328216875604	-0.05413389374518659	0.1938763648983119	-0.09229303166098318	0.12450022890700077	-0.18780354846728967	0.018816000494397574	0.182204832186504	-0.19341432246862408
-0.18251786642709333	0.1969339298945534	-0.02601901538707389	-0.16401149849555516	0.1683962195859911	0.017022490852321468	-0.1826659984686201	-0.14090051419898555	0.06077156982383485	-0.1937675791847023	0.10757262765292964	-0.10031781428193423	0.195073005138387	-0.06975802402953876	0.13418472530283754	-0.18659952873228053	0.02830807469001243	-0.16178521420677547	0.1685412187967085	0.015642568384430847	0.1810796949173318	0.13888258297601905	0.06270666824255308	0.1932605754599314	0.10418639838749869	-0.10418639833477383	-0.19326057541971278	-0.06270666824915114	-0.13888258305026385	0.18107969476923622	-0.0156425685359502	-0.168541218818534	-0.16178521438531626	-0.028308074949720246	-0.1865995286914709	-0.13418472506165277	0.06975802396640257	0.19507300492988502	-0.10031781458852944	0.10757262755905889	-0.19376757952365123	-0.06077156970852506	0.14090051454295935	-0.18266599807349446	0.017022490520788733	-0.16839621908052577	0.1640114986281707	0.026019015132430004	-0.19693393081983182	0.1825178657873993
-0.17061836556919208	0.20688246134239388	-0.06957043144854988	-0.12704364043636537	0.19244897260441501	-0.06101036580239715	-0.1326726204782792	-0.18973861789659172	-0.051756297939431976	-0.13945739597692286	0.18784841654977613	0.043977672802899985	0.14493374743194692	-0.18581059627994465	-0.03694532520083937	-0.14955432542059713	0.18297991072847744	0.029094691185152233	0.15435601179477734	-0.17862951974371277	-0.018625927503520667	0.1599773258680007	-0.17134117488179146	-0.003891192042838057	0.16959139924908778	0.16959139922958988	-0.0038911919198918983	-0.17134117505172713	0.15997732577236304	0.018625927542873726	-0.17862951957891873	0.15435601195512777	-0.02909469117590896	0.18297991090029467	0.14955432531610827	-0.03694532538314101	-0.1858105962086317	-0.1449337472655024	-0.043977672542202445	-0.18784841646012485	0.13945739641550867	-0.05175629799600173	-0.1897386183252787	0.13267262009516656	0.061010366323931566	0.19244897194069432	-0.12704364034488208	-0.06957043097397382	0.20688246218805065	-0.17061836515414394
-0.15791696837170424	0.21197552138075795	-0.10975472281749139	-0.07996775429265354	0.19397744315673549	-0.12923092077167947	-0.054609338921853635	-0.18766428878186694	-0.14712566773391583	-0.029296430743678357	0.17881083074202037	0.16385217278130115	0.0016718600178766048	-0.16562027361612874	-0.17743639187105584	0.02626239555635528	0.14899479349965655	0.18699209229475022	-0.05254973329060898	-0.13001458837521157	-0.19083562994893105	-0.07269097449059354	-0.11403571423799046	-0.19449196731045934	-0.09414952469016728	0.09414952464404625	0.19449196727658927	0.11403571422034828	0.07269097452565025	-0.19083562990308348	0.13001458838112634	0.05254973324509935	0.1869920924434128	-0.14899479332260587	0.026262395564431742	0.17743639181953302	0.16562027362601248	0.0016718599953347672	0.16385217278256836	0.17881083064938036	-0.029296431022293047	0.1471256676744548	0.1876642891080355	-0.05460933869036305	-0.12923092135522615	-0.19397744248052695	0.07996775401621628	0.1097547222303013	-0.21197552215493462	0.15791696803976926
-0.1446259407776148	0.21229784453358508	-0.1447336166854326	-0.026599545325543265	0.17296997978978265	-0.17674812526056904	0.034930102381944654	-0.13544190586660515	-0.19390363238962788	0.0926007496699084	0.08485769747138465	0.1926893932532637	-0.1426081855642791	-0.024227062016220657	-0.17114106324552072	0.1777997949420277	-0.03864431311075537	0.13212818973681284	-0.1938484592928687	0.09513220683214224	-0.0823064198960444	-0.1902304161838717	0.13756403998358754	-0.031317524105173786	-0.17566910113340287	-0.175669101027045	-0.03131752433269954	0.1375640402352337	-0.19023041607306967	0.08230641980271025	0.09513220655676531	-0.19384845948966353	-0.13212818993216544	-0.03864431352032728	-0.17779979485268244	-0.17114106296930415	-0.024227062119314156	0.1426081853933657	-0.19268939354648013	-0.08485769744552657	-0.09260074968699718	-0.19390363224850246	-0.13544190599647238	-0.034930102392439655	0.17674812580766683	0.17296997921750903	-0.026599544899015493	-0.14473361605485735	0.21229784525512593	-0.14462594046452462
-0.13096532480731488	0.20809431076037999	-0.17302334489532442	0.028840842827323045	0.1320679259120603	-0.1961714366166386	0.1171512707720573	-0.04718269410613119	-0.17686802128569862	0.17764940353433156	-0.049335750622687136	0.11469642319960775	-0.19556593086837978	0.13484110933713545	-0.023472015379232974	0.16479295717342315	-0.18667961612520828	-0.07305027632046177	-0.093520076163275	0.19105418388916967	0.14714740352655703	-0.00646777017837276	0.15574702549260497	0.18955695161015662	0.08376738810858358	-0.08376738804915965	-0.18955695163258227	-0.15574702542574176	0.006467770158383985	0.14714740356316156	-0.19105418372215646	0.09352007628777277	-0.07305027628366888	0.18667961621657472	0.1647929571938885	0.023472015185035694	-0.134841109404756	-0.1955659306323994	0.11469642339760665	-0.04933575053158787	0.17764940363265921	0.17686802118168332	0.04718269416603622	0.1171512706774955	-0.1961714371587663	-0.13206792534788764	-0.02884084346623189	0.17302334405985487	-0.20809431136421802	0.13096532470030228
-0.11715392675320392	0.19974191643789138	-0.19354255305018775	0.08207611087843537	0.0761874271051875	-0.18471575820609296	0.17503477853189559	0.053596853381652466	-0.10180370900764613	0.19210805914405035	-0.16017418244893403	-0.02663187772478085	-0.123679909554629	0.19560015158274205	0.14365681026642466	-0.0007255049518554652	-0.1426387020999155	-0.1951968917654585	0.12306091335443757	0.028011373117028893	0.16054909384885277	0.187804348824846	-0.09112138236820766	0.06590144339101686	0.18124946842122144	0.18124946833629002	0.06590144361664103	-0.09112138256161594	0.187804348833955	-0.16054909375534016	0.028011373175781704	0.1230609133147763	0.19519689193140619	-0.14263870188196515	0.000725504852247848	0.14365681029264094	0.19560015175867584	0.12367990937137473	0.02663187773693557	0.16017418223964824	-0.19210805924527105	-0.10180370901048807	0.05359685334402671	-0.17503477837057077	0.1847157587387946	0.07618742662886374	0.08207611175182714	-0.1935425520787908	0.19974191689873053	-0.11715392679240443
-0.10341171309033978	0.187758022571033	-0.2057163440821149	0.12921520223452743	0.011795673363169676	-0.1445092420173172	0.19686985977809282	0.14033878794200205	0.006529745720012554	0.1305608990222663	-0.19561917672471357	-0.15324135520153978	0.026923518065700376	0.11409567791505566	0.1926860313409528	-0.16581668179950101	0.048087039033111206	-0.09591555036561951	0.18653574459668457	-0.17281500388827276	-0.06145267316289307	0.0853784500440547	-0.18412911398454038	-0.17854525657962111	-0.07305770828619952	0.07305770828329332	0.17854525649805764	0.18412911393915285	-0.08537845016423101	-0.06145267333562968	0.17281500378130593	-0.1865357445808092	-0.09591555047763124	-0.048087039216785914	-0.16581668174041647	-0.19268603127496237	-0.11409567799438575	0.026923518120471873	-0.1532413553335727	-0.1956191764957607	0.1305608991418737	-0.0065297456701486145	-0.1403387880099936	0.19686985950349473	-0.1445092423825519	-0.011795673105095583	-0.1292152032236632	0.20571634307878203	-0.18775802292564464	0.10341171316602672
-0.08995349063423436	0.17276430150911798	-0.20946232866252984	0.1670401240264826	-0.05390732681105425	-0.08206964093041294	0.1784821998040961	0.1904038245321454	0.11267741868251063	0.017745530275434674	-0.13952812276386245	-0.19580332974339265	0.16052770254301318	-0.05035093493382136	0.08328855287581945	-0.177996750968593	0.18936173877874155	0.1117076275434464	0.01871093871875828	-0.1400688588892382	-0.19363016454792803	-0.15241360223596054	0.03573166454563135	-0.09884923643324207	-0.18631803169609884	-0.18631803183111187	-0.0988492364187351	0.03573166459211263	-0.15241360214003455	0.19363016470788533	-0.14006885878396458	0.018710938777849438	-0.11170762762000978	0.1893617387284802	0.17799675098487447	0.0832885528244429	-0.0503509349513567	-0.1605277024693875	0.19580332997178063	0.13952812260280414	-0.017745530322459135	0.11267741858684599	0.19040382466063782	-0.17848219949073638	0.08206964110871662	-0.05390732681403743	0.16704012509326963	-0.20946232768822384	0.1727643017716232	-0.08995349071465815
-0.07697929540393335	0.15546012490112351	-0.2051920590125261	0.19328782250319138	-0.11389372076560138	-0.007171846968869064	0.12407370119907242	0.1912326093404419	0.18255963150841087	-0.10194586497385366	-0.018548197569799803	-0.13153061629479956	0.19284881820672742	-0.17867764359320146	-0.09465215290525314	-0.02633845183006762	0.1368007445767772	0.1929832980566034	-0.17202739055228775	0.0814379805132081	-0.04299811317478684	-0.15061153537287483	0.19649808234311347	0.16169677250243603	0.06203190385539075	-0.06203190384922337	-0.1616967724426236	-0.19649808232982044	0.15061153540191846	-0.04299811309019161	-0.0814379804869206	0.1720273904698252	0.1929832982373557	-0.1368007443592176	-0.026338451895373177	0.09465215294136356	0.1786776436960958	0.19284881799571085	-0.13153061645461073	-0.01854819758565135	-0.10194586498152414	-0.18255963143087395	-0.1912326095303586	0.12407370087733496	-0.007171846873137	0.113893720501391	-0.19328782352697907	0.20519205807863025	-0.15546012510703744	0.07697929548793274
-0.06466564397867566	0.1365668899907727	-0.19369691098838807	0.20669059445996008	-0.16200946756743764	0.06872707581684212	0.04513535084423662	0.14334999702215528	0.19442236723800588	-0.18222362782882207	0.11111755839291776	0.004334540348505418	0.10364100744808545	-0.17810151936048854	-0.1951356565433411	0.14918780062033016	-0.05493514646678813	0.05719793976645055	-0.1504504991960968	0.19350188790578451	0.1708824537161688	0.08913660180332315	0.024122937590046384	0.12918081553995536	0.19084011221640065	0.19084011246250931	0.12918081540652343	0.02412293766735861	0.08913660173844158	-0.17088245397075044	0.19350188767243595	-0.1504504992702398	-0.057197939871879516	-0.054935146655436515	-0.14918780054955444	-0.19513565654646733	-0.17810151951388384	-0.10364100722666401	-0.004334540378954236	-0.11111755817878763	0.18222362784219376	0.19442236724178866	0.14334999727151507	-0.04513535056655977	-0.06872707621384572	-0.1620094670614498	0.2066905953689065	-0.1936969101366789	0.13656689018055812	-0.0646656440581851
-0.05316868531749459	0.11683372717401568	-0.17617728403270702	0.20722084865966292	-0.19394782086180626	0.13471776104749758	-0.042508482173070995	0.05958820371446942	0.14537901128076616	-0.1928925829297947	0.19017434684674348	0.13826731973570403	-0.050809826274836524	-0.04952346987664031	-0.1367910415826016	0.1883354968358784	-0.19052424926790973	-0.1423191830335481	0.05580776873571739	0.0464986347292001	0.1370951352818626	0.19061206686037865	-0.19137599813543485	-0.13937554987834405	-0.050689995223859106	0.050689995216030424	0.1393755498386873	0.19137599815716438	-0.19061206677818124	0.13709513535223342	-0.04649863462888775	-0.055807768642591904	-0.14231918315391498	0.19052424917163258	0.1883354968442183	0.136791041589213	0.049523469891289154	-0.05080982635952567	0.13826731985644106	0.19017434656892754	-0.1928925830167114	-0.1453790112789858	-0.05958820384104826	-0.04250848227510811	0.1347177615858593	0.19394782023710277	-0.20722084949468547	0.17617728321097975	-0.11683372729001404	0.05316868543471088
-0.04263365203418295	0.09701941601423078	-0.15413905324023505	0.195979351387105	-0.20759798975971944	0.18210168674143964	-0.12218861568548323	-0.03891857406130738	0.0512804614605103	-0.1304192364936117	0.18277928082359454	0.19807452817936588	-0.1734466164307221	0.11396377411204821	0.03161980758492099	0.057001602480531585	-0.13388588361443457	-0.18309767228816712	0.19391889953747057	-0.16323402808862522	-0.09655532188354328	-0.00770121600981173	-0.08351769576986552	-0.15594551544892662	-0.19473713557198738	-0.19473713587464817	-0.1559455152627825	-0.08351769594241568	-0.007701216043647721	0.0965553220885823	-0.16323402783190116	0.1939188996096567	0.18309767253256018	-0.1338858832939474	-0.05700160257780498	0.03161980754248672	0.11396377427435479	0.17344661630592897	-0.19807452829263508	-0.18277928065748372	0.13041923667249875	0.0512804613982451	-0.03891857415675585	0.12218861554496324	-0.18210168728758638	-0.20759798913378874	0.19597935219982227	-0.1541390524573919	0.09701941602898823	-0.04263365218930232
-0.03316582176754338	0.07781699324004047	-0.1292412611288872	0.17502347730065881	-0.20322267599078153	0.20576032904047	-0.17994859298248192	-0.1285373481175638	-0.058795522103290546	-0.018974704031418033	0.0932052327044894	0.1528733696316275	-0.18913753531583138	0.19661109318607997	0.17412865275384476	-0.12492304817022792	0.0562137530847416	-0.021744019468953293	0.09701544168691166	-0.15763297895531542	-0.1933511946528455	-0.19744327891585883	0.16853902760027392	0.11202342710556784	0.039011050652445936	-0.0390110506496738	-0.11202342707288847	-0.16853902764751227	0.19744327876581808	-0.1933511948580148	0.15763297873745322	-0.09701544174158246	-0.02174401952786969	-0.05621375319351783	-0.12492304812789858	-0.1741286528000185	-0.19661109330437956	-0.18913753501467723	0.15287336977688218	0.0932052326968298	-0.018974704108684442	0.05879552216531404	0.1285373483122722	-0.17994859270381539	0.20576032960661253	0.20322267532175545	-0.17502347799563434	0.12924126049649154	-0.07781699320370276	0.03316582183224662
-0.024822635647121224	0.05978700393533887	-0.10305453908041977	0.146845500620789	-0.18280017704290288	0.20406924313139949	-0.20638488610627231	-0.188364175303427	-0.15135889019014823	0.09904182061621017	-0.03684274682234053	0.028724526919899077	-0.09076825525164382	0.142737924525883	0.17906584097632774	-0.19573110026185978	0.19065203710109638	0.16395813054611577	-0.11805169442485189	0.057572621440157346	-0.010850164402936678	-0.07889648401811143	0.13740110649265913	0.1781961595006671	0.19784706473831426	0.1978470650830028	0.17819615928293264	0.13740110673150405	-0.07889648387757243	0.010850164352508365	0.057572621279091844	-0.11805169450325265	-0.16395813075709922	0.1906520368391256	0.1957311003296529	0.1790658411293001	0.1427379244871467	0.09076825498880489	-0.028724527075863263	0.03684274670793863	-0.09904182072956319	-0.15135889018296314	-0.18836417549009538	0.2063848858187392	-0.2040692437431215	-0.18280017635265125	0.14684550112766748	-0.10305453864777987	0.0597870039174545	-0.024822635606331467
-0.017612302479887248	0.04335897175389685	-0.07704845228781024	0.11432970642114036	-0.1500853157454018	0.17962800038269205	-0.1993186664303574	-0.20677913452720564	-0.20089674011089204	0.18173908254339605	-0.15042778172143212	-0.10898123670413395	0.06013860622162772	-0.007160015713606013	0.046379963936754684	-0.09681234073785275	0.14057759951621757	0.1744341310552752	-0.19564179520021202	0.20216174660941583	0.19286261003535077	0.1678253384507171	-0.12887198004131845	-0.08006314891072641	-0.02692938687672022	0.026929386879100865	0.08006314887994243	0.1288719801086547	-0.1678253382854353	0.19286261028343762	-0.20216174636123768	0.1956417952053722	0.17443413128110344	-0.14057759927701888	-0.0968123407800617	-0.046379963971175185	0.007160015790538334	0.06013860621812958	-0.10898123672993243	-0.15042778155000608	0.18173908269617872	0.2008967400560278	0.2067791347355011	-0.19931866612134755	0.17962800091576242	0.15008531517280388	-0.1143297067676899	0.07704845193167571	-0.04335897174877311	0.017612302493241094
-0.01158252343558765	0.02902038498062324	-0.05282679660812688	0.08088720468369073	-0.11050398758977108	0.13904352830107064	-0.16425174513754778	-0.18435016881811797	-0.19802667123411866	0.20440216456287622	-0.20298964609132902	-0.19366423679339156	0.17662923442913503	-0.1523948892579	-0.12174480023715802	0.08571769554911932	-0.045577967364425584	-0.0028156153202735664	-0.04086449638567881	0.08349619105381585	0.12282475210697923	0.15620675812456009	-0.18087860898795377	-0.19494558679184262	-0.19987852509255652	-0.19987852545927667	-0.19494558655452096	-0.1808786092892902	0.15620675787607022	-0.12282475223900552	0.0834961910743156	-0.0408644962865173	0.0028156153282042477	-0.045577967288503524	-0.0857176955828772	-0.12174480037516211	-0.1523948892846429	-0.1766292341620641	0.1936642370393953	0.20298964590741148	-0.2044021646476434	-0.1980266712036894	-0.18435016907855764	0.16425174482069982	-0.13904352866396805	-0.11050398722764403	0.08088720493951293	-0.052826796281381976	0.029020384964749287	-0.011582523551892416
-0.006756427631486693	0.017158036843756858	-0.03180871718543249	0.04985796870567395	-0.07012574251111876	0.09142869255958677	-0.11272979308361158	-0.13317223944071832	-0.15206001948196468	0.16882949739208694	-0.18302116639290555	-0.19426098741171827	0.2022435717327215	-0.2067251463071261	-0.20751201659700613	0.20445632389386875	-0.1974481155391823	-0.18641666060449993	0.17133328777697415	-0.15223305329764314	-0.12926397203336076	-0.10280242349633203	0.07371553178122064	0.04358925628951446	0.014251992278101838	-0.014251992283108313	-0.043589256267296844	-0.07371553183868529	0.10280242337598247	-0.12926397221774175	0.15223305313512064	-0.17133328774751586	-0.18641666083190672	0.19744811535551918	0.20445632391139262	0.2075120167042414	0.20672514635631187	0.202243571418233	-0.1942609876564948	-0.1830211662098168	0.16882949745062203	0.15206001947289327	0.1331722396466096	-0.11272979283717023	0.09142869276754159	0.07012574228863247	-0.04985796887513749	0.031808716977104926	-0.017158036820535603	0.006756427709310288
-0.003049602824815995	0.007813737127933491	-0.014659868961521843	0.02332907191820923	-0.03342755328998176	0.04456203904543232	-0.056400727985822366	-0.06868375979804084	-0.08121289834647417	0.09383533718408554	-0.10643097585213208	-0.11889992836159433	0.13115576766067694	-0.14311632716961528	-0.15469908166992352	0.16580688535042462	-0.17632092702756322	-0.18607177760297527	0.19482122021233567	-0.20219701199552792	-0.20765418549077375	-0.2103794526723695	0.20956367634570316	0.20526256229282344	0.20053794613742312	0.20053794651539103	0.2052625620415914	0.20956367669733855	-0.21037945233699207	0.20765418577064942	-0.2021970119165766	0.19482122006727814	0.18607177782440143	-0.17632092696089907	-0.16580688532934382	-0.15469908167359364	-0.14311632725698128	-0.13115576748959726	0.11889992847028052	0.10643097573187646	-0.09383533724959432	-0.0812128983452147	-0.06868375988967763	0.05640072787111864	-0.0445620391501346	-0.033427553160230335	0.02332907199647745	-0.014659868897964844	0.007813737115342232	-0.0030496028160305784
