0.9919876163030186
0.991878655657492
0.9917299984332766
0.9915377690746758
0.9912961387231923
0.9909977992522588
0.9906337276662157
0.9901926180337707
0.9896600322981414
0.98901721066736
0.9882393723472769
0.987293213017272
0.9861330860424723
0.9846950326330371
0.9828870630864146
0.9805727961367332
0.9775425624625099
0.9734599941255796
0.967756645206699
0.9594099232832031
0.9464337384694848
0.924604862800682
0.8840019838274767
0.7998976079077156
0.6245742510582064
0.3754257489453041
0.20010239208465264
0.1159980161807822
0.07539513718898094
0.05356626154505406
0.04059007670398829
0.03224335479828011
0.026540005873418093
0.022457437536361313
0.019427203863228715
0.01711293691634408
0.015304967365978972
0.01386691395787465
0.012706786982374953
0.011760627652085968
0.010982789331896175
0.010339967701625562
0.009807381965880395
0.00936627233414205
0.009002200748151725
0.008703861277230416
0.008462230925946647
0.008270001566421305
0.00812134434283417
0.008012383695813226
