0.038060478515553095
0.033293589205209285
0.03158667535022826
0.030770794377835156
0.030318235600567754
0.03003735185575384
0.029843044817792354
0.029686134611358734
0.029567029002198507
0.02949715636842122
0.02946007156769713
0.02944194352090255
0.029442314101584113
0.02945870635143831
0.029477028233773624
0.02949611194503661
0.029516679368032827
0.029538638172656062
0.029560597689274225
0.029578596396769383
0.029584193427871087
0.029560847391355734
0.029490227621842134
0.029387852568509523
0.029493787952205808
0.029493787952674926
0.02938785256389624
0.029490227616830844
0.029560847386965503
0.029584193426589758
0.029578596397675655
0.029560597689281095
0.02953863817210987
0.029516679368304072
0.029496111945229483
0.02947702823287045
0.029458706349790743
0.02944231409992719
0.029441943522553773
0.02946007156746392
0.02949715636276669
0.029567029003397072
0.029686134611320643
0.029843044825403023
0.03003735186124744
0.03031823559778863
0.03077079437914155
0.0315866753455909
0.03329358919423689
0.038060478400344246
