0.5000000000174982	0.39632150833631924	-1.080255124989802e-11	-0.13622096264464587	7.658983296621168e-12	0.07440447480733746	-5.617529822323451e-12	-0.04652549836322411	4.1885473680843885e-12	0.0311078169297836	-3.161887116494019e-12	-0.021653471523522694	2.4044898804202447e-12	0.015482045177195116	-1.8346654533513223e-12	-0.011282334268822728	1.405451987419043e-12	0.008338974039172803	-1.0789132573721005e-12	-0.006230823609574142	8.257800359321056e-13	0.00469577321657028	-6.4582548270945e-13	-0.00356358987776599	4.661208613529371e-13	0.002720072759382665	-3.9955847264862874e-13	-0.0020865729754597417	-3.447690115851476e-13	0.0016077909895590651	-2.6627322983398897e-11	-0.001244196304655839	-6.652606098694043e-11	0.0009671442363012129	2.223722424645459e-11	-0.0007556553484096419	2.890820690377642e-11	0.0005942422265284183	-6.271906249888465e-11	-0.0004713966832888519	5.879151748986433e-11	0.0003785343484058739	-4.597823508572668e-11	-0.0003092661878643472	3.2798908372911744e-11	0.00025881736674380747	-2.0395594875972195e-11	-0.00022371169715470866	9.818951545708518e-12	0.00020179067852833734
0.39632150833631924	0.4999999999913573	0.25822105897452974	3.8101596612377375e-12	-0.06141678577717602	-2.3711628193305507e-12	0.027986736173665254	1.6118880393749008e-12	-0.015676864101375008	-1.142284195632513e-12	0.009732965673316671	8.29343856895543e-13	-0.006422641697524663	-6.12343349911567e-13	0.004410448026391461	4.565332388381804e-13	-0.0031138661219385264	-3.4379471190136245e-13	0.0022432952168649723	2.5962360807883547e-13	-0.0016408424354096406	-1.9047975985416527e-13	0.0012142655619950895	1.521403948716911e-13	-0.000906787836499614	-1.0636979494018315e-13	0.0006819696266361129	7.430807318115907e-14	-0.0005156455817688078	5.455355133479391e-13	0.000391357535955189	5.564103063336016e-12	-0.0002976457008019872	4.9313310342814685e-12	0.00022638312984715313	-6.683183569048232e-12	-0.00017171320683162067	2.7244598139264958e-12	0.00012935353696647	2.9577967330081703e-13	-9.612873536934719e-5	-3.2329906877994018e-12	6.964719567162381e-5	5.2294767453568415e-12	-4.8079881489599716e-5	-6.2298472780074354e-12	2.9999624250266278e-5	6.500441124901441e-12	-1.4276276721782436e-5	-6.354063693456949e-12
-1.080255124989802e-11	0.25822105897452974	0.5000000000168512	0.3369093674154091	-9.561513912985768e-12	-0.11042534790477906	6.652155303932376e-12	0.06058323142191764	-4.845001799337145e-12	-0.0382681272841562	3.6105931573752196e-12	0.025831658531216842	-2.722830989076187e-12	-0.01812510584394968	2.0674783177553586e-12	0.013044109410829572	-1.5777185117966804e-12	-0.00955629046016814	1.2075875408226216e-12	0.007093964478624094	-9.229659717129488e-13	-0.00531968459529548	7.14976267297747e-13	0.0040213094448810745	-5.181831472848545e-13	-0.0030598262177601995	4.345646323078158e-13	0.002341180150691099	3.6237764661769556e-13	-0.001800132177073606	2.8187930932355205e-11	0.001390538210098298	7.022058614486948e-11	-0.00107924227454226	-2.3787903820572422e-11	0.0008421249413703183	-3.01345765928934e-11	-0.0006614782524721921	6.62628003106433e-11	0.0005242035113279731	-6.195737870921046e-11	-0.0004205664072659701	4.8357768241982375e-11	0.00034334407661647015	-3.4482232651416684e-11	-0.0002871536256436362	2.1431831811058902e-11	0.00024808486421935746	-1.0317656517711007e-11	-0.00022371198552480345
-0.13622096264464587	3.8101596612377375e-12	0.3369093674154091	0.49999999998756345	0.28686334840403144	5.8132816054105954e-12	-0.07756364910547978	-3.694658242159921e-12	0.03804064385546165	2.5425889543902383e-12	-0.022324669612130286	-1.8168161391719559e-12	0.014305319666187073	1.3267550494521894e-12	-0.009655045796332836	-9.864496032203182e-13	0.006741675134371517	7.411882984624488e-13	-0.004820597705362011	-5.590522502761889e-13	0.0035073467395946695	4.1193184319931995e-13	-0.002585468946663931	-3.248255278798556e-13	0.0019251376888602375	2.2394754745269162e-13	-0.0014445877314218885	-1.5149722533398876e-13	0.001090346666461635	-1.167991245297535e-12	-0.0008263784194315151	-1.1694997809172801e-11	0.0006277941649333513	-1.0370212268967735e-11	-0.0004770549241071745	1.4128486092828272e-11	0.0003615848205662862	-5.859870755602158e-12	-0.00027222546118860696	-6.04646518603161e-13	0.00020220838775685955	6.824696402961508e-12	-0.00014644995052076788	-1.1036829404788033e-11	0.00010107108137178401	1.3144375962316529e-11	-6.305090470315344e-5	-1.3712701108427929e-11	3.000085070421979e-5	1.3401188426516051e-11
7.658983296621168e-12	-0.06141678577717602	-9.561513912985768e-12	0.28686334840403144	0.5000000000171032	0.3215724139966432	-9.15328669484403e-12	-0.10146347927811866	6.218610169834298e-12	0.05495517632477317	-4.4833876436244265e-12	-0.034554222533924324	3.3158516362515405e-12	0.023291611213329972	-2.483423271957557e-12	-0.016340726596926487	1.881857022128734e-12	0.011764588442356437	-1.4355808984677046e-12	-0.008623976213728301	1.0979764314353703e-12	0.00640600409948437	-8.420015126017001e-13	-0.004806958131886288	6.216331127214685e-13	0.003636224831695893	-5.021909446956459e-13	-0.0027689464295838754	-3.5129771773493213e-13	0.0021206358260917714	-2.93020855340564e-11	-0.0016326746659973811	-7.255776265803141e-11	0.0012635837904461352	2.5275613390222767e-11	-0.0009835575692594197	3.0332777203618535e-11	0.000770929812036064	-6.863819129394835e-11	-0.0006098050054868131	6.383442332482678e-11	0.0004884502795322813	-4.9612624506769216e-11	-0.0003982074572205636	3.5353813299936475e-11	0.00033265677862922264	-2.195103572867618e-11	-0.0002871528753654716	1.0567878633658889e-11	0.00025881697095352313
0.07440447480733746	-2.3711628193305507e-12	-0.11042534790477906	5.8132816054105954e-12	0.3215724139966432	0.4999999999853056	0.2971655964380977	7.015769048107651e-12	-0.08443227061701328	-4.495712712621586e-12	0.042778561954619675	3.1104081506945026e-12	-0.025679279909102907	-2.230791213927162e-12	0.016727093480000576	1.634785505775203e-12	-0.011429293865638984	-1.2215371043543484e-12	0.00805632272914148	9.259273673183107e-13	-0.0058033190994450775	-6.969508794384576e-13	0.004247000157175901	5.505325764476447e-13	-0.0031451072108898033	-3.8451537624100217e-13	0.0023501373105519205	2.572251157920529e-13	-0.0017679975106452564	1.968131024832485e-12	0.001336456661268883	1.9284447330139365e-11	-0.001013151961141802	1.705776169162404e-11	0.000768567000710442	-2.350440598679298e-11	-0.0005817282624910516	1.0181107336276699e-11	0.00043747302363354983	9.620802833872568e-13	-0.0003246625592166111	-1.1355797479019269e-11	0.00023497317284101732	1.8311866312740485e-11	-0.00016207949094186388	-2.178091936215652e-11	0.0001010730358736471	2.270707131053956e-11	-4.808274284378965e-5	-2.2180971970720172e-11
-5.617529822323451e-12	0.027986736173665254	6.652155303932376e-12	-0.07756364910547978	-9.15328669484403e-12	0.2971655964380977	0.5000000000174734	0.3151586862468126	-9.029300924460505e-12	-0.09735589337345955	6.045259983484379e-12	0.05220824082875708	-4.310932903726068e-12	-0.03265629145085848	3.1596879632121794e-12	0.02194728843917802	-2.3535298096789036e-12	-0.015370031540932015	1.7766688217038336e-12	0.011053078159821202	-1.3617281050316068e-12	-0.008096259998164367	1.0508019040541142e-12	0.00601101518829412	-8.174235032910477e-13	-0.0045092577866969385	6.53286780201336e-13	0.0034107831763014293	2.3618240679551283e-13	-0.0025978306988531964	2.9261768927428897e-11	0.0019908619578600842	7.14743937003826e-11	-0.0015347722600539504	-2.6104077092554645e-11	0.0011906266840962423	-2.856633260526133e-11	-0.000930503649400365	6.810510568213532e-11	0.0007341452195746607	-6.271152253492492e-11	-0.000586735032500425	4.836140864997481e-11	0.00047741976190515407	-3.442780315492227e-11	-0.0003982069710780868	2.133641389719079e-11	0.00034334270088502033	-1.027327792677885e-11	-0.0003092651642371287
-0.04652549836322411	1.6118880393749008e-12	0.06058323142191764	-3.694658242159921e-12	-0.10146347927811866	7.015769048107651e-12	0.3151586862468126	0.4999999999838539	0.3019872972184489	7.775633870667359e-12	-0.08788762688747859	-5.0051504040594795e-12	0.0452848585179377	3.4708592835754727e-12	-0.027519990203375623	-2.497492753338589e-12	0.01809297168018419	1.833213505661648e-12	-0.012451219816120213	-1.3693315771041616e-12	0.008825876921327497	1.0513223022481379e-12	-0.006385664043301515	-8.547233410690476e-13	0.004689198592019437	6.490628881908182e-13	-0.0034815234230203334	-4.745495013526136e-13	0.0026060703244374026	-2.920337920897759e-12	-0.0019621768244869127	-2.8862496327971824e-11	0.0014827823963644295	-2.522333335899089e-11	-0.001121940207749147	3.538546635552386e-11	0.000847434377238497	-1.6201262790452838e-11	-0.0006362240669679918	-1.2652170884217567e-12	0.0004715323832044161	1.6963910685601184e-11	-0.0003409156613048693	-2.73171707617259e-11	0.00023497466592934375	3.24646113684941e-11	-0.0001464536001434922	-3.382454963646646e-11	6.965163128360326e-5	3.3025585487644806e-11
4.1885473680843885e-12	-0.015676864101375008	-4.845001799337145e-12	0.03804064385546165	6.218610169834298e-12	-0.08443227061701328	-9.029300924460505e-12	0.3019872972184489	0.5000000000178074	0.31199039189561106	-9.044639218084145e-12	-0.09524403366745186	5.982882289427881e-12	0.0507520400701655	-4.2253411951598255e-12	-0.03162536269444744	3.080475448537299e-12	0.02120245347874629	-2.2851771353537346e-12	-0.014823358657743809	1.7003389643797302e-12	0.010646935392947643	-1.3123869963841138e-12	-0.007791800456725633	1.1038722591068659e-12	0.005781305636164273	-9.366404579188894e-13	-0.0043352928457071754	1.0686092437971242e-13	0.0032789714212877077	-2.7170719973531675e-11	-0.002498369237239016	-6.40900806599219e-11	0.0019166539048184842	2.5325731974444665e-11	-0.001480692168186397	2.3731756086666958e-11	0.0011530245997898464	-6.247062299864934e-11	-0.0009068467480567974	5.640340352103908e-11	0.0007227741157345212	-4.283038294994899e-11	-0.0005867341008165556	3.043523959730605e-11	0.0004884488505798039	-1.8793168147252735e-11	-0.00042056389157065345	9.051955446874614e-12	0.00037853216283588995
0.0311078169297836	-1.142284195632513e-12	-0.0382681272841562	2.5425889543902383e-12	0.05495517632477317	-4.495712712621586e-12	-0.09735589337345955	7.775633870667359e-12	0.31199039189561106	0.49999999998293376	0.30451395812677623	8.265440940126959e-12	-0.08977455014952773	-5.330014176873744e-12	0.04669535193545714	3.706531722504258e-12	-0.028579559550603047	-2.6753420146985828e-12	0.018892767357707535	1.9754238845733464e-12	-0.01305730270204026	-1.4361769352480578e-12	0.009286502857161611	1.1522696547093388e-12	-0.006736185060917927	-9.986261051613137e-13	0.004955797618045602	8.827311514416783e-13	-0.0036836857716342425	3.828191859379596e-12	0.0027583175971633185	4.035932398757216e-11	-0.0020753004760225855	3.4143402297114394e-11	0.001564751911120178	-4.9224748190353e-11	-0.0011785588937135662	2.3878769801251372e-11	0.0008828101149019015	1.310776869506702e-12	-0.0006531067255254305	-2.316639578766181e-11	0.0004715325263705137	3.7370610164550166e-11	-0.000324664531327128	-4.442033261954016e-11	0.00020221308458735502	4.626678931470034e-11	-9.613449729252218e-5	-4.5157430583493e-11
-3.161887116494019e-12	0.009732965673316671	3.6105931573752196e-12	-0.022324669612130286	-4.4833876436244265e-12	0.042778561954619675	6.045259983484379e-12	-0.08788762688747859	-9.044639218084145e-12	0.30451395812677623	0.5000000000181205	0.31029529618611446	-9.082266722097985e-12	-0.09409281389570238	5.947332063405464e-12	0.049945795084841677	-4.178662400186782e-12	-0.031046982631215678	3.0335531150196712e-12	0.02077984246248044	-2.261251167005313e-12	-0.014510284572448637	1.594802232675063e-12	0.010412622016167187	-1.3117430914992864e-12	-0.007615340436888462	1.2150149182398815e-12	0.005648105381453319	-6.95564017855811e-13	-0.004234995081972374	2.1835678861743345e-11	0.003204176912281909	4.667452582183407e-11	-0.002443810396180702	-2.1437454220861947e-11	0.0018786303416960387	-1.481991655785471e-11	-0.0014566927691995234	4.9280115756283626e-11	0.0011414546863570637	-4.24254796809959e-11	-0.0009068465118878306	3.099690535621548e-11	0.0007341440664696339	-2.1925745116027624e-11	-0.0006098032984174148	1.3412666684714111e-11	0.0005242003883702937	-6.467244623016065e-12	-0.00047139376756976043
-0.021653471523522694	8.29343856895543e-13	0.025831658531216842	-1.8168161391719559e-12	-0.034554222533924324	3.1104081506945026e-12	0.05220824082875708	-5.0051504040594795e-12	-0.09524403366745186	8.265440940126959e-12	0.31029529618611446	0.4999999999822761	0.3059206072903372	8.606683793703815e-12	-0.09085470284939706	-5.5615107176546485e-12	0.04751922711192549	3.875430570518685e-12	-0.029207606653110337	-2.8005605432484083e-12	0.019371735420013973	2.1032456285263754e-12	-0.013422520738305275	-1.414649281614568e-12	0.00956464046065478	1.1852778961032967e-12	-0.006947197858806172	-1.2532596055841408e-12	0.00511466183437514	-4.540160778999012e-12	-0.0038016337459534522	-5.2400599317902814e-11	0.002843698281988499	-4.158754824284684e-11	-0.002134217127103537	6.251821293807221e-11	0.0016015330151343682	-3.206706785828403e-11	-0.0011960979820232343	-9.663190753906097e-13	0.0008828101164398411	2.8703475867987592e-11	-0.0006362241313944036	-4.646966964351352e-11	0.000437475204687604	5.528214860358129e-11	-0.00027223098215257134	-5.7564547232988106e-11	0.00012936057483731446	5.616287831664273e-11
2.4044898804202447e-12	-0.006422641697524663	-2.722830989076187e-12	0.014305319666187073	3.3158516362515405e-12	-0.025679279909102907	-4.310932903726068e-12	0.0452848585179377	5.982882289427881e-12	-0.08977455014952773	-9.082266722097985e-12	0.3059206072903372	0.5000000000183876	0.3093472316056389	-9.121917157819758e-12	-0.09344435447816758	5.946677999455448e-12	0.04948864455044116	-4.16418082555733e-12	-0.030717067144331478	3.008227165237686e-12	0.020537574657824253	-2.2900667205174213e-12	-0.01433025109156876	1.4546587823968763e-12	0.010277889547872667	-1.1326403976657389e-12	-0.007514445153213899	1.1361622007213079e-12	0.0055731131107708	-1.1503493394508187e-11	-0.004180359495468266	-1.5281064222082677e-11	0.003166072687468445	1.2342276418961078e-11	-0.0024196940304056407	1.4303410128188995e-12	0.001866952386254539	-2.6414767505916705e-11	-0.0014566921181340606	1.8591206893919343e-11	0.001153023881290827	-1.1088974986500207e-11	-0.0009305022035356515	7.629418908094319e-12	0.0007709278191021578	-4.402014716754615e-12	-0.0006614744363111379	2.1383391321132123e-12	0.0005942384074169146
0.015482045177195116	-6.12343349911567e-13	-0.01812510584394968	1.3267550494521894e-12	0.023291611213329972	-2.230791213927162e-12	-0.03265629145085848	3.4708592835754727e-12	0.0507520400701655	-5.330014176873744e-12	-0.09409281389570238	8.606683793703815e-12	0.3093472316056389	0.49999999998181527	0.3067326304232104	8.855916590989073e-12	-0.091491179946794	-5.7331061317880386e-12	0.0480113643965727	4.0025667643375395e-12	-0.02958588822977555	-2.8914944531588242e-12	0.0196611642929116	2.2335385752083625e-12	-0.01364267535222311	-1.2454864323976454e-12	0.009730653612784683	9.798557607450097e-13	-0.007070517432125025	5.249390824050623e-12	0.005203887470071781	6.034769733421705e-11	-0.003863133864700874	4.281876832987152e-11	0.002882038640122109	-6.898484648035668e-11	-0.0021524774165096036	3.723146935463616e-11	0.0016015324667397128	4.845359736654882e-13	-0.001178558332782743	-3.107613869761488e-11	0.0008474337620692071	5.033344527203825e-11	-0.0005817300115312466	-5.987915589977625e-11	0.0003615906127460866	6.227823790362875e-11	-0.0001717212815611273	-6.071201194232136e-11
-1.8346654533513223e-12	0.004410448026391461	2.0674783177553586e-12	-0.009655045796332836	-2.483423271957557e-12	0.016727093480000576	3.1596879632121794e-12	-0.027519990203375623	-4.2253411951598255e-12	0.04669535193545714	5.947332063405464e-12	-0.09085470284939706	-9.121917157819758e-12	0.3067326304232104	0.5000000000185649	0.3088029315278393	-9.166633793825603e-12	-0.09307243706045064	5.9577787209260856e-12	0.04922654416233308	-4.15911480411565e-12	-0.03052804006020723	3.0022022472561736e-12	0.020399110055200294	-2.4164604030441606e-12	-0.014228061749406927	9.384518853319154e-13	0.010202595536986842	-5.875920290164101e-13	-0.007459868929095718	-5.970377097948832e-12	0.00553514480996883	-3.0727650966635956e-11	-0.0041563344027309365	3.677357524196595e-12	0.003154413442085163	1.484964013101099e-11	-0.002419694448293745	-5.548450648380474e-12	0.0018786303123666656	1.4574696653294725e-11	-0.0014806923586582683	-1.641215838861867e-11	0.001190626455734246	1.2095487156893565e-11	-0.000983556765985607	-8.002589549836807e-12	0.0008421217010697866	3.82017744396607e-12	-0.0007556516681438651
-0.011282334268822728	4.565332388381804e-13	0.013044109410829572	-9.864496032203182e-13	-0.016340726596926487	1.634785505775203e-12	0.02194728843917802	-2.497492753338589e-12	-0.03162536269444744	3.706531722504258e-12	0.049945795084841677	-5.5615107176546485e-12	-0.09344435447816758	8.855916590989073e-12	0.3088029315278393	0.4999999999815139	0.30721172782071043	9.026199285425383e-12	-0.0918722566973985	-5.853471939685715e-12	0.04830803681576342	4.079480378783981e-12	-0.029813843081786424	-2.9311617120659895e-12	0.019834054946723446	2.5164463436061424e-12	-0.013771507884754156	-4.0046368856772276e-13	0.009824041814935472	-6.365032384722322e-12	-0.007134915122199975	-5.362881209463328e-11	0.005244001717358337	-3.106111773185995e-11	-0.003882207016708087	5.782813423150236e-11	0.002882038378579572	-3.2515106999216615e-11	-0.00213421616292458	-1.1010586104689062e-12	0.0015647507424097061	2.6811699556222705e-11	-0.00112193864652749	-4.242969666140905e-11	0.0007685677711027824	5.0119349279881455e-11	-0.00047706034372659684	-5.181324541818532e-11	0.00022639189598252767	5.035541487908787e-11
1.405451987419043e-12	-0.0031138661219385264	-1.5777185117966804e-12	0.006741675134371517	1.881857022128734e-12	-0.011429293865638984	-2.3535298096789036e-12	0.01809297168018419	3.080475448537299e-12	-0.028579559550603047	-4.178662400186782e-12	0.04751922711192549	5.946677999455448e-12	-0.091491179946794	-9.166633793825603e-12	0.30721172782071043	0.5000000000187185	0.30848612233619865	-9.204617278312285e-12	-0.09285783041817845	5.963980076904191e-12	0.04907658659688159	-4.162200016864555e-12	-0.030421071455134622	2.9457895022607672e-12	0.020322152595424844	-2.78073821463241e-12	-0.014173136059243422	-1.4074857106903173e-13	0.010164698107875847	3.071487059543134e-11	-0.007435981756229466	8.115260809581311e-11	0.005523564905554159	-2.4952785650484617e-11	-0.004156334067039338	-2.870409279682576e-11	0.0031660727724069936	3.9400399265136724e-11	-0.0024438104516753753	-4.9574217345531974e-11	0.0019166546787600595	4.5149173114988375e-11	-0.0015347732413149324	-3.2610305930711074e-11	0.0012635843298797772	2.0850574918165313e-11	-0.0010792397091606927	-9.985126961990089e-12	0.0009671406317288034
0.008338974039172803	-3.4379471190136245e-13	-0.00955629046016814	7.411882984624488e-13	0.011764588442356437	-1.2215371043543484e-12	-0.015370031540932015	1.833213505661648e-12	0.02120245347874629	-2.6753420146985828e-12	-0.031046982631215678	3.875430570518685e-12	0.04948864455044116	-5.7331061317880386e-12	-0.09307243706045064	9.026199285425383e-12	0.30848612233619865	0.4999999999812626	0.30749695808700256	9.165749702996442e-12	-0.09210058630953537	-5.92907259161247e-12	0.04848487767519896	4.14125836437875e-12	-0.029947219075894854	-2.9504414901952712e-12	0.019931384446500926	3.1142116088735275e-12	-0.013838855111939647	4.9738689542461845e-12	0.0098660715781589	1.540882781574159e-11	-0.007154905497225068	1.1904912926489255e-12	0.0052440021907315774	-1.6814525537443413e-11	-0.003863134335301379	8.944459535640826e-12	0.0028436979915400034	5.240462554706414e-12	-0.002075299670000916	-1.2795157110324219e-11	0.0014827805179110508	1.6023835513794013e-11	-0.001013151750316862	-1.7389493169694564e-11	0.000627798731247672	1.6916402383254623e-11	-0.00029765478894459624	-1.596199935465295e-11
-1.0789132573721005e-12	0.0022432952168649723	1.2075875408226216e-12	-0.004820597705362011	-1.4355808984677046e-12	0.00805632272914148	1.7766688217038336e-12	-0.012451219816120213	-2.2851771353537346e-12	0.018892767357707535	3.0335531150196712e-12	-0.029207606653110337	-4.16418082555733e-12	0.0480113643965727	5.9577787209260856e-12	-0.0918722566973985	-9.204617278312285e-12	0.30749695808700256	0.5000000000188335	0.3083017373141137	-9.235287060956308e-12	-0.09273538826189964	5.976420687522767e-12	0.04899310010595667	-4.164295844940724e-12	-0.030363707908699824	3.0369113004100483e-12	0.020283581758693773	-4.638172262723647e-12	-0.014149203927086407	-5.014456923962675e-11	0.01015318138520901	-1.0268417605393782e-10	-0.007435982294913152	3.9726819212097704e-11	0.005535144320378822	3.0087877514391207e-11	-0.004180358700207725	-5.614017346201065e-11	0.0032041761619291415	6.590934076225189e-11	-0.002498369511167807	-5.764078075795108e-11	0.001990863241562601	4.111185437566118e-11	-0.0016326758166621833	-2.5996594198781142e-11	0.0013905356162651871	1.2424669449806362e-11	-0.0012441919240695522
-0.006230823609574142	2.5962360807883547e-13	0.007093964478624094	-5.590522502761889e-13	-0.008623976213728301	9.259273673183107e-13	0.011053078159821202	-1.3693315771041616e-12	-0.014823358657743809	1.9754238845733464e-12	0.02077984246248044	-2.8005605432484083e-12	-0.030717067144331478	4.0025667643375395e-12	0.04922654416233308	-5.853471939685715e-12	-0.09285783041817845	9.165749702996442e-12	0.3083017373141137	0.4999999999810744	0.3076649852421856	9.233371899094791e-12	-0.0922335102950992	-5.981377527322836e-12	0.048584260835599344	4.1450863806497934e-12	-0.030016938328599026	-3.614125791806068e-12	0.019975214413279315	1.0450176116523684e-11	-0.013859774449583553	5.921706558005942e-11	0.009866071581476286	4.024004479382138e-11	-0.007134914988041241	-5.180517291017851e-11	0.005203887811875756	3.4659913328042694e-11	-0.003801633845445256	-1.4344169959349499e-11	0.002758317342679248	-9.32051881354131e-12	-0.0019621749341755023	2.706159127636224e-11	0.0013364552019576631	-3.641421346565418e-11	-0.0008263812630053442	4.0518117245626686e-11	0.0003913662284593481	-4.0636990192126354e-11
8.257800359321056e-13	-0.0016408424354096406	-9.229659717129488e-13	0.0035073467395946695	1.0979764314353703e-12	-0.0058033190994450775	-1.3617281050316068e-12	0.008825876921327497	1.7003389643797302e-12	-0.01305730270204026	-2.261251167005313e-12	0.019371735420013973	3.008227165237686e-12	-0.02958588822977555	-4.15911480411565e-12	0.04830803681576342	5.963980076904191e-12	-0.09210058630953537	-9.235287060956308e-12	0.3076649852421856	0.5000000000189363	0.3081972827907202	-9.27219031441537e-12	-0.09266919456381804	6.001881958384061e-12	0.04895118354359117	-4.051587555419179e-12	-0.030338751304821387	5.722740301215937e-12	0.02027188696012952	2.1429186766615342e-11	-0.014149203795704276	3.7258024648252275e-11	0.01016469856317586	-2.1395214686034683e-11	-0.007459868558570483	-7.276624359769086e-12	0.0055731119575680565	2.543022230031798e-11	-0.00423499403988103	-2.953693435516772e-11	0.003278971422898538	2.447317242990487e-11	-0.002597832597147625	-1.5895432442028017e-11	0.0021206381112173155	9.569133450307283e-12	-0.0018001302148172727	-4.422217488150095e-12	0.0016077862977384718
0.00469577321657028	-1.9047975985416527e-13	-0.00531968459529548	4.1193184319931995e-13	0.00640600409948437	-6.969508794384576e-13	-0.008096259998164367	1.0513223022481379e-12	0.010646935392947643	-1.4361769352480578e-12	-0.014510284572448637	2.1032456285263754e-12	0.020537574657824253	-2.8914944531588242e-12	-0.03052804006020723	4.079480378783981e-12	0.04907658659688159	-5.92907259161247e-12	-0.09273538826189964	9.233371899094791e-12	0.3081972827907202	0.4999999999809936	0.3077584802258954	9.294134155713199e-12	-0.0923027286423065	-6.031726310064528e-12	0.0486289661297083	3.767255552735914e-12	-0.03003859337605892	-2.3576617008976486e-11	0.019975214131859428	-9.834826169708865e-11	-0.013838855421330822	-5.6064647945611646e-11	0.00982404116656858	8.801671594603899e-11	-0.007070517518002312	-6.173516180573719e-11	0.00511466258792043	2.0711868968640942e-11	-0.0036836869656074757	2.2297997003277542e-11	0.002606069720575411	-5.2971997836138024e-11	-0.0017679953678793972	6.870489895568267e-11	0.0010903472485138095	-7.488265509905247e-11	-0.0005156530998764334	7.4419208913757e-11
-6.4582548270945e-13	0.0012142655619950895	7.14976267297747e-13	-0.002585468946663931	-8.420015126017001e-13	0.004247000157175901	1.0508019040541142e-12	-0.006385664043301515	-1.3123869963841138e-12	0.009286502857161611	1.594802232675063e-12	-0.013422520738305275	-2.2900667205174213e-12	0.0196611642929116	3.0022022472561736e-12	-0.029813843081786424	-4.162200016864555e-12	0.04848487767519896	5.976420687522767e-12	-0.0922335102950992	-9.27219031441537e-12	0.3077584802258954	0.5000000000189794	0.30814405897688496	-9.301032743225699e-12	-0.09264022002664044	6.032030059947871e-12	0.04893845929079322	-1.310125946443434e-13	-0.030338751256281445	6.907517354624173e-11	0.02028358190305437	1.175274339762748e-10	-0.014173135870636882	-4.046560011864643e-11	0.010202595948926646	-3.262660950266228e-11	-0.007514444794646045	5.333914762085985e-11	0.005648104777900005	-6.387048382801224e-11	-0.004335292202096009	5.952961055300026e-11	0.0034107847728204006	-4.7486921315268163e-11	-0.002768949094747142	3.15974923264847e-11	0.0023411785527197334	-1.5658230271036998e-11	-0.002086567695885983
-0.00356358987776599	1.521403948716911e-13	0.0040213094448810745	-3.248255278798556e-13	-0.004806958131886288	5.505325764476447e-13	0.00601101518829412	-8.547233410690476e-13	-0.007791800456725633	1.1522696547093388e-12	0.010412622016167187	-1.414649281614568e-12	-0.01433025109156876	2.2335385752083625e-12	0.020399110055200294	-2.9311617120659895e-12	-0.030421071455134622	4.14125836437875e-12	0.04899310010595667	-5.981377527322836e-12	-0.09266919456381804	9.294134155713199e-12	0.30814405897688496	0.4999999999809136	0.30780025389749055	9.288734449008537e-12	-0.09232418329891999	-5.971206545456059e-12	0.04862896610210618	-1.145812658921077e-11	-0.03001693850216255	-7.624378331081643e-11	0.019931384255696242	-3.45365474679758e-11	-0.013771507800554568	5.626136118104453e-11	0.00973065318193547	-2.4376350925061615e-11	-0.0069471979274569	-1.4292496307984292e-12	0.004955799279310942	1.5631701600064e-11	-0.003481524459707366	-2.339651930384405e-11	0.002350134910385759	2.8625161001373637e-11	-0.0014445854612298327	-3.019771665767865e-11	0.0006819749207591668	2.990209306292374e-11
4.661208613529371e-13	-0.000906787836499614	-5.181831472848545e-13	0.0019251376888602375	6.216331127214685e-13	-0.0031451072108898033	-8.174235032910477e-13	0.004689198592019437	1.1038722591068659e-12	-0.006736185060917927	-1.3117430914992864e-12	0.00956464046065478	1.4546587823968763e-12	-0.01364267535222311	-2.4164604030441606e-12	0.019834054946723446	2.9457895022607672e-12	-0.029947219075894854	-4.164295844940724e-12	0.048584260835599344	6.001881958384061e-12	-0.0923027286423065	-9.301032743225699e-12	0.30780025389749055	0.5000000000190044	0.30812776214320287	-9.315261005352486e-12	-0.09264022002306392	7.265820620668626e-12	0.0489511835571165	1.3983650786168222e-11	-0.03036370802011599	3.326261411446931e-11	0.020322152277039	-1.169032527075698e-11	-0.01422806189464914	-7.103942605998064e-12	0.010277889975911184	2.628782734583073e-11	-0.007615341040976984	-1.0813228988563296e-11	0.005781304366524048	5.24550990515461e-13	-0.004509258195985718	2.850075073194621e-12	0.0036362272977044636	-2.621643487185856e-12	-0.003059825569606966	1.3577777877382484e-12	0.002720067826574796
0.002720072759382665	-1.0636979494018315e-13	-0.0030598262177601995	2.2394754745269162e-13	0.003636224831695893	-3.8451537624100217e-13	-0.0045092577866969385	6.490628881908182e-13	0.005781305636164273	-9.986261051613137e-13	-0.007615340436888462	1.1852778961032967e-12	0.010277889547872667	-1.2454864323976454e-12	-0.014228061749406927	2.5164463436061424e-12	0.020322152595424844	-2.9504414901952712e-12	-0.030363707908699824	4.1450863806497934e-12	0.04895118354359117	-6.031726310064528e-12	-0.09264022002664044	9.288734449008537e-12	0.30812776214320287	0.499999999980907	0.3078002538970043	9.303971070428995e-12	-0.09230272864105886	-7.70687631003656e-12	0.04858426082964552	-1.8339264602722564e-12	-0.029947219134294503	-6.2645040174007314e-12	0.019834054841508915	4.775501936244598e-12	-0.013642675900503418	-1.161022061538191e-11	0.009564639547658653	-4.80380760642594e-12	-0.006736185367423837	6.622278611836386e-12	0.004689201187516006	-2.9549182607916106e-12	-0.0031451060105316233	-2.1235745382867823e-12	0.0019251333536707	4.758745810845452e-12	-0.0009067903787492658	-5.6367522411823745e-12
-3.9955847264862874e-13	0.0006819696266361129	4.345646323078158e-13	-0.0014445877314218885	-5.021909446956459e-13	0.0023501373105519205	6.53286780201336e-13	-0.0034815234230203334	-9.366404579188894e-13	0.004955797618045602	1.2150149182398815e-12	-0.006947197858806172	-1.1326403976657389e-12	0.009730653612784683	9.384518853319154e-13	-0.013771507884754156	-2.78073821463241e-12	0.019931384446500926	3.0369113004100483e-12	-0.030016938328599026	-4.051587555419179e-12	0.0486289661297083	6.032030059947871e-12	-0.09232418329891999	-9.315261005352486e-12	0.3078002538970043	0.5000000000190248	0.3081440589766566	-9.203356591652399e-12	-0.0926691945586166	6.187488542020831e-12	0.048993100050700254	-3.7043727988295046e-12	-0.03042107170265138	2.978538446170361e-12	0.02039911010650251	-6.16076372195717e-13	-0.014330250355831879	-7.740182488332717e-12	0.010412623884675844	-3.1556416523125953e-12	-0.007791799772864738	8.39301049504442e-12	0.006011014090585503	-7.592148058918571e-12	-0.004806959738006584	5.464211848115514e-12	0.004021310605894251	-2.697173270690349e-12	-0.0035635868908094983
-0.0020865729754597417	7.430807318115907e-14	0.002341180150691099	-1.5149722533398876e-13	-0.0027689464295838754	2.572251157920529e-13	0.0034107831763014293	-4.745495013526136e-13	-0.0043352928457071754	8.827311514416783e-13	0.005648105381453319	-1.2532596055841408e-12	-0.007514445153213899	9.798557607450097e-13	0.010202595536986842	-4.0046368856772276e-13	-0.014173136059243422	3.1142116088735275e-12	0.020283581758693773	-3.614125791806068e-12	-0.030338751304821387	3.767255552735914e-12	0.04893845929079322	-5.971206545456059e-12	-0.09264022002306392	9.303971070428995e-12	0.3081440589766566	0.49999999998088296	0.3077584802237473	9.387209243254086e-12	-0.09223351028428163	-6.09659816301367e-12	0.04848487767414141	4.304283160379795e-12	-0.029813843283473706	-1.8070944952620578e-12	0.019661163474350648	1.649478861454972e-11	-0.013422522570421978	1.290853102459053e-11	0.009286500874031142	-1.174027615679157e-11	-0.006385665896811071	2.230553016475369e-12	0.004247001050256438	6.144845322533449e-12	-0.002585464413164139	-1.0437913308140652e-11	0.001214265374436418	1.1559892149418105e-11
-3.447690115851476e-13	-0.0005156455817688078	3.6237764661769556e-13	0.001090346666461635	-3.5129771773493213e-13	-0.0017679975106452564	2.3618240679551283e-13	0.0026060703244374026	1.0686092437971242e-13	-0.0036836857716342425	-6.95564017855811e-13	0.00511466183437514	1.1361622007213079e-12	-0.007070517432125025	-5.875920290164101e-13	0.009824041814935472	-1.4074857106903173e-13	-0.013838855111939647	-4.638172262723647e-12	0.019975214413279315	5.722740301215937e-12	-0.03003859337605892	-1.310125946443434e-13	0.04862896610210618	7.265820620668626e-12	-0.09230272864105886	-9.203356591652399e-12	0.3077584802237473	0.5000000000189674	0.308197282789575	-9.20523364706774e-12	-0.09273538825473426	5.997596222142794e-12	0.049076586564724176	-5.596154839432743e-12	-0.03052804009891734	-9.81146652599344e-12	0.020537575590502868	-2.057393990122895e-11	-0.014510283297902393	1.129318094528754e-11	0.010646936087600409	-4.309540125779807e-12	-0.008096258399543326	4.352953317480535e-13	0.006406004280942918	-2.4557599791331206e-13	-0.005319687854618351	1.7555606685913465e-13	0.004695773397113272
0.0016077909895590651	5.455355133479391e-13	-0.001800132177073606	-1.167991245297535e-12	0.0021206358260917714	1.968131024832485e-12	-0.0025978306988531964	-2.920337920897759e-12	0.0032789714212877077	3.828191859379596e-12	-0.004234995081972374	-4.540160778999012e-12	0.0055731131107708	5.249390824050623e-12	-0.007459868929095718	-6.365032384722322e-12	0.010164698107875847	4.9738689542461845e-12	-0.014149203927086407	1.0450176116523684e-11	0.02027188696012952	-2.3576617008976486e-11	-0.030338751256281445	-1.145812658921077e-11	0.0489511835571165	-7.70687631003656e-12	-0.0926691945586166	9.387209243254086e-12	0.308197282789575	0.499999999980837	0.3076649852389524	9.396179937916891e-12	-0.09210058630180236	-6.021211683642554e-12	0.04830803679122443	1.0388205981295012e-11	-0.02958588859660758	1.1781940802887441e-11	0.019371733933527598	3.397415137321867e-13	-0.013057303472714237	-4.146933409262662e-12	0.008825876560854595	4.103479819778356e-12	-0.005803322185985976	-2.0599203048844403e-12	0.0035073448529143337	8.299215817940506e-13	-0.001640840236373161	-2.371614189755622e-13
-2.6627322983398897e-11	0.000391357535955189	2.8187930932355205e-11	-0.0008263784194315151	-2.93020855340564e-11	0.001336456661268883	2.9261768927428897e-11	-0.0019621768244869127	-2.7170719973531675e-11	0.0027583175971633185	2.1835678861743345e-11	-0.0038016337459534522	-1.1503493394508187e-11	0.005203887470071781	-5.970377097948832e-12	-0.007134915122199975	3.071487059543134e-11	0.0098660715781589	-5.014456923962675e-11	-0.013859774449583553	2.1429186766615342e-11	0.019975214131859428	6.907517354624173e-11	-0.03001693850216255	1.3983650786168222e-11	0.04858426082964552	6.187488542020831e-12	-0.09223351028428163	-9.20523364706774e-12	0.3076649852389524	0.5000000000189356	0.3083017373140665	-9.191807818807555e-12	-0.09285783041175584	4.836592608335096e-12	0.0492265441514032	-1.1267839047268653e-11	-0.030717066997926368	4.878555608796906e-13	0.020779842542722908	2.2933722458280044e-12	-0.014823359623931226	-3.091172487188316e-12	0.011053078276083896	3.187264581580751e-12	-0.008623973867546616	-1.7180266954512528e-12	0.007093966638833265	6.748170849424449e-13	-0.006230824388747841
-0.001244196304655839	5.564103063336016e-12	0.001390538210098298	-1.1694997809172801e-11	-0.0016326746659973811	1.9284447330139365e-11	0.0019908619578600842	-2.8862496327971824e-11	-0.002498369237239016	4.035932398757216e-11	0.003204176912281909	-5.2400599317902814e-11	-0.004180359495468266	6.034769733421705e-11	0.00553514480996883	-5.362881209463328e-11	-0.007435981756229466	1.540882781574159e-11	0.01015318138520901	5.921706558005942e-11	-0.014149203795704276	-9.834826169708865e-11	0.02028358190305437	-7.624378331081643e-11	-0.03036370802011599	-1.8339264602722564e-12	0.048993100050700254	-6.09659816301367e-12	-0.09273538825473426	9.396179937916891e-12	0.3083017373140665	0.4999999999809381	0.3074969580830418	9.320063130640619e-12	-0.09187225668593238	-4.705464872369372e-12	0.04801136435513315	6.2423321046939855e-12	-0.02920760725259075	-4.1675661942077364e-12	0.018892767064041846	2.479549665154231e-12	-0.012451218292080589	-1.6144312330792089e-12	0.008056324874250299	4.794999775852638e-13	-0.004820598974930391	-1.0608220389519482e-12	0.0022432912143540294	1.3040922508533725e-12
-6.652606098694043e-11	-0.0002976457008019872	7.022058614486948e-11	0.0006277941649333513	-7.255776265803141e-11	-0.001013151961141802	7.14743937003826e-11	0.0014827823963644295	-6.40900806599219e-11	-0.0020753004760225855	4.667452582183407e-11	0.002843698281988499	-1.5281064222082677e-11	-0.003863133864700874	-3.0727650966635956e-11	0.005244001717358337	8.115260809581311e-11	-0.007154905497225068	-1.0268417605393782e-10	0.009866071581476286	3.7258024648252275e-11	-0.013838855421330822	1.175274339762748e-10	0.019931384255696242	3.326261411446931e-11	-0.029947219134294503	-3.7043727988295046e-12	0.04848487767414141	5.997596222142794e-12	-0.09210058630180236	-9.191807818807555e-12	0.3074969580830418	0.5000000000188142	0.3084861223363817	-9.182180924286712e-12	-0.09307243705265615	5.754414124476497e-12	0.04948864456349676	-3.9557889222351074e-12	-0.031046982817206522	2.8210116471359187e-12	0.02120245296205098	-1.892646332602948e-12	-0.015370033586461902	1.1849974355934125e-12	0.011764585176231383	-5.57823018234692e-13	-0.00955629061622296	4.733570552198298e-13	0.008338976658764666
0.0009671442363012129	4.9313310342814685e-12	-0.00107924227454226	-1.0370212268967735e-11	0.0012635837904461352	1.705776169162404e-11	-0.0015347722600539504	-2.522333335899089e-11	0.0019166539048184842	3.4143402297114394e-11	-0.002443810396180702	-4.158754824284684e-11	0.003166072687468445	4.281876832987152e-11	-0.0041563344027309365	-3.106111773185995e-11	0.005523564905554159	1.1904912926489255e-12	-0.007435982294913152	4.024004479382138e-11	0.01016469856317586	-5.6064647945611646e-11	-0.014173135870636882	-3.45365474679758e-11	0.020322152277039	-6.2645040174007314e-12	-0.03042107170265138	4.304283160379795e-12	0.049076586564724176	-6.021211683642554e-12	-0.09285783041175584	9.320063130640619e-12	0.3084861223363817	0.4999999999810738	0.3072117278176198	9.212973834662794e-12	-0.09149117993572345	-6.010118200870151e-12	0.04751922706995224	4.192308925642115e-12	-0.02857955967396731	-3.1718291833845702e-12	0.01809297253596745	2.4392503688583127e-12	-0.011429290333294819	-1.5640512280235898e-12	0.006741679863201908	1.4921352297998967e-12	-0.0031138651043925857	-1.8417910425949646e-12
2.223722424645459e-11	0.00022638312984715313	-2.3787903820572422e-11	-0.0004770549241071745	2.5275613390222767e-11	0.000768567000710442	-2.6104077092554645e-11	-0.001121940207749147	2.5325731974444665e-11	0.001564751911120178	-2.1437454220861947e-11	-0.002134217127103537	1.2342276418961078e-11	0.002882038640122109	3.677357524196595e-12	-0.003882207016708087	-2.4952785650484617e-11	0.0052440021907315774	3.9726819212097704e-11	-0.007134914988041241	-2.1395214686034683e-11	0.00982404116656858	-4.046560011864643e-11	-0.013771507800554568	-1.169032527075698e-11	0.019834054841508915	2.978538446170361e-12	-0.029813843283473706	-5.596154839432743e-12	0.04830803679122443	4.836592608335096e-12	-0.09187225668593238	-9.182180924286712e-12	0.3072117278176198	0.5000000000186007	0.3088029315267055	-9.046416553387789e-12	-0.09344435446930582	5.657192316132727e-12	0.04994579504062557	-3.717908230352887e-12	-0.03162536307469993	2.7262384358341114e-12	0.02194728715374431	-1.538075994405496e-12	-0.016340730199666278	9.874649358457506e-13	0.013044106830592553	-1.8444846480248148e-13	-0.01128233442828901
-0.0007556553484096419	-6.683183569048232e-12	0.0008421249413703183	1.4128486092828272e-11	-0.0009835575692594197	-2.350440598679298e-11	0.0011906266840962423	3.538546635552386e-11	-0.001480692168186397	-4.9224748190353e-11	0.0018786303416960387	6.251821293807221e-11	-0.0024196940304056407	-6.898484648035668e-11	0.003154413442085163	5.782813423150236e-11	-0.004156334067039338	-1.6814525537443413e-11	0.005535144320378822	-5.180517291017851e-11	-0.007459868558570483	8.801671594603899e-11	0.010202595948926646	5.626136118104453e-11	-0.01422806189464914	4.775501936244598e-12	0.02039911010650251	-1.8070944952620578e-12	-0.03052804009891734	1.0388205981295012e-11	0.0492265441514032	-4.705464872369372e-12	-0.09307243705265615	9.212973834662794e-12	0.3088029315267055	0.4999999999812357	0.30673263042151894	9.171242612167861e-12	-0.09085470283795428	-5.967351436003029e-12	0.04669535191058536	4.134534626130882e-12	-0.02751999019079017	-3.3839362671199613e-12	0.016727095116066296	2.494991551427392e-12	-0.009655042663414565	-2.1837312961424153e-12	0.004410450697143981	1.7197948794234197e-12
2.890820690377642e-11	-0.00017171320683162067	-3.01345765928934e-11	0.0003615848205662862	3.0332777203618535e-11	-0.0005817282624910516	-2.856633260526133e-11	0.000847434377238497	2.3731756086666958e-11	-0.0011785588937135662	-1.481991655785471e-11	0.0016015330151343682	1.4303410128188995e-12	-0.0021524774165096036	1.484964013101099e-11	0.002882038378579572	-2.870409279682576e-11	-0.003863134335301379	3.0087877514391207e-11	0.005203887811875756	-7.276624359769086e-12	-0.007070517518002312	-3.262660950266228e-11	0.00973065318193547	-7.103942605998064e-12	-0.013642675900503418	-6.16076372195717e-13	0.019661163474350648	-9.81146652599344e-12	-0.02958588859660758	-1.1267839047268653e-11	0.04801136435513315	5.754414124476497e-12	-0.09149117993572345	-9.046416553387789e-12	0.30673263042151894	0.5000000000183299	0.3093472316029758	-8.739475391608629e-12	-0.09409281388743998	5.425076458358589e-12	0.05075204000638305	-3.3699973172510985e-12	-0.032656291891197946	2.503784106120556e-12	0.02329160994632098	-1.1999166045010161e-12	-0.018125107693472434	6.321388945201021e-13	0.015482044050960108
0.0005942422265284183	2.7244598139264958e-12	-0.0006614782524721921	-5.859870755602158e-12	0.000770929812036064	1.0181107336276699e-11	-0.000930503649400365	-1.6201262790452838e-11	0.0011530245997898464	2.3878769801251372e-11	-0.0014566927691995234	-3.206706785828403e-11	0.001866952386254539	3.723146935463616e-11	-0.002419694448293745	-3.2515106999216615e-11	0.0031660727724069936	8.944459535640826e-12	-0.004180358700207725	3.4659913328042694e-11	0.0055731119575680565	-6.173516180573719e-11	-0.007514444794646045	-2.4376350925061615e-11	0.010277889975911184	-1.161022061538191e-11	-0.014330250355831879	1.649478861454972e-11	0.020537575590502868	1.1781940802887441e-11	-0.030717066997926368	6.2423321046939855e-12	0.04948864456349676	-6.010118200870151e-12	-0.09344435446930582	9.171242612167861e-12	0.3093472316029758	0.499999999981486	0.3059206072903124	9.091821738082842e-12	-0.08977455013990618	-6.012499757055359e-12	0.04528485851224335	4.30358693317905e-12	-0.025679279587983488	-3.3559712485928085e-12	0.014305320466001964	2.755555831746105e-12	-0.006422640400004036	-2.447144049899652e-12
-6.271906249888465e-11	0.00012935353696647	6.62628003106433e-11	-0.00027222546118860696	-6.863819129394835e-11	0.00043747302363354983	6.810510568213532e-11	-0.0006362240669679918	-6.247062299864934e-11	0.0008828101149019015	4.9280115756283626e-11	-0.0011960979820232343	-2.6414767505916705e-11	0.0016015324667397128	-5.548450648380474e-12	-0.00213421616292458	3.9400399265136724e-11	0.0028436979915400034	-5.614017346201065e-11	-0.003801633845445256	2.543022230031798e-11	0.00511466258792043	5.333914762085985e-11	-0.0069471979274569	2.628782734583073e-11	0.009564639547658653	-7.740182488332717e-12	-0.013422522570421978	-2.057393990122895e-11	0.019371733933527598	4.878555608796906e-13	-0.02920760725259075	-3.9557889222351074e-12	0.04751922706995224	5.657192316132727e-12	-0.09085470283795428	-8.739475391608629e-12	0.3059206072903124	0.5000000000177806	0.3102952961830376	-8.342314459877703e-12	-0.09524403366025307	5.058226579639715e-12	0.05220824077485741	-3.145277759270497e-12	-0.034554222859125974	1.8392092605281006e-12	0.025831657895228972	-8.364132344086499e-13	-0.02165347228705466
-0.0004713966832888519	2.9577967330081703e-13	0.0005242035113279731	-6.04646518603161e-13	-0.0006098050054868131	9.620802833872568e-13	0.0007341452195746607	-1.2652170884217567e-12	-0.0009068467480567974	1.310776869506702e-12	0.0011414546863570637	-9.663190753906097e-13	-0.0014566921181340606	4.845359736654882e-13	0.0018786303123666656	-1.1010586104689062e-12	-0.0024438104516753753	5.240462554706414e-12	0.0032041761619291415	-1.4344169959349499e-11	-0.00423499403988103	2.0711868968640942e-11	0.005648104777900005	-1.4292496307984292e-12	-0.007615341040976984	-4.80380760642594e-12	0.010412623884675844	1.290853102459053e-11	-0.014510283297902393	3.397415137321867e-13	0.020779842542722908	-4.1675661942077364e-12	-0.031046982817206522	4.192308925642115e-12	0.04994579504062557	-5.967351436003029e-12	-0.09409281388743998	9.091821738082842e-12	0.3102952961830376	0.4999999999817206	0.3045139581290385	9.07660019887966e-12	-0.08788762688239203	-6.0816710768966146e-12	0.04277856202992293	4.5218678302445084e-12	-0.022324669686684322	-3.64942646487151e-12	0.009732965961072197	3.1975611394785552e-12
5.879151748986433e-11	-9.612873536934719e-5	-6.195737870921046e-11	0.00020220838775685955	6.383442332482678e-11	-0.0003246625592166111	-6.271152253492492e-11	0.0004715323832044161	5.640340352103908e-11	-0.0006531067255254305	-4.24254796809959e-11	0.0008828101164398411	1.8591206893919343e-11	-0.001178558332782743	1.4574696653294725e-11	0.0015647507424097061	-4.9574217345531974e-11	-0.002075299670000916	6.590934076225189e-11	0.002758317342679248	-2.953693435516772e-11	-0.0036836869656074757	-6.387048382801224e-11	0.004955799279310942	-1.0813228988563296e-11	-0.006736185367423837	-3.1556416523125953e-12	0.009286500874031142	1.129318094528754e-11	-0.013057303472714237	2.2933722458280044e-12	0.018892767064041846	2.8210116471359187e-12	-0.02857955967396731	-3.717908230352887e-12	0.04669535191058536	5.425076458358589e-12	-0.08977455013990618	-8.342314459877703e-12	0.3045139581290385	0.5000000000170879	0.31199039189297295	-7.841943320252423e-12	-0.09735589337700207	4.543019301476762e-12	0.054955176317047806	-2.568982445635559e-12	-0.038268127546462756	1.154984961837524e-12	0.031107817048258733
0.0003785343484058739	-3.2329906877994018e-12	-0.0004205664072659701	6.824696402961508e-12	0.0004884502795322813	-1.1355797479019269e-11	-0.000586735032500425	1.6963910685601184e-11	0.0007227741157345212	-2.316639578766181e-11	-0.0009068465118878306	2.8703475867987592e-11	0.001153023881290827	-3.107613869761488e-11	-0.0014806923586582683	2.6811699556222705e-11	0.0019166546787600595	-1.2795157110324219e-11	-0.002498369511167807	-9.32051881354131e-12	0.003278971422898538	2.2297997003277542e-11	-0.004335292202096009	1.5631701600064e-11	0.005781304366524048	6.622278611836386e-12	-0.007791799772864738	-1.174027615679157e-11	0.010646936087600409	-4.146933409262662e-12	-0.014823359623931226	2.479549665154231e-12	0.02120245296205098	-3.1718291833845702e-12	-0.03162536307469993	4.134534626130882e-12	0.05075204000638305	-6.012499757055359e-12	-0.09524403366025307	9.07660019887966e-12	0.31199039189297295	0.4999999999820234	0.30198729722177803	9.09164487705496e-12	-0.08443227061885747	-6.272106531981568e-12	0.0380406438546957	4.88977657639842e-12	-0.015676864448527374	-4.228635670788794e-12
-4.597823508572668e-11	6.964719567162381e-5	4.8357768241982375e-11	-0.00014644995052076788	-4.9612624506769216e-11	0.00023497317284101732	4.836140864997481e-11	-0.0003409156613048693	-4.283038294994899e-11	0.0004715325263705137	3.099690535621548e-11	-0.0006362241313944036	-1.1088974986500207e-11	0.0008474337620692071	-1.641215838861867e-11	-0.00112193864652749	4.5149173114988375e-11	0.0014827805179110508	-5.764078075795108e-11	-0.0019621749341755023	2.447317242990487e-11	0.002606069720575411	5.952961055300026e-11	-0.003481524459707366	5.24550990515461e-13	0.004689201187516006	8.39301049504442e-12	-0.006385665896811071	-4.309540125779807e-12	0.008825876560854595	-3.091172487188316e-12	-0.012451218292080589	-1.892646332602948e-12	0.01809297253596745	2.7262384358341114e-12	-0.02751999019079017	-3.3699973172510985e-12	0.04528485851224335	5.058226579639715e-12	-0.08788762688239203	-7.841943320252423e-12	0.30198729722177803	0.5000000000161766	0.31515868624633814	-7.071568504357179e-12	-0.10146347927967954	3.725998432732635e-12	0.06058323142840807	-1.626366847185673e-12	-0.04652549822542257
-0.0003092661878643472	5.2294767453568415e-12	0.00034334407661647015	-1.1036829404788033e-11	-0.0003982074572205636	1.8311866312740485e-11	0.00047741976190515407	-2.73171707617259e-11	-0.0005867341008165556	3.7370610164550166e-11	0.0007341440664696339	-4.646966964351352e-11	-0.0009305022035356515	5.033344527203825e-11	0.001190626455734246	-4.242969666140905e-11	-0.0015347732413149324	1.6023835513794013e-11	0.001990863241562601	2.706159127636224e-11	-0.002597832597147625	-5.2971997836138024e-11	0.0034107847728204006	-2.339651930384405e-11	-0.004509258195985718	-2.9549182607916106e-12	0.006011014090585503	2.230553016475369e-12	-0.008096258399543326	4.103479819778356e-12	0.011053078276083896	-1.6144312330792089e-12	-0.015370033586461902	2.4392503688583127e-12	0.02194728715374431	-3.3839362671199613e-12	-0.032656291891197946	4.30358693317905e-12	0.05220824077485741	-6.0816710768966146e-12	-0.09735589337700207	9.09164487705496e-12	0.31515868624633814	0.49999999998236194	0.2971655964409306	9.222899258759447e-12	-0.07756364910364649	-6.703078996024338e-12	0.027986736220336452	5.6613030235963535e-12
3.2798908372911744e-11	-4.8079881489599716e-5	-3.4482232651416684e-11	0.00010107108137178401	3.5353813299936475e-11	-0.00016207949094186388	-3.442780315492227e-11	0.00023497466592934375	3.043523959730605e-11	-0.000324664531327128	-2.1925745116027624e-11	0.000437475204687604	7.629418908094319e-12	-0.0005817300115312466	1.2095487156893565e-11	0.0007685677711027824	-3.2610305930711074e-11	-0.001013151750316862	4.111185437566118e-11	0.0013364552019576631	-1.5895432442028017e-11	-0.0017679953678793972	-4.7486921315268163e-11	0.002350134910385759	2.850075073194621e-12	-0.0031451060105316233	-7.592148058918571e-12	0.004247001050256438	4.352953317480535e-13	-0.005803322185985976	3.187264581580751e-12	0.008056324874250299	1.1849974355934125e-12	-0.011429290333294819	-1.538075994405496e-12	0.016727095116066296	2.503784106120556e-12	-0.025679279587983488	-3.145277759270497e-12	0.04277856202992293	4.543019301476762e-12	-0.08443227061885747	-7.071568504357179e-12	0.2971655964409306	0.5000000000147751	0.3215724139982786	-5.861372425153474e-12	-0.11042534790621879	2.3916269084513914e-12	0.07440447478116502
0.00025881736674380747	-6.2298472780074354e-12	-0.0002871536256436362	1.3144375962316529e-11	0.00033265677862922264	-2.178091936215652e-11	-0.0003982069710780868	3.24646113684941e-11	0.0004884488505798039	-4.442033261954016e-11	-0.0006098032984174148	5.528214860358129e-11	0.0007709278191021578	-5.987915589977625e-11	-0.000983556765985607	5.0119349279881455e-11	0.0012635843298797772	-1.7389493169694564e-11	-0.0016326758166621833	-3.641421346565418e-11	0.0021206381112173155	6.870489895568267e-11	-0.002768949094747142	2.8625161001373637e-11	0.0036362272977044636	-2.1235745382867823e-12	-0.004806959738006584	6.144845322533449e-12	0.006406004280942918	-2.0599203048844403e-12	-0.008623973867546616	4.794999775852638e-13	0.011764585176231383	-1.5640512280235898e-12	-0.016340730199666278	2.494991551427392e-12	0.02329160994632098	-3.3559712485928085e-12	-0.034554222859125974	4.5218678302445084e-12	0.054955176317047806	-6.272106531981568e-12	-0.10146347927967954	9.222899258759447e-12	0.3215724139982786	0.4999999999827475	0.28686334840200184	9.63833942611215e-12	-0.061416785695564795	-7.722121553310757e-12
-2.0395594875972195e-11	2.9999624250266278e-5	2.1431831811058902e-11	-6.305090470315344e-5	-2.195103572867618e-11	0.0001010730358736471	2.133641389719079e-11	-0.0001464536001434922	-1.8793168147252735e-11	0.00020221308458735502	1.3412666684714111e-11	-0.00027223098215257134	-4.402014716754615e-12	0.0003615906127460866	-8.002589549836807e-12	-0.00047706034372659684	2.0850574918165313e-11	0.000627798731247672	-2.5996594198781142e-11	-0.0008263812630053442	9.569133450307283e-12	0.0010903472485138095	3.15974923264847e-11	-0.0014445854612298327	-2.621643487185856e-12	0.0019251333536707	5.464211848115514e-12	-0.002585464413164139	-2.4557599791331206e-13	0.0035073448529143337	-1.7180266954512528e-12	-0.004820598974930391	-5.57823018234692e-13	0.006741679863201908	9.874649358457506e-13	-0.009655042663414565	-1.1999166045010161e-12	0.014305320466001964	1.8392092605281006e-12	-0.022324669686684322	-2.568982445635559e-12	0.0380406438546957	3.725998432732635e-12	-0.07756364910364649	-5.861372425153474e-12	0.28686334840200184	0.5000000000125383	0.3369093674130171	-3.8427418528035745e-12	-0.13622096265634628
-0.00022371169715470866	6.500441124901441e-12	0.00024808486421935746	-1.3712701108427929e-11	-0.0002871528753654716	2.270707131053956e-11	0.00034334270088502033	-3.382454963646646e-11	-0.00042056389157065345	4.626678931470034e-11	0.0005242003883702937	-5.7564547232988106e-11	-0.0006614744363111379	6.227823790362875e-11	0.0008421217010697866	-5.181324541818532e-11	-0.0010792397091606927	1.6916402383254623e-11	0.0013905356162651871	4.0518117245626686e-11	-0.0018001302148172727	-7.488265509905247e-11	0.0023411785527197334	-3.019771665767865e-11	-0.003059825569606966	4.758745810845452e-12	0.004021310605894251	-1.0437913308140652e-11	-0.005319687854618351	8.299215817940506e-13	0.007093966638833265	-1.0608220389519482e-12	-0.00955629061622296	1.4921352297998967e-12	0.013044106830592553	-2.1837312961424153e-12	-0.018125107693472434	2.755555831746105e-12	0.025831657895228972	-3.64942646487151e-12	-0.038268127546462756	4.88977657639842e-12	0.06058323142840807	-6.703078996024338e-12	-0.11042534790621879	9.63833942611215e-12	0.3369093674130171	0.49999999998301237	0.25822105898014214	1.0890132545737785e-11
9.818951545708518e-12	-1.4276276721782436e-5	-1.0317656517711007e-11	3.000085070421979e-5	1.0567878633658889e-11	-4.808274284378965e-5	-1.027327792677885e-11	6.965163128360326e-5	9.051955446874614e-12	-9.613449729252218e-5	-6.467244623016065e-12	0.00012936057483731446	2.1383391321132123e-12	-0.0001717212815611273	3.82017744396607e-12	0.00022639189598252767	-9.985126961990089e-12	-0.00029765478894459624	1.2424669449806362e-11	0.0003913662284593481	-4.422217488150095e-12	-0.0005156530998764334	-1.5658230271036998e-11	0.0006819749207591668	1.3577777877382484e-12	-0.0009067903787492658	-2.697173270690349e-12	0.001214265374436418	1.7555606685913465e-13	-0.001640840236373161	6.748170849424449e-13	0.0022432912143540294	4.733570552198298e-13	-0.0031138651043925857	-1.8444846480248148e-13	0.004410450697143981	6.321388945201021e-13	-0.006422640400004036	-8.364132344086499e-13	0.009732965961072197	1.154984961837524e-12	-0.015676864448527374	-1.626366847185673e-12	0.027986736220336452	2.3916269084513914e-12	-0.061416785695564795	-3.8427418528035745e-12	0.25822105898014214	0.5000000000087057	0.3963215083475162
0.00020179067852833734	-6.354063693456949e-12	-0.00022371198552480345	1.3401188426516051e-11	0.00025881697095352313	-2.2180971970720172e-11	-0.0003092651642371287	3.3025585487644806e-11	0.00037853216283588995	-4.5157430583493e-11	-0.00047139376756976043	5.616287831664273e-11	0.0005942384074169146	-6.071201194232136e-11	-0.0007556516681438651	5.035541487908787e-11	0.0009671406317288034	-1.596199935465295e-11	-0.0012441919240695522	-4.0636990192126354e-11	0.0016077862977384718	7.4419208913757e-11	-0.002086567695885983	2.990209306292374e-11	0.002720067826574796	-5.6367522411823745e-12	-0.0035635868908094983	1.1559892149418105e-11	0.004695773397113272	-2.371614189755622e-13	-0.006230824388747841	1.3040922508533725e-12	0.008338976658764666	-1.8417910425949646e-12	-0.01128233442828901	1.7197948794234197e-12	0.015482044050960108	-2.447144049899652e-12	-0.02165347228705466	3.1975611394785552e-12	0.031107817048258733	-4.228635670788794e-12	-0.04652549822542257	5.6613030235963535e-12	0.07440447478116502	-7.722121553310757e-12	-0.13622096265634628	1.0890132545737785e-11	0.3963215083475162	0.49999999998236505
