0.9795926423703899
0.9793956587054233
0.9790673967366477
0.978603808690303
0.9779958295498199
0.9772290431761554
0.9762831457671692
0.9751308861042648
0.9737363383905996
0.9720523019404439
0.9700164740304313
0.9675458100728571
0.9645281123627268
0.9608092660493666
0.9561734626453937
0.9503118669399349
0.9427718163602036
0.9328726451693236
0.9195637474868292
0.901183702467871
0.8750582919067281
0.8368747860079582
0.779892472452397
0.6946275403838218
0.5724345755286093
0.4275654244872149
0.3053724596123494
0.22010752752827534
0.1631252139783832
0.12494170810589522
0.09881629755080745
0.08043625252482323
0.06712735482535037
0.05722818362151483
0.04968813304237174
0.04382653734606645
0.039190733957494506
0.03547188765354603
0.03245418994574145
0.029983525980242676
0.027947698059618387
0.02626366159930149
0.024869113882253324
0.023716854221443342
0.022770956818775046
0.02200417045128899
0.021396191314237804
0.02093260326823783
0.0206043412974297
0.020407357630830035
