0.9795926423689636
0.9793956587024764
0.9790673967318185
0.9786038086853606
0.9779958295492169
0.9772290431806616
0.9762831457794618
0.9751308861173125
0.9737363384013408
0.9720523019398464
0.9700164740196069
0.9675458100536565
0.9645281123457465
0.9608092660425657
0.9561734626540599
0.9503118669591497
0.9427718163791541
0.9328726451747057
0.9195637474726217
0.9011837024476601
0.8750582918975385
0.8368747860227732
0.7798924724706049
0.6946275403765578
0.5724345755354059
0.42756542444879353
0.3053724596277281
0.22010752754693308
0.16312521399227442
0.12494170808920768
0.09881629753355292
0.08043625251542141
0.06712735483089749
0.057228183638705965
0.04968813305939013
0.04382653735377828
0.039190733951301016
0.03547188763700804
0.03245418992809357
0.02998352596898146
0.027947698060215798
0.02626366160860205
0.0248691138962448
0.023716854232159013
0.022770956824060707
0.022004170449711563
0.021396191309800024
0.020932603263220335
0.020604341294634797
0.020407357629768426
