0.009948432222316965	0.02041037090251871	0.0316715748798483	0.04375493183814421	-0.056509825590883085	-0.06970131441423917	-0.08306683803688379	0.09634884793129087	0.10931286488025628	0.1217563967052938	-0.1335118031205505	-0.1444450347500046	-0.1544515588867972	0.1634499274581967	-0.17137302391382203	-0.1781565104425677	0.18372292267438653	-0.18795825192509355	-0.19067591644310514	-0.19156203668703684	0.19010369347476608	0.18554399261837845	-0.17708204708544278	-0.1650846087023175	0.1545186583524673	0.15451865835002127	0.16508460868035518	0.17708204706952024	-0.1855439926338201	-0.19010369357100937	0.19156203669241686	-0.1906759163857501	-0.18795825177545694	0.18372292253716585	-0.1781565105118305	0.1713730240787365	-0.1634499278019974	0.1544515590099599	0.14444503473137374	-0.13351180278258096	0.1217563963578871	0.10931286462877002	-0.09634884796050606	0.08306683828449626	-0.0697013147329502	0.056509825780373814	0.043754931868465	-0.03167157474223189	-0.020410370761070867	-0.009948432111860316
0.01962659583118752	0.039999112134828714	0.0613914173150067	0.0835326703492354	-0.10579937091094006	-0.12741450017493128	-0.14758177860655297	0.1655681367964	0.18075195391067786	0.1926479810094715	-0.2009157606792454	-0.20535672493639529	-0.2059038727398277	0.20260700253736708	-0.19561572737401728	-0.18516274637234487	0.17154890220822253	-0.15513215217334111	-0.13632278809463208	-0.11559034118995692	0.09349079410658166	0.07072655342462923	-0.048240281436867725	-0.027248084556985318	0.008654954861946118	-0.008654954863810687	-0.027248084552503323	-0.04824028142787307	0.07072655342371971	0.09349079416166453	-0.11559034121391967	0.1363227880709236	0.15513215203778302	-0.1715489020384538	0.18516274639158445	-0.19561572753651266	0.2026070029892579	-0.20590387297751156	-0.20535672499253146	0.2009157602249489	-0.19264798045733247	-0.18075195344493256	0.16556813678558488	-0.14758177899718966	0.12741450073785257	-0.10579937127057173	-0.08353267042194358	0.06139141705518443	0.03999911185936384	0.019626595616689585
0.03001988522244263	0.06052660264514719	0.09125118529844178	0.12107261710402675	-0.14837333017966173	-0.17142047915172132	-0.18863931852841231	0.19878773762184096	0.20105508664412572	0.19510233339201438	-0.1810570192694769	-0.15947519877361344	-0.13128130706023	0.09769549758262432	-0.06015692848828447	-0.020250779810807255	-0.020354282246750986	0.05995114132620582	0.0968137994492359	0.12918356983970197	-0.1552260494914607	-0.17301965647760284	0.1808488261402973	0.1787079686578955	-0.1723232322707578	-0.17232323226663832	-0.17870796863311444	-0.18084882612906047	0.17301965650047946	0.15522604955783342	-0.1291835698134052	0.0968137993936575	0.05995114130096095	-0.02035428231794027	-0.02025077970201064	0.060156928486475296	-0.09769549785542342	0.13128130736943056	0.15947519899467008	-0.18105701897707313	0.19510233283112163	0.20105508601624766	-0.19878773746413975	0.18863931891211194	-0.1714204798661002	0.14837333069014685	0.12107261723933484	-0.0912511849372784	-0.06052660223848146	-0.030019884896077435
0.040996955328549974	0.08150187932371715	0.11999259843864002	0.15387323965672553	-0.180123541990103	-0.19599057827441432	-0.19948770872995567	0.18968790343457467	0.1668367271806261	0.132314220327159	-0.08847880596008699	-0.03842851544140913	0.014284998176545858	-0.0659579372597173	0.11302350932212159	0.15230831966319108	-0.18124159829473768	0.1980114724435715	0.20166868658078707	0.19219116174932813	-0.17053608359927758	-0.13872362766043667	0.09997416617647027	0.05869645766826332	-0.019045638986412382	0.019045638991397083	0.05869645765669424	0.09997416615969107	-0.1387236276649736	-0.17053608369064818	0.19219116176854273	-0.20166868652502623	-0.19801147228934135	0.18124159820331953	-0.15230831980509166	0.1130235094837047	-0.0659579373228501	0.014284997915677016	-0.0384285157978371	0.08847880600656119	-0.13231421994569448	-0.16683672648357903	0.18968790304157324	-0.19948770894176968	0.19599057902396147	-0.18012354261988836	-0.15387323987686982	0.1199925980123268	0.08150187879622807	0.040996954878764806
0.0525761788543923	0.1026612558765343	0.14656881174016118	0.1796137836269604	-0.197285407662028	-0.19642178108057232	-0.1759788615244697	0.13733487053425747	0.08416943264279168	0.021997812130183782	0.04253207380297203	0.1024603431145984	0.15133716224008603	-0.1839464841090254	0.19685640520924397	0.18875220760815273	-0.16053803631346972	0.11522262154241152	0.057627748734606646	-0.006023368027060871	0.06858765531014016	0.12257606038792619	-0.16111473777260135	-0.18032717374535073	0.18443120680203923	0.1844312067962587	0.18032717372376733	0.16111473776734653	-0.1225760604141846	-0.06858765532270347	0.006023367967941714	0.0576277487660988	0.11522262142186163	-0.16053803611206371	0.18875220761032427	-0.19685640538236096	0.18394648447288617	-0.151337162191623	-0.10246034278505137	0.04253207340465966	0.021997812062467252	0.0841694320103623	-0.13733486987912408	0.1759788614107346	-0.19642178172161412	0.19728540837137484	0.17961378396520516	-0.14656881129106994	-0.10266125524270628	-0.05257617828082755
0.06429163610122615	0.12285560718753324	0.1689018559173395	0.1953559189848135	-0.1968534549513431	-0.17149894434094173	-0.12171716737346967	0.05409737727732692	-0.021629257869678224	-0.09420578688265453	0.1527169877069617	0.188360070925046	0.1958227934079734	-0.17406467040388218	0.1264112649231871	0.0599843223515194	0.01541172134994723	-0.08876102508114557	-0.14944550715000257	-0.1887840542026929	0.20134234017510666	0.18593884011372566	-0.14629976001606781	-0.09098417180496664	0.03042772043366618	-0.030427720442056216	-0.09098417178658605	-0.14629975999335035	0.18593884012716594	0.20134234026942377	-0.18878405418693642	0.14944550706787854	0.08876102503993051	-0.015411721498655015	-0.05998432216289205	0.1264112649454898	-0.17406467083565855	0.19582279366634295	0.1883600708472414	-0.15271698714873355	0.09420578662236939	0.021629258291532897	0.05409737644060983	-0.12171716685976487	0.17149894473423624	-0.19685345569273502	-0.19535591947978898	0.16890185549132639	0.12285560646612705	0.06429163541946399
0.07600761835220135	0.1415170443269727	0.18567718230136374	0.19918216089965365	-0.17740162737259277	-0.12258168142836505	-0.04410559594540827	-0.04319410418393134	-0.1221398612440702	-0.1769088751832303	0.19643626800162534	0.17676006959262364	0.12183043769123567	-0.04266302222930719	-0.04493050067377872	-0.12352861963613732	0.17754536835452867	-0.1962695794352064	-0.1759488939452509	-0.1205859519869946	0.04135329495658986	-0.04530636485682355	0.12097045024499255	0.17071402773632577	-0.19148763121541795	-0.19148763120292164	-0.1707140277219012	-0.12097045025157649	0.04530636488353344	-0.04135329500384547	0.12058595205953986	-0.17594889392520252	-0.1962695792684355	0.17754536829891732	-0.12352861986562656	0.04493050083926943	0.04266302244903179	-0.12183043819077352	-0.17676006991705914	0.1964362675886486	-0.17690887468524893	-0.12213986131807715	0.04319410503610076	0.04410559505577934	-0.12258168147323227	0.17740162808385906	0.19918216157825436	-0.18567718196469715	-0.14151704354874928	-0.07600761756765641
0.08757465411324938	0.1581992340503808	0.19621752995987793	0.1909965682057376	-0.14133745940712036	-0.05742698600466871	0.04093964532605786	-0.12932106679648558	-0.18518377356348822	-0.194056466262404	0.15350284490372812	0.07382913743471672	-0.02460844373115015	0.1167051260791218	-0.17906918085280762	-0.19595121568259924	0.16315287521254973	-0.08898494923267364	0.007897593305302313	0.10321237524700483	-0.17319568029479612	-0.20083679905002447	0.1808795464073118	0.12201376300750802	-0.042498767621549645	0.042498767632664664	0.12201376298378935	0.1808795463851127	-0.20083679907574073	-0.17319568035116933	0.10321237517559309	-0.007897593227365704	0.0889849491177884	-0.16315287496625305	0.19595121571616556	-0.17906918107049666	0.1167051262120265	-0.024608443243194146	0.07382913808556212	-0.1535028448993443	0.19405646570469476	0.18518377321401214	-0.12932106744615696	0.040939646448876536	0.05742698568278275	-0.14133746002380906	-0.19099656906731893	0.19621752979264465	0.15819923325864566	0.0875746532132928
0.09890860242372754	0.17250131239406433	0.19983092887422568	0.17074619793117968	-0.09133269129156721	0.015967696263643565	0.11860010507851323	-0.18432936668366004	-0.19202280239309663	-0.13889241200390604	0.04164963647382091	-0.0688046786433753	-0.15733225680553758	0.19583048904680453	-0.17216231532403084	-0.0939282025884255	-0.014025541169143715	0.1174906067675379	0.183666214359711	0.19150868954621444	-0.1385533424335665	-0.04211741821802561	-0.06599621812296728	-0.1514759700179794	0.19456304378893052	0.19456304376602485	0.15147597001456584	0.06599621814065967	0.04211741819802618	0.13855334251452958	-0.19150868958597742	0.18366621427838045	0.11749060670468217	-0.014025541402062879	-0.09392820233889124	0.17216231539871898	-0.19583048945490145	0.15733225663793354	0.06880467796851772	0.0416496369458177	-0.13889241159603893	-0.19202280164225813	0.184329366891978	-0.11860010620433117	0.015967696919855248	0.09133269176307413	0.1707461989715887	-0.1998309289427165	-0.17250131163151353	-0.098908601414182
0.10991653475771081	0.184152724784283	0.196447295750864	0.13995813597678017	-0.032728898425500454	0.08680920253088317	0.17381206288494075	-0.19470154629673103	-0.14092039613099996	-0.03283206442592117	-0.08796286296831293	-0.1748109399711648	-0.19419079826627353	0.13870000388518344	-0.02981873249901176	0.0904946404439172	-0.1760030381291409	0.1939011747316021	0.13729939676374558	0.027800634672484094	0.09280123609317224	0.1787780611154562	-0.19892412451550803	-0.14990666580507497	0.05500658432243806	-0.055006584335974544	-0.149906665777165	-0.198924124499193	0.1787780611540287	0.0928012360890762	0.027800634781720783	-0.13729939679214323	-0.19390117456190964	0.1760030381083407	-0.09049464078213061	-0.02981873234506194	0.1387000043162632	-0.1941907985823463	-0.17481093966049155	0.08796286222603784	0.03283206432632632	0.140920395135651	-0.19470154588290375	0.17381206373672548	-0.08680920344665238	-0.032728898723441674	-0.13995813719760877	0.1964472960888215	0.18415272408053693	0.10991653367760609
0.12049894319293164	0.1928102322614487	0.1858805535745093	0.10010696554116183	0.029323747198459357	0.14577873259515295	0.19654302763902134	-0.1578406380561658	-0.04682712184863289	0.08572213108984049	-0.1787770427275656	-0.18941050783665955	-0.11274422308909833	-0.01583081019280391	0.1370779915605047	0.19524450997059525	-0.16365255619959082	0.05686720819626435	-0.07601100308822888	-0.17383841355558113	0.1915814507736563	0.1214636304398884	0.0030254293695448744	0.12440438281364499	-0.19460166103605867	-0.1946016610004912	-0.12440438282451953	-0.003025429396330689	-0.1214636304344336	-0.19158145084845263	0.17383841352606955	-0.07601100297146078	0.0568672081015015	-0.16365255589958386	0.1952445100707982	-0.1370779918318868	0.015830810015981685	0.11274422378516821	0.1894105081450436	-0.17877704208339487	0.08572213084523332	-0.04682712085891376	0.15784063699376372	-0.19654302795072254	0.14577873362913898	-0.029323747102713477	0.10010696691281765	-0.18588055422329008	-0.19281023165516395	-0.12049894206418599
0.13062556779385845	0.1984028416387268	0.16869679813500763	0.05403996814970123	0.08835935939986819	0.18434657015180425	0.18246530906139208	-0.08295519052194457	0.06114901165254928	0.1722125447075199	-0.1901449442278108	-0.10519696791527904	0.0366764854576027	-0.15877056730019837	0.19517874346795538	0.12633323962209353	0.010587026058955248	-0.14179744796399468	-0.19662792805250595	-0.14549734157316202	0.015822761846365604	-0.12291662491070833	0.19764955497065573	0.1730315590964881	-0.06773082213786648	0.06773082215288521	0.17303155906711148	0.197649554966298	-0.12291662495674302	0.01582276190848915	-0.14549734166983636	0.19662792799750964	0.14179744788996856	-0.010587026364956023	-0.12633323933547197	0.19517874361951268	-0.15877056751182103	0.03667648474452509	-0.10519696878409589	0.19014494401937165	-0.17221254422148438	-0.06114901236828319	-0.08295518899608019	0.1824653086632803	-0.18434657109644761	0.08835935953129147	-0.05403996958737634	0.1686967991523357	0.19840284118750484	0.13062556659398802
0.14022174812417942	0.20074339397330845	0.1453373921408367	0.004448909123874962	0.13878446581925938	0.19715655672253757	0.13397967876613276	0.012287386036041672	0.15079965950101226	0.19495294258809526	-0.11699351775938395	0.03428166269286641	0.1640884773407374	-0.19114992752315302	0.09859735846532423	-0.055600774296283816	0.17501128613588435	-0.18501092356289695	-0.07936445046798063	0.07585044615374731	-0.18351679241261745	-0.1765878813967502	0.060656744627259895	-0.09131032731630259	0.19232579624023732	0.19232579619472634	0.09131032734028634	-0.06065674459568806	0.1765878814096079	0.1835167924441567	-0.07585044605245742	-0.07936445056054768	-0.18501092339903263	0.1750112861326494	-0.05560077475247869	-0.09859735834150521	0.19114992800595587	-0.16408847706024446	-0.03428166165415145	-0.11699351814635127	0.1949529420378978	0.15079965970767514	-0.012287387698459136	-0.1339796776329239	0.19715655738669446	-0.1387844661732371	0.00444891053521095	-0.14533739355112338	-0.20074339372832364	-0.14022174685011515
0.1492645298539822	0.1998550168110438	0.11677757722617009	-0.045345385485164716	0.17554115724415725	0.18247819596803824	0.0604567263723367	0.10440223045404204	0.19459474513062994	0.14547630390928204	0.007881768338352711	0.15557801573315153	0.19174100967599528	-0.09049045597060908	-0.07561315528646428	-0.18767373602246337	0.16555995543470503	-0.02510597862640965	0.13329018553713234	0.19640042764878696	-0.11908866563026552	0.04352065131291182	-0.17655233933589157	-0.1900630859440061	0.08048187654757624	-0.08048187656287019	-0.19006308591634294	-0.17655233934859207	0.04352065135524378	-0.11908866572110272	0.1964004276755931	-0.13329018541155768	0.025105978539894533	-0.16555995510021196	0.18767373621331224	-0.07561315560000961	-0.09049045639936829	0.19174101008602962	0.1555780150900366	-0.007881767463941834	-0.14547630348469107	-0.19459474468677918	0.10440223186690978	0.06045672464115806	-0.18247819623940675	0.17554115778275783	0.04534538416465719	0.11677757899376313	0.19985501679531584	0.14926452855463776
0.157684441740061	0.1956699322453397	0.08392113114010807	-0.09230790241997248	0.19507265777444316	0.14226585071711853	-0.024512283089718614	0.17125256185392376	0.17925538517608633	0.041877778646309295	0.129461319921565	0.19562109360902805	0.10287649863149075	0.0734311317730431	-0.19018204747322986	-0.15268453670106177	-0.008605372346877938	0.16288569217069485	0.18506187227815138	0.05716143370391858	0.11703432415189712	0.19646486198046104	-0.11799807861335125	0.053988421536095794	-0.18824907369005364	-0.1882490736478426	-0.05398842156350252	0.11799807858150403	-0.19646486200619728	-0.11703432412794484	-0.05716143383994659	0.1850618722878737	0.16288569208767092	-0.008605372710998064	-0.15268453639920346	0.19018204771235067	-0.07343113169315135	-0.10287649957265427	-0.1956210937889958	0.12946131894199764	0.04187777850430881	0.1792553841229029	-0.17125256262098096	0.024512285134280713	0.1422658505295548	-0.19507265845065747	-0.09230790126734587	-0.08392113321810299	-0.19566993248187312	-0.15768444045716237
0.1654676460795623	0.1883143352184034	0.04805519336765991	-0.13336348748565474	0.19545980406690966	0.0822514588192904	-0.10479607602055159	0.1965350737996178	0.10954883449416257	-0.07713235150656153	0.19346868146062376	0.13340759922226675	-0.048293925192503126	0.1860148200054933	-0.1542853612979606	0.01797751947521633	-0.17394394507907376	0.1716729164151117	0.013220546786241181	-0.15725160257975523	0.18467106498991237	0.04415588500778098	0.13742461871368636	0.20002234435130256	-0.0930987005412474	0.09309870055634265	0.20002234432765287	0.13742461874636	0.04415588497998014	0.1846710650647625	-0.1572516025045034	-0.013220546920419105	-0.17167291625546446	0.1739439451198484	-0.017977520023918014	-0.15428536123951758	0.1860148203204232	-0.04829392426498077	0.13340760023296025	-0.1934686808812071	0.07713235130710304	-0.1095488330920055	0.1965350736148486	-0.1047960779778735	-0.08225145815178747	0.1954598048249858	0.1333634866085867	0.048055195711776105	0.18831433574281617	0.16546764482274592
0.17256165101743756	0.1778593616593251	0.01041717763569886	-0.1659297802987817	0.17661325520454768	0.010684995449072076	-0.16544168890225985	0.1741293590042652	0.006505764140742852	-0.1675922687373528	0.17152396000499223	0.0012899652377485937	-0.170275535896078	0.16901072514709237	0.0037872026281356957	0.17279431357472463	-0.16659420485685564	-0.008508454687062445	-0.17493270296381344	-0.16389986580022842	-0.013345405716745817	-0.17720219938054033	0.16281002934244512	-0.014216005038837833	0.18272419296153392	0.18272419294495354	0.014216005050740659	-0.16281002931039695	0.1772021994079112	0.013345405662573645	0.1638998659150844	-0.1749327028690787	-0.008508454746404805	-0.16659420448891543	0.17279431387302957	-0.0037872029643856425	-0.16901072566105974	0.17027553557383066	-0.0012899666219061212	0.1715239601620873	-0.16759226826657667	0.006505762781780019	-0.17412935778325866	0.16544169034337453	0.010684994357194473	-0.17661325597899324	-0.16592977980345702	-0.010417180190159409	-0.17785936250744844	-0.17256164978666239
0.17895259551638107	0.16451398606992348	-0.027577541814115047	-0.1879172893027561	0.14044039243782208	-0.06233488314432505	-0.1949953756855219	0.1095242521572962	-0.09844498673265725	-0.19586072872855603	0.07345518262887063	-0.13141165084048764	-0.18880939805997946	0.034319081371654014	0.15872937498871328	0.17379301097723668	0.006032582045433683	-0.17914329118942526	-0.1514686530284985	0.04597765233378407	-0.19192158055874486	-0.122995133021469	-0.08411853735534391	-0.20229866029405194	0.10544509842932208	-0.10544509844678053	-0.2022986602717082	-0.0841185374070886	-0.12299513300750543	-0.1919215805904072	0.045977652170424634	0.15146865309201618	0.17914329110355456	-0.006032582485829759	-0.1737930107233644	0.15872937532190412	0.034319081752795355	-0.1888093986024649	-0.1314116498134228	-0.07345518351973773	0.19586072815697064	0.09844498763151335	0.10952425007711727	-0.19499537624039104	0.0623348845434124	0.14044039317636797	0.18791728929513737	-0.02757753910560727	0.16451398727942657	0.17895259428414417
0.18459792796207566	0.14846141117699102	-0.06458544770465602	-0.19792703718540242	0.0904449948349357	-0.12666889896109276	-0.18790228641629236	0.018299553871704198	-0.17354128745851172	-0.15146449694141995	-0.057294720581294194	-0.19541086720375553	-0.09261136713787219	-0.12439564990156435	0.18814510916861957	0.020060079215488847	0.17277975561872871	-0.15281416098699518	0.05535185832398127	0.1952606049414126	-0.0946137840498159	0.1227003046089436	-0.19033034912017566	-0.026252906135696093	-0.1759918819388515	-0.1759918819291501	0.026252906137342113	0.1903303490765047	-0.12270030466115239	0.09461378411484037	-0.1952606049894387	0.055351858139594604	-0.1528141608536074	0.17277975565697185	0.020060078568088942	-0.188145109196227	0.12439564993625157	0.09261136830197811	0.19541086715934866	-0.057294719311075853	-0.15146449647855317	-0.1735412875761952	-0.018299551363134464	0.18790228586495755	-0.12666890046875875	-0.0904449954812971	-0.1979270377254833	0.06458544493849905	-0.14846141276206312	-0.18459792673279882
0.1894862490955444	0.12999026125351854	-0.09923741192452822	-0.19532966239323923	0.03158562748571805	-0.1732921867809676	-0.14552252927131046	-0.07733162965756056	-0.19592700362021845	-0.050922580525808614	-0.16255086165908122	-0.1572079575244602	0.05977453620476164	-0.1963811017184305	0.06874946006785307	-0.1514313562730592	0.16795371708297843	0.04143547429189607	0.19510882159189785	0.0863867219802118	0.13853725073322776	0.1774912503774718	0.02209504347438131	0.1966556601366439	-0.11740532095805181	0.11740532098238694	0.19665566010314667	0.022095043555036695	0.17749125037919541	0.1385372507349759	0.08638672220092708	-0.19510882152389494	-0.041435474325536355	-0.16795371665922687	0.15143135671062408	0.06874945973224939	-0.19638110212702256	0.059774535113562795	-0.15720795856455247	0.16255086065223365	0.050922580350439055	0.1959270029010412	-0.0773316319652037	-0.14552252765042317	0.17329218809034785	0.03158562798156843	0.19532966344510283	-0.09923740925309216	0.12999026317643275	0.18948624794351057
0.19358762164137874	0.1093834451308913	-0.130286740512333	-0.18027293984978449	-0.030395881867146847	-0.19571118184521757	-0.07578359845233226	-0.15422024764796738	-0.1587968711827394	0.06854942309280104	-0.19563018132875012	-0.036748950483223394	0.1758929746655638	-0.13149731966391734	-0.10511180990985995	-0.18819686303049374	-0.003676277719666197	0.1901994374279504	0.09886878756639149	-0.13684586906606688	0.1726224078722052	-0.04382614415143777	0.19766779124226388	0.06571032491647787	0.1682199591444225	0.16821995910365742	-0.06571032488528344	-0.1976677912394577	0.04382614421402294	-0.17262240797351205	0.13684586891541484	0.09886878769253715	0.19019943730220856	-0.0036762782643379086	-0.1881968628389699	0.10511181038990085	0.13149732023526203	-0.1758929743355713	0.03674895218781302	-0.1956301810714528	0.06854942288843795	-0.1587968697204591	0.15422024915810326	0.07578359595370592	-0.19571118275082466	0.030395881581974073	-0.1802729414370058	0.13028673804802288	-0.10938344740316754	-0.19358762055698298
0.19689259173968968	0.08699334667205262	-0.15659685033002624	-0.1537338720330763	-0.08937912123657463	-0.19079203623801927	0.008173777494182511	-0.1936837308080382	-0.0734592348824576	0.16257026057932752	-0.14183197856376	0.10289280503507056	0.18516634560290793	0.024982936687096807	-0.1957745906560784	-0.057503922861881156	-0.1715919326424335	0.1298380112191784	-0.11686060132966125	-0.17908391070829716	-0.041369217956831725	-0.19688373844135718	0.04218954942449458	-0.18322391391800447	0.12887952454466328	-0.1288795245624437	-0.18322391390506146	0.0421895493465362	-0.19688373847248183	-0.04136921787858422	-0.1790839108267654	0.11686060115376759	-0.12983801104869686	0.171591932779057	0.0575039221567408	-0.19577459089251623	0.024982936338610852	0.18516634633253487	0.10289280352936728	0.1418319792575718	-0.16257026006190461	0.07345923307503417	-0.1936837310283199	0.008173780447401247	0.19079203654254706	-0.08937912119605879	0.15373387407377742	-0.156596848225836	0.08699334925931257	0.1968925907758818
0.19938113837234467	0.06317382699712976	-0.17721642819885358	-0.11738884861963952	-0.13958687018045668	-0.1592100553433591	0.09061171625924067	-0.18615893477535173	0.03420628511309641	0.19629238614360647	-0.0250154530048284	0.18874264188989823	0.08195986272509947	0.1640855328738908	-0.13153765582223095	0.1244184622625196	-0.16916204633658125	-0.07332588809593418	-0.19129455919251676	0.015524275710141023	-0.19598473782448653	-0.04375557792136324	-0.1840754739085861	-0.10253217277409299	-0.1595313403773382	-0.15953134036535382	0.10253217276531884	0.18407547391931353	0.04375557786949184	0.19598473786251075	-0.015524275490208992	-0.19129455920756025	-0.07332588814209451	-0.16916204592842327	0.12441846284025834	0.13153765560630806	-0.16408553296436384	-0.08195986414416265	-0.18874264139556896	-0.025015454359367997	0.19629238550974648	0.03420628677209812	0.18615893353824522	-0.09061171913378614	-0.1592100549915555	0.13958687039140516	-0.11738885104729554	0.17721642656589318	-0.06317382989143329	-0.19938113752251257
0.20104732834430278	0.03832415825274634	-0.19139360797457106	-0.0735690718425968	-0.17607337121378602	-0.1053929420310443	0.1560153718130783	-0.1334787329701744	0.13146666778449317	0.1572023478321133	0.10288935214806218	0.17586960220228215	-0.0710000237398303	0.1888282346173792	0.03673770778215451	0.1955871706244126	0.0011957409656874521	-0.1958231079688738	-0.034397751411482186	0.18954115154208476	-0.06887140091609369	0.1773286277431482	-0.10199246086293169	0.16248179493925918	-0.13977929418014537	0.13977929419954144	0.16248179493110004	-0.10199246079510697	0.17732862777785294	-0.06887140100541261	0.18954115151939424	0.034397751606085006	0.19582310784778661	-0.001195741551307756	-0.19558717054226965	0.036737708275401314	0.1888282350943799	-0.07100002245342388	0.17586960307636676	-0.10288935071412607	-0.15720234729391327	-0.13146666879743996	-0.13347873046495773	0.1560153740183293	0.10539294102425986	-0.17607337168058187	0.07356907454837253	-0.19139360692081492	0.03832416142184734	0.20104732762094144
0.201881509795282	0.012844029967524939	-0.19861342426769515	-0.025053232863665762	-0.19526111459931927	-0.03684356867358283	0.19211166525763407	-0.04840356384266857	0.18881200792175637	0.05978793603359312	0.18511073902425382	0.07099501014650303	-0.18086004320335128	0.08197608020264913	0.17597526175868428	0.09268050920092852	0.17040949220644683	-0.10301689469132329	0.16414704564179164	0.11294573100935511	0.15731870638091144	0.12268318454362702	0.15101442619456176	0.1352258641947799	0.1500231105642851	0.15002311053387565	-0.13522586416958102	-0.15101442623651237	-0.12268318449578185	-0.15731870638005954	-0.11294573125188252	0.16414704548833958	-0.10301689451879764	0.1704094923888754	0.09268050847673932	-0.17597526212462913	-0.0819760807448084	0.1808600428786088	-0.07099501204574221	0.18511073817793727	0.05978793578186948	0.18881200793968694	0.04840356061255639	-0.1921116662743479	-0.036843567109176786	0.1952611152954054	-0.02505323569993394	0.19861342388204875	-0.012844033358127619	-0.20188150921756323
0.20188154686177784	-0.012843152454097305	-0.19861340544725659	0.02505390545709502	-0.19526105296259383	0.036843548237208396	0.19211170361888374	0.04840347779095274	0.18881200584414853	-0.059787926962936964	0.18511075450767941	-0.07099498750725775	-0.18086004050217944	-0.08197606674896184	0.17597527376861108	-0.09268053190673914	0.17040946114904315	0.10301691772033497	0.1641470569921582	-0.11294570862707289	0.15731871066159533	-0.12268318983876113	0.15101442301294174	-0.1352258636517221	0.15002311136661964	-0.1500231113929641	-0.13522586365202174	0.15101442294273268	-0.12268318990808486	0.15731871076026552	-0.11294570843009763	-0.16414705710423486	-0.10301691774967664	-0.17040946071160543	0.0926805326546703	0.17597527368573157	-0.0819760664915642	-0.18086004137893535	-0.07099498555365572	-0.18511075470368699	0.05978792682371217	-0.18881200477484206	0.048403481013978865	0.19211170318030044	-0.03684355013775551	-0.19526105383120598	-0.025053902672085362	-0.19861340580872897	-0.012843148886457984	0.20188154643003375
0.20104743932344737	-0.038323296204251796	-0.19139355277605455	0.07356969717297043	-0.1760731923162655	0.10539293018889506	0.15601547725625575	0.13347866471808004	0.13146666626388961	-0.15720234715186038	0.10288938603133074	-0.17586957982307655	-0.0710000266870373	-0.18882824223765993	0.036737723395657805	-0.1955871676829376	0.0011956864158640895	0.19582310609492912	-0.03439773518167015	-0.18954116003796043	-0.0688713919438412	-0.177328623441621	-0.10199246652952747	-0.16248179641371127	-0.1397792923669617	-0.13977929233354988	0.16248179639079213	0.10199246660098248	0.17732862341800593	0.06887139188466704	0.18954116016564684	-0.034397734897313445	0.19582310593263608	0.001195685749729851	-0.19558716777143517	-0.036737722903510565	0.18882824243185511	0.07100002826678238	0.17586957890362775	0.10288938726791994	-0.15720234665648625	0.13146666433710893	-0.1334786671537862	-0.15601547537970745	0.10539293212125858	0.17607319327806017	0.07356969462754706	0.19139355393976354	0.038323292502401164	-0.2010474390366993
0.19938132044259485	-0.0631729920307012	-0.17721634219653673	0.11738938962448735	-0.1395865919292171	0.15921005137587219	0.09061186595987727	0.18615890553764913	0.03420628515074497	-0.19629238855713085	-0.02501541648256416	-0.18874263481848957	0.08195984670540447	-0.16408555411111	-0.1315376643548567	-0.12441843821479895	-0.16916205773268447	0.07332586214586011	-0.1912945648479642	-0.015524304127723498	-0.19598473312394712	0.0437555846991422	-0.1840754746676638	0.10253217258732825	-0.15953134010225162	0.15953134010491388	0.10253217257421968	-0.18407547463598706	0.043755584784992196	-0.19598473319821333	-0.01552430440628941	0.1912945647117147	-0.07332586197477914	0.16916205793860958	0.12441843751132806	-0.13153766491007526	-0.1640855546741534	0.0819598453645023	-0.18874263548342485	0.0250154147617864	0.19629238791472176	-0.034206282935853455	0.1861589064810185	0.09061186291130648	-0.15921005305406613	-0.13958659293493306	-0.11738938747580117	-0.17721634416040458	-0.06317298826843759	0.19938132030864542
0.19689284201618876	-0.08699254624208722	-0.15659674105637122	0.1537342998101283	-0.08937876923790447	0.19079203799350247	0.008173943240881994	0.19368375353828216	-0.07345924154653995	-0.1625702526331838	-0.14183193890235718	-0.1028928327174615	0.18516633765273335	-0.024982945361483305	-0.1957746143988806	0.057503943615929594	-0.17159188946701773	-0.12983803149974935	-0.11686062141947764	0.17908390118207596	-0.04136922490830454	0.19688373620471095	0.04218955516696325	0.18322391600714794	0.12887952243419248	0.12887952240492195	-0.18322391597950505	-0.04218955523929726	-0.1968837362138908	0.04136922501465393	-0.1790839011423265	-0.11686062160906734	-0.12983803147424397	-0.17159188893691715	0.057503944546830166	0.1957746145959419	0.024982945968449112	-0.1851663373732431	0.10289283468663102	-0.1418319375254747	-0.16257025213803483	-0.07345924334390691	-0.1936837525971348	-0.008173939501197483	0.19079203917454657	0.08937877023466666	0.15373429818403916	0.15659674377986035	0.08699254249721726	-0.19689284205753205
0.19358793828025414	-0.109382689700645	-0.13028661313270465	0.1802732276717487	-0.030395491886844567	0.1957111949393192	-0.07578345122682247	0.15422030975185502	-0.15879688291764157	-0.06854940667310469	-0.1956301468247606	0.03674889355130032	0.17589299439846517	0.13149733688054493	-0.1051118153989452	0.1881968618358746	-0.003676234142271746	-0.19019942723773434	0.09886878432975096	0.13684589270316708	0.17262239540892246	0.04382613528940186	0.19766779541033883	-0.06571032373180995	0.16821995857181918	-0.168219958609214	-0.0657103237581709	0.1976677953792113	0.04382613520346706	0.17262239538965085	0.1368458930096871	-0.09886878407500801	0.1901994270610688	0.003676233343340577	-0.18819686210127531	-0.10511181501318351	0.1314973366418557	0.17589299548353998	0.03674889119400582	0.19563014645190774	0.06854940647016505	0.1587968837901716	0.154220307053459	-0.07578345493560058	-0.19571119534361836	-0.030395492756230148	-0.18027322670456786	-0.13028661659892543	-0.10938268602059104	0.19358793853851933
0.18948662960619908	-0.12998956168884107	-0.0992372726615674	0.19532978872784498	0.03158601168915168	0.17329222200682368	-0.14552244350113716	0.07733169717902057	-0.195927000023408	0.05092258550905231	-0.16255085602812466	0.15720790444505137	0.05977457232405165	0.19638113386807274	0.06874948119413378	0.151431335472454	0.1679537153355604	-0.04143544288607089	0.1951088393743441	-0.08638669598360513	0.13853725056907057	-0.17749125186322337	0.022095039288435897	-0.19665566222693237	-0.11740531879986392	-0.1174053187647974	0.19665566223248568	-0.02209503918526995	0.1774912518858536	-0.13853725064033878	0.08638669571637855	0.19510883941486282	-0.04143544279062645	0.16795371558262778	0.1514313347318257	-0.0687494819444484	-0.1963811342498576	-0.05977457425816722	-0.15720790287772982	-0.1625508568022831	0.05092258542984394	-0.19592699970706398	-0.07733169337884606	0.14552244634516617	0.1732922214819229	-0.03158601109234875	0.19532978861072123	0.09923727680274236	0.12998955814889915	-0.18948663005350738
0.1845983670771207	-0.14846077378641334	-0.06458530927212364	0.19792699969759608	0.09044533699480506	0.12666895327741612	-0.18790228814702997	-0.018299509688329142	-0.17354125213344132	0.15146447416954098	-0.057294760706590314	0.19541085419112472	-0.0926113440530736	0.1243956734514252	0.1881451348377506	-0.020060102929241947	0.17277971738768555	0.15281417701938774	0.055351868356423244	-0.19526061219125188	-0.09461376715313739	-0.12270029597863825	-0.19033035672103454	0.026252904671305564	-0.17599188048282596	0.17599188048913958	0.026252904666854274	-0.19033035675509286	-0.12270029589830857	-0.09461376712016639	-0.19526061225319988	-0.05535186867297325	-0.15281417691306257	-0.17277971688261654	0.020060104051052963	0.1881451353527728	0.12439567412502281	-0.09261134245661	0.19541085432995525	0.057294762438976056	-0.1514644737736487	0.1735412506343217	-0.018299513788824093	-0.1879022895854411	-0.1266689518559286	0.09044533670041327	-0.19792700042381403	-0.06458531396244285	-0.14846077045951536	0.18459836776773378
0.1789530837193064	-0.16451340644324755	-0.0275774286423691	0.18791711252011054	0.1404406779382384	0.062334932726045955	-0.19499545615007424	-0.10952423985355392	-0.09844492614021871	0.19586067921776726	0.07345510539533197	0.1314116928115076	-0.18880940898538198	-0.034319086944128545	0.15872938059708144	-0.1737930155517947	0.006032549758135603	0.17914327429867388	-0.15146866706187825	-0.045977682573220435	-0.1919215683533613	0.12299513777391949	-0.08411853673749345	0.2022986621913072	0.10544509668392914	0.10544509666291682	-0.2022986621910515	0.08411853668751447	-0.12299513783393849	0.1919215683856424	0.04597768284026544	-0.1514686668907793	0.17914327415886366	0.006032549032146264	-0.17379301594649482	-0.15872938032237188	0.03431908651872129	0.18880940887117506	-0.13141169486846163	0.07345510333203555	0.19586067851565064	-0.09844492364996886	0.1095242433724887	0.19499545590562561	0.06233493074211193	-0.14044067788244105	0.18791711407440115	0.027577433623262898	0.1645134034914082	-0.17895308461021434
0.17256217725413672	-0.17785883052898305	0.01041723687313831	0.16592950412858792	0.17661348483110917	-0.010684982038624623	-0.1654418124469904	-0.1741293697052778	0.006505825237058907	0.1675922105410456	0.171523878214418	-0.0012898855476064488	-0.17027557695515513	-0.1690107596728321	0.003787184367370328	-0.17279429218826017	-0.1665942020089344	0.008508426950210314	-0.17493272087138237	0.16389985638338073	-0.013345417358759477	0.17720219034793802	0.162810037495331	0.014216008110735125	0.18272419170222523	-0.18272419170817158	0.014216008105562844	0.16281003752962633	0.1772021903177181	-0.013345417425881962	0.16389985628046558	0.1749327210232288	-0.008508426903825457	0.16659420224004876	0.17279429150211204	0.0037871835299072955	-0.16901075977151492	-0.17027557841314556	-0.001289882632889704	-0.17152387679830117	-0.1675922098459847	-0.006505827931190274	-0.17412937166814688	-0.1654418104243266	0.010684984360093196	0.17661348508685323	-0.16592950650037772	0.010417231784808441	-0.1778588280212946	0.17256217831095091
0.16546819938656077	-0.18831384538819898	0.04805517443143289	0.13336315543787355	0.1954599827709051	-0.08225150684009791	-0.10479619903303986	-0.19653508984290116	0.10954886868467634	0.07713230917772361	0.19346863231105638	-0.1334075226591765	-0.04829397282047783	-0.1860148609852467	-0.15428538755743088	-0.017977491647633858	-0.17394391277029655	-0.17167292446774504	0.01322055022194736	0.15725162743422577	0.18467104439312076	-0.044155894657996735	0.1374246214365385	-0.20002234494867996	-0.09309869938163688	-0.09309869937230517	0.20002234497999355	-0.13742462140940864	0.04415589469978096	-0.18467104432503986	-0.15725162759218525	0.013220549981455882	-0.17167292448686658	-0.17394391237444987	-0.01797749056725185	0.1542853881284217	0.18601486135562514	0.04829397482857275	0.13340752063310682	0.19346863246546317	0.07713230899059575	0.10954887050568826	0.19653508944779913	0.1047961953309158	-0.08225150937497883	-0.19545998349600033	0.13336315862568388	-0.04805516933510704	0.18831384332025825	-0.16546820059324494
0.1576850148850858	-0.19566948312364252	0.08392102182218741	0.09230755018759228	0.19507278166213612	-0.1422659652734048	-0.02451237476723345	-0.17125257434264093	0.17925538256435297	-0.041877793421717054	0.12946131818371087	-0.19562105429380103	0.10287646631647869	-0.07343115593634839	-0.1901820658649643	0.15268454624265818	-0.008605340276915277	-0.16288567380665753	0.18506189115659863	-0.05716141084549998	0.1170343259473893	-0.19646485544201758	-0.11799808655804976	-0.053988425092317036	-0.18824907221043521	0.18824907223684226	-0.05398842507420125	-0.11799808659601786	-0.1964648554227247	0.11703432600262252	-0.057161410637063564	-0.18506189111351434	0.16288567375829915	0.008605339623538405	-0.15268454676366697	-0.19018206570840868	-0.07343115633901011	0.10287646496131196	-0.19562105427915627	-0.12946131990325083	0.04187779303334684	-0.17925538291297236	-0.1712525715760715	-0.024512370039142445	0.14226596764345675	0.19507278279510792	-0.09230755401111894	0.08392101692901066	-0.19566948156251257	0.15768501624857456
0.14926511906004714	-0.19985461428530835	0.11677738002084992	0.04534503792748822	0.17554121457477412	-0.18247835827051798	0.060456676764421804	-0.1044022433095988	0.19459471595185746	-0.14547629893190575	0.007881800216640355	-0.15557802236179552	0.19174100115488094	0.09049045517584836	-0.0756131598452146	0.1876737228853898	0.16555995969373238	0.02510600414667894	0.13329019494535213	-0.19640043833397364	-0.1190886423952761	-0.04352063701493633	-0.17655234566262631	0.19006308506362884	0.08048187591807783	0.08048187592283651	-0.19006308512683773	0.176552345669278	0.043520637006933705	0.11908864223830365	0.19640043828134782	0.1332901950748196	0.02510600433273437	0.1655599601150226	0.18767372250084555	0.07561315925526797	-0.09049045476459548	-0.19174100107574338	0.15557802420638553	0.007881802478639007	-0.14547629840971135	0.19459471493635777	0.10440223904088991	-0.060456681367392795	-0.18247835987532293	-0.17554121579315593	0.04534504198273345	-0.11677737565044136	0.19985461337206084	-0.1492651206475916
0.14022235202350736	-0.200743046262696	0.1453371171864138	-0.004449233163202848	0.1387844462838435	-0.19715673602468053	0.13397967065221636	-0.012287407104486506	0.1507996231331548	-0.19495293244171308	-0.11699348032994057	-0.03428169852015176	0.16408848840360543	0.19114994147677664	0.09859736343639708	0.055600757094847436	0.17501126045851964	0.1850109319407648	-0.07936446178876096	-0.0758504739593723	-0.1835167822599107	0.17658787996631273	0.060656751793615384	0.09131033171640751	0.1923257943457469	-0.19232579438566266	0.09131033170429245	0.060656751828858275	0.17658787993018346	-0.18351678222750695	-0.0758504741268557	0.07936446167348558	-0.18501093209667835	-0.17501126025230382	-0.05560075617365408	0.09859736392224064	0.1911499412562295	0.1640884896084143	-0.03428170121433384	0.11699347865357168	0.1949529321212955	-0.15079962113476267	-0.012287402442261184	0.13397967411061465	0.19715673647261878	0.13878444736474232	0.004449229201797648	0.14533711358421234	-0.20074304609033544	0.14022235386916015
0.1306261845435308	-0.19840255663040685	0.16869645904047464	-0.05404025188691566	0.08835926172803113	-0.18434673584691671	0.1824653360130647	0.0829551586274373	0.061148983721936875	-0.17221253793782587	-0.19014492526980767	0.105196928628389	0.036676507187286295	0.15877058534725477	0.1951787521384975	-0.1263332435505333	0.010586993993545528	0.1417974286803614	-0.1966279439684053	0.1454973332727975	0.015822741519085307	0.12291661025708787	0.19764956544528275	-0.1730315566873292	-0.06773082279974249	-0.06773082280818228	0.1730315567627094	-0.19764956547411766	-0.12291661025191034	-0.015822741362464282	-0.14549733306037693	-0.19662794397065106	0.14179742859281394	0.010586993257553051	-0.12633324427076809	-0.19517875219643946	-0.15877058559836557	-0.03667650910952276	-0.10519692637085566	-0.1901449248346607	-0.1722125378303753	0.06114898118494593	-0.08295516269643517	-0.1824653377128098	-0.18434673509041785	-0.08835926265898568	-0.054040248182113476	-0.16869645634788777	0.19840255722005742	-0.13062618661244335
0.12049956779885763	-0.19281001443172785	0.18588016561680923	-0.10010719299355136	0.029323582660414238	-0.14577886369652562	0.19654308259717346	0.15784060017161264	-0.04682713380367221	-0.08572212512520437	-0.17877704800234934	0.18941048606896535	-0.11274420250645259	0.015830826887725746	0.13707800319894814	-0.19524450010945782	-0.16365256521099478	-0.056867241607609434	-0.07601099956775247	0.17383843197966456	0.1915814276294746	-0.12146363051656445	0.0030254273222111256	-0.12440438791607146	-0.19460166088178923	0.1946016609237712	-0.1244043879260007	0.003025427302364175	-0.12146363046256775	0.19158142747996035	0.1738384319671775	0.07601099962035512	0.05686724193845591	0.16365256587012056	0.19524450012515918	0.13707800295075598	0.015830827677921315	-0.11274420074920549	0.18941048518494596	0.17877704876472775	0.08572212494768448	0.04682713647083582	0.15784060293820515	0.19654308241653762	0.14577886206888288	0.029323583596980847	0.1001071896007522	0.18588016383899522	-0.19281001571336615	0.12049957004236762
0.10991716075586488	-0.18415257525206452	0.19644687471391045	-0.1399582941077359	-0.03272911009136951	-0.08680928787222192	0.17381213928737574	0.19470151204435923	-0.14092039179964225	0.032832076524682	-0.08796288105076853	0.17481094204966952	-0.19419078674235593	-0.13869999104662015	-0.029818717767944647	-0.09049463193539571	-0.17600302019878794	-0.19390119333111597	0.13729942046702756	-0.02780061817743421	0.09280124080280042	-0.1787780427400635	-0.19892413545279153	0.14990666060811184	0.05500658532399475	0.05500658528864564	-0.14990666062848051	0.19892413542321652	0.17877804262746047	-0.09280124075129434	0.027800618104518605	0.13729942061931807	-0.1939011938123869	-0.17600302040220606	-0.09049463156283975	0.029818717684623068	0.1386999897460161	0.19419078567281994	-0.17481094246616447	-0.08796288208599984	0.032832077412361875	-0.14092039448242147	-0.19470151339221503	-0.17381213776506363	-0.08680928615301041	0.03272910875533823	-0.13995829089354495	-0.19644687365592617	0.18415257703055576	-0.1099171631014416
0.09890921875004358	-0.1725012274985931	0.19983049392245034	-0.1707462827877134	-0.09133292628377278	-0.015967734609298227	0.118600196095968	0.1843293436939748	-0.1920227825649671	0.13889243297109033	0.0416496252945534	0.06880469698745795	-0.15733225924838581	-0.1958304836867949	-0.17216229839730002	0.09392819479537734	-0.014025517176891508	-0.11749059443630153	0.18366623860097012	-0.1915087000920725	-0.13855331829302547	0.04211742990015205	-0.0659962154155758	0.15147597442040647	0.1945630415488762	-0.19456304158654011	0.1514759744278304	-0.06599621536041309	0.04211742992218119	-0.13855331820984462	-0.1915087001015931	-0.183666238862937	0.11749059464768909	0.014025516848242742	-0.09392819505907281	-0.17216229780992576	-0.1958304825153867	-0.15733225927652897	0.06880469822057717	-0.041649624801338644	-0.13889243464223958	0.1920227847942994	0.18432934357442862	0.11860019379687567	0.015967733353842054	-0.09133292439539971	0.17074627975520545	0.19983049348958953	-0.1725012296540178	0.09890922114325024
0.08757524779663445	-0.15819920648622496	0.1962170998077777	-0.19099658437849254	-0.14133769790186387	0.05742699177370085	0.040939744218028026	0.12932106192262793	-0.18518373902105684	0.1940564873535593	0.15350285260659094	-0.07382911953081428	-0.02460845729009098	-0.11670513254356155	-0.17906917098161912	0.19595119330086727	0.16315287965037872	0.08898497861084494	0.007897592905962609	-0.10321240090514594	-0.17319567208293096	0.20083678613551062	0.18087956031444086	-0.12201375622392834	-0.04249876945546135	-0.04249876942981645	0.12201375625876479	-0.18087956033142347	-0.2008367860705294	0.17319567202523456	0.1032124010776305	0.00789759306789905	0.08898497881085624	0.16315288004270584	0.1959511930184412	0.17906917012442938	0.11670513210096688	0.024608458210303438	0.07382911837799137	0.15350285322146723	0.1940564895124956	-0.18518374035385307	-0.12932106057481388	-0.04093974180320279	0.0574269921425241	0.14133769541025748	-0.190996581558588	-0.19621709994639192	0.15819920893394285	-0.08757525017497488
0.07600817253491297	-0.1415170605493969	0.18567677404544078	-0.19918212224451654	-0.17740185662650254	0.12258172547358952	-0.04410549476979714	0.04319412403361844	-0.12213981532226251	0.17690887972589456	0.19643629162683393	-0.17676006921039486	0.12183042492552716	0.04266300553240287	-0.044930508120474486	0.12352859972602596	0.17754534670672065	0.1962695946147732	-0.17594891918199082	0.12058594161442558	0.041353275401411906	0.04530634658906353	0.12097045287221211	-0.17071403167756188	-0.1914876289285005	0.191487628963085	-0.17071403169444352	0.12097045281819498	0.045306346540463706	0.041353275334189005	0.12058594149026815	0.1759489192901099	-0.19626959497306573	-0.17754534670403077	-0.1235285990431516	-0.04493050758451375	0.04266300499345856	0.1218304237444154	-0.1767600688688192	-0.19643629322268708	-0.1769088816657973	0.12213981538521314	0.04319412181582914	-0.04410549677289262	-0.12258172480649737	-0.17740185370693137	0.19918211980747622	0.18567677477157843	-0.1415170632560547	0.07600817488162512
0.06429213219044941	-0.12285564947445515	0.16890148305797775	-0.19535584423554053	-0.19685366912830965	0.171499020231346	-0.12171706840998034	-0.054097326759322696	-0.02162920946494983	0.0942057597473709	0.1527170104082686	-0.18836009396896747	0.19582279689004514	0.1740646549370798	0.12641123971385254	-0.05998431916232279	0.015411693454022674	0.0887610079289276	-0.14944552751886267	0.18878407237328515	0.20134232261541238	-0.18593883574558115	-0.14629977144602646	0.09098416391752602	0.03042772524501001	0.030427725214785928	-0.09098416394762476	0.14629977148218754	0.18593883570102765	-0.20134232250811795	-0.18878407248360485	-0.14944552778786613	0.0887610080230185	0.015411692999254155	-0.05998431969925968	-0.12641123952879632	-0.17406465379739935	-0.19582279623483892	0.18836009474439017	0.1527170123819022	0.09420576078225718	-0.021629208215269036	0.054097329325083904	0.12171706957094679	0.1714990185378126	0.196853666046523	-0.19535584238716236	-0.16890148439641922	0.12285565242889068	-0.06429213452584207
0.05257659967679434	-0.10266130586223332	0.14656848565195402	-0.17961369449241116	-0.197285604383639	0.19642187937556688	-0.17597876686593739	-0.13733478599542692	0.08416947059436025	-0.021997877358671987	0.04253207312661499	-0.1024603820446242	0.15133719314885585	0.18394648404233355	0.19685637262383548	-0.18875217650007892	-0.1605380474608389	-0.11522265846190931	0.05762775501904878	0.006023396584447331	0.06858766238126707	-0.12257603806047063	-0.1611147462554712	0.18032717611015933	0.18443120467243776	-0.1844312047027459	0.18032717613316318	-0.16111474620802968	-0.12257603798666031	0.06858766239803193	0.006023396799760042	-0.05762775489730441	0.11522265873975596	0.16053804792021328	0.18875217639647315	0.19685637184817256	0.18394648311814685	0.15133719349467664	-0.10246038362676356	-0.04253207467020892	0.021997877594396704	-0.08416947278131913	-0.13733478827063686	-0.1759787669167691	-0.19642187685452617	-0.19728560144660776	0.17961369339240407	0.1465684875942164	-0.10266130903906154	0.05257660200559321
0.04099728969230211	-0.08150192427891556	0.11999232928840774	-0.1538731556054913	-0.18012371863793444	0.19599068664650152	-0.1994876190616457	-0.18968778690008128	0.16683674258362574	-0.1323143173271612	-0.08847884625408643	0.03842847892044631	0.014285054354089739	0.06595796305340412	0.11302348777480657	-0.15230827410326306	-0.1812415801945001	-0.1980114994628204	0.2016687178299881	-0.1921911537079323	-0.17053605678752878	0.1387236356637516	0.09997417908945629	-0.058696447302076675	-0.019045641620293492	-0.01904564161535007	0.05869644731383341	-0.09997417911101114	-0.13872363564428858	0.170536056680961	0.19219115371739562	0.20166871804097758	-0.19801149979176158	-0.18124158012038755	-0.15230827332396868	-0.11302348694441783	-0.06595796303525751	-0.014285055638514082	-0.038428477207312337	-0.08847884575349572	-0.1323143187733651	0.1668367451004353	0.18968778834000977	0.1994876179491616	0.1959906836090493	0.1801237161012091	-0.15387315530861126	-0.11999233176412918	0.0815019276146694	-0.04099729198435051
0.03002013143944694	-0.06052663792136979	0.09125098246591472	-0.12107255352875447	-0.14837347994654737	0.17142057875323674	-0.1886392340480588	-0.19878760431947626	0.20105507923513713	-0.19510244431218007	-0.1810570957069188	0.15947517997437874	-0.13128124093228044	-0.0976954490964334	-0.06015692763240811	0.02025081889102897	-0.020354243055592948	-0.05995114081686359	0.0968138328836796	-0.1291835889367627	-0.15522602804239855	0.17301964014726914	0.18084884710955051	-0.17870796592559055	-0.17232322923795346	0.17232322928630023	-0.17870796595069963	0.1808488470114353	0.17301964002452416	-0.15522602806035934	-0.129183589282857	-0.09681383325535649	0.05995114077793957	0.02035424234544437	-0.020250819843138222	-0.06015692795039032	-0.09769544813041421	-0.13128123930690197	0.1594751788332983	0.18105709636861178	0.1951024464523391	-0.20105508141952774	-0.1987876046918132	-0.1886392320533115	-0.17142057563344185	-0.14837347798869177	0.12107255392507739	0.09125098523745419	-0.06052664122259369	0.03002013359868343
0.01962675713855123	-0.039999137610414084	0.06139128592066678	-0.0835326333473268	-0.10579948304222282	0.12741457437184012	-0.14758170578545532	-0.1655680131372621	0.18075193267839915	-0.19264808070874626	-0.2009158498620002	0.20535672743907576	-0.20590381714175857	-0.20260694814645516	-0.19561570662095545	0.18516276387566802	0.17154894193996484	0.15513217714306524	-0.13632277537054993	0.11559031121728156	0.09349078787413204	-0.07072657643837058	-0.04824028650552693	0.027248069279669634	0.008654954447878983	0.008654954119849161	-0.027248069400405667	0.048240286961018355	0.07072657668373153	-0.09349078751215037	-0.11559031052161858	-0.1363227749947535	0.15513217764692983	0.17154894307124313	0.18516276465541276	0.19561570638294956	0.20260694666704523	0.20590381569555966	-0.20535672698780388	-0.2009158511521056	-0.1926480828224693	0.18075193419614177	0.16556801278716216	0.14758170363402529	0.1274145717452025	0.10579948173216976	-0.08353263405559505	-0.06139128840612126	0.03999914037403936	-0.019626758894683648
0.009948514014399758	-0.02041038502868346	0.031671510096425805	-0.04375491649541277	-0.05650988828076708	0.06970135440130115	-0.08306679277579732	-0.09634876978288094	0.1093128468209927	-0.12175645792932298	-0.13351186541219298	0.14444504392097707	-0.15445152663479372	-0.16344989035209342	-0.1713730044416481	0.17815651490244427	0.18372294748084436	0.18795827424323983	-0.19067591508116857	0.19156201587420915	0.1901036811041192	-0.18554401001681045	-0.17708205969753746	0.1650845801338786	0.15451867223640933	-0.15451867220907983	0.16508458016931538	-0.17708205987776146	-0.1855440101070079	0.19010368081777532	0.1915620154884323	0.1906759149724052	-0.1879582747234159	-0.1837229482193778	-0.17815651518112377	-0.17137300402078218	-0.16344988927495818	-0.15445152588440278	0.14444504397424424	0.13351186650342792	0.12175645927074863	-0.10931284752898686	-0.09634876925211189	-0.08306679125898796	-0.06970135279929518	-0.05650988762462637	0.04375491709929573	0.03167151171190949	-0.02041038675375558	0.00994851509383891
