0.030520716695685977
0.03011878561444753
0.02980303352610996
0.02959076442319386
0.029456852971859803
0.029378372946987703
0.029339646804999307
0.029335517404230616
0.029357605250454548
0.02937824559054132
0.029390039726714636
0.029408121332122707
0.029485132387350857
0.02950032447709774
0.029479018239502875
0.029458131506234886
0.02943836975076541
0.029417837385821176
0.029393964419276518
0.029362886931061705
0.02931894806575384
0.029256843521235937
0.029185843457313423
0.029163118268331928
0.02919295777426254
0.029192957773349272
0.0291631182687774
0.02918584345948131
0.029256843522707892
0.029318948064520026
0.029362886930043474
0.029393964419082902
0.029417837383925123
0.02943836974744299
0.0294581315036491
0.02947901823985386
0.029500324482406973
0.029485132394496988
0.029408121333747102
0.029390039722845814
0.029378245583650438
0.029357605243237432
0.02933551740055297
0.029339646808587423
0.029378372943652302
0.029456852974749044
0.029590764460562746
0.029803033567683636
0.03011878569128403
0.030520716844518795
