0.009948432118777719	0.020410370738088025	0.031671574783821176	0.04375493181938995	-0.056509825831888634	-0.06970131469886803	-0.08306683831773067	0.09634884794707252	0.10931286461803016	0.12175639636462512	-0.13351180275062804	0.14444503477212256	-0.15445155897431476	0.16344992784897086	-0.17137302404715685	-0.1781565105404556	0.18372292251286354	-0.18795825176818315	0.19067591639523693	-0.19156203668118238	0.19010369361125862	0.1855439925869939	-0.17708204708875389	0.1650846086840809	0.1545186583430333	0.15451865835424206	0.16508460870362823	0.17708204709739048	-0.18554399257921214	-0.19010369351541365	0.19156203667365004	-0.19067591646872759	0.18795825187587564	0.18372292269458684	-0.17815651041521938	-0.17137302395935475	-0.16344992745010956	-0.15445155889927	0.14444503474245554	-0.13351180309999713	0.12175639671294541	0.10931286488281064	0.09634884791058078	0.08306683807776821	-0.06970131435059476	0.05650982567144175	0.043754931762001056	-0.03167157495493292	-0.020410370843934586	-0.009948432246094183
0.01962659563305377	0.03999911181429855	0.06139141713439277	0.08353267033042658	-0.10579937136670904	-0.12741450067386043	-0.14758177905130443	0.16556813676567173	0.18075195342380604	0.1926479804712957	-0.20091576017576276	0.20535672505626384	-0.20590387292737666	0.2026070030473188	-0.1956157274972729	-0.18516274642112482	0.171548902014159	-0.1551321520320755	0.1363227880815992	-0.11559034120738962	0.09349079417665287	0.0707265534087119	-0.04824028143307558	0.027248084552181633	0.008654954864210161	-0.008654954861364939	-0.0272480845593245	-0.04824028143863456	0.07072655341086395	0.09349079412286344	-0.11559034118384398	0.13632278811912518	-0.1551321521313065	-0.1715489022227499	0.18516274633959043	0.19561572742676855	0.202607002528217	0.20590387276048128	-0.2053567249287401	0.20091576064783495	-0.19264798102213213	-0.18075195391102764	-0.16556813676409796	-0.1475817786765782	0.12741450006127844	-0.10579937106054618	-0.08353267020500324	0.06139141745914658	0.039999112018955875	0.019626595878275522
0.030019884920662022	0.06052660216894209	0.09125118505396104	0.12107261710970578	-0.14837333082394025	-0.1714204797817426	-0.1886393189717284	0.19878773744314018	0.20105508598206112	0.19510233285339015	-0.18105701893156936	0.15947519905775673	-0.13128130733307203	0.09769549788359676	-0.06015692846513649	-0.020250779701333984	-0.02035428231618577	0.059951141293078554	-0.09681379939401889	0.12918356980826273	-0.15522604959583433	-0.17301965645500894	0.1808488261464078	-0.17870796863720045	-0.17232323226156462	-0.17232323227114177	-0.17870796865723848	-0.18084882615461328	0.1730196564432458	0.15522604952580174	-0.1291835698249033	0.09681379945536828	-0.059951141314097844	-0.020354282257382967	-0.020250779796740292	-0.06015692850811126	-0.09769549758315532	-0.13128130708005115	0.15947519877062813	-0.1810570192402189	0.19510233340853073	0.20105508663708282	0.19878773759120683	0.18863931861196473	-0.17142047900343696	0.14837333038338266	0.12107261689671521	-0.09125118551200838	-0.06052660247033326	-0.030019885295675595
0.04099695490781749	0.0815018787036389	0.11999259816881462	0.15387323971296257	-0.1801235427752921	-0.19599057893333782	-0.19948770899161625	0.1896879030243052	0.16683672643864814	0.13231421997713533	-0.08847880598113135	0.0384285158328022	0.014284997919631157	-0.0659579373397451	0.11302350947487365	0.1523083198357067	-0.18124159817526558	0.19801147227411747	-0.20166868654085557	0.19219116176075737	-0.17053608371891013	-0.13872362763543394	0.09997416616955146	-0.058696457656331316	-0.01904563899239837	0.019045638986550824	0.058696457670958234	0.09997416618066479	-0.13872362763723667	-0.1705360836284094	0.1921911617326952	-0.20166868661249837	0.198011472393517	0.18124159831874154	-0.15230831965014333	-0.11302350934766697	-0.0659579372473471	-0.01428499816554304	-0.03842851544521978	0.0884788059440158	-0.13231422034585388	-0.16683672716302114	-0.18968790341569164	-0.19948770880696423	0.195990578114857	-0.18012354222786503	-0.153873239395535	0.11999259871947725	0.08150187908953332	0.04099695542817662
0.05257617831321874	0.10266125512551548	0.14656881148354636	0.1796137837765407	-0.19728540853263268	-0.19642178163982768	-0.175978861435001	0.13733486987064883	0.08416943196009055	0.021997812096640222	0.042532073399128276	-0.10246034279346683	0.15133716215885326	-0.1839464845264427	0.19685640535298002	0.18875220764134137	-0.16053803608039408	0.1152226214160652	-0.057627748780149056	-0.006023367965050372	0.0685876553461904	0.12257606038103072	-0.16111473778499913	0.18032717372549653	0.18443120679007433	0.1844312068045857	0.180327173744177	0.16111473778372618	-0.12257606036265019	-0.06858765533235679	0.006023368022880266	0.0576277487543123	-0.11522262151434214	-0.16053803632880664	0.1887522075723967	0.1968564052577859	0.18394648409388978	0.15133716224271115	-0.10246034310580625	0.042532073803428674	0.021997812146459447	0.08416943261930294	0.1373348705365047	0.17597886157164802	-0.19642178093586918	0.1972854079084793	0.17961378332499048	-0.14656881208312778	-0.10266125558512675	-0.05257617898319652
0.0642916354629432	0.12285560632316933	0.1689018557068344	0.19535591928270274	-0.1968534558456218	-0.17149894466900859	-0.12171716684581496	0.05409737644978045	-0.021629258334835064	-0.09420578660107189	0.1527169871133324	-0.18836007089221699	0.19582279361631255	-0.17406467089620253	0.12641126491617213	0.05998432216166818	0.015411721503437795	-0.08876102502793333	0.14944550707782045	-0.18878405417605224	0.20134234030087653	0.18593884009161304	-0.14629976000811457	0.09098417178356757	0.030427720446418928	-0.030427720436860005	-0.09098417180731827	-0.14629976001988734	0.18593884008622444	0.20134234021152114	-0.1887840541837049	0.14944550716837746	-0.08876102505396843	-0.015411721355646788	-0.059984322316832824	-0.1264112649540416	-0.1740646703974657	-0.19582279342518982	0.18836007091689308	-0.15271698769357991	0.09420578687628738	0.021629257892762658	-0.0540973773056659	-0.12171716737440633	0.17149894423287615	-0.19685345517992608	-0.1953559186640058	0.1689018563097712	0.122855606841818	0.06429163626373093
0.07600761762442644	0.14151704338114798	0.1856771821929173	0.19918216138778394	-0.17740162821084537	-0.12258168143444208	-0.04410559500017409	-0.043194105008610005	-0.12213986134098692	-0.17690887468958072	0.19643626753351867	-0.17676006997796687	0.12183043815488202	-0.04266302247893758	-0.04493050084872722	-0.12352861989753872	0.1775453682711697	-0.19626957925625388	0.1759488939492616	-0.1205859520532831	0.04135329499499279	-0.045306364864904976	0.12097045026536872	-0.17071402772172375	-0.19148763119681533	-0.191487631219296	-0.17071402773329386	-0.12097045025455193	0.04530636484681697	-0.04135329495520302	0.12058595198234998	-0.1759488939781139	0.1962695793837572	0.17754536837648044	-0.12352861963510899	-0.044930500688056096	0.04266302223020207	0.12183043771993807	-0.17676006959597534	0.19643626797711844	-0.17690887519141096	-0.12213986126285543	-0.04319410413217474	0.044105595897216264	-0.12258168137412029	0.17740162755352373	0.1991821605862344	-0.18567718272922232	-0.14151704393092848	-0.07600761855110923
0.08757465327281261	0.1581992330734124	0.19621753003486617	0.1909965688900522	-0.14133746010182968	-0.057426985684511	0.04093964653376302	-0.12932106741588364	-0.18518377320733795	-0.19405646573073013	0.15350284484428497	-0.0738291381409465	-0.02460844324444801	0.11670512623748458	-0.17906918105008812	-0.19595121574245405	0.16315287493641362	-0.08898494912596035	-0.007897593224628859	0.10321237516796813	-0.17319568037806715	-0.2008367990441936	0.18087954640172882	-0.12201376297435101	-0.04249876764506429	0.04249876763079172	0.12201376300791542	0.1808795464107154	-0.20083679902776796	-0.17319568032347082	0.1032123752288074	-0.00789759330229744	-0.08898494921623079	-0.163152875230535	0.19595121563912896	0.17906918090072976	0.11670512607663244	0.02460844370546226	0.07382913745466302	-0.1535028448793394	0.194056466282407	0.18518377357035126	0.12932106673753718	0.04093964541339469	0.05742698601779703	-0.14133745951527968	-0.1909965679200472	0.19621753041179069	0.1581992336115742	0.0875746543438548
0.09890860147307493	0.1725013114337983	0.19983092919318826	0.17074619881782616	-0.09133269177765825	0.015967696873602003	0.118600106299464	-0.18432936687394808	-0.19202280160223956	-0.1388924116346295	0.0416496369139605	0.06880467794205203	-0.15733225660674602	0.19583048952165052	-0.17216231535720083	-0.09392820233524127	-0.014025541402887568	0.11749060668788311	-0.1836662143007327	0.19150868957253095	-0.1385533425206761	-0.04211741820364651	-0.06599621815160946	0.1514759700137572	0.19456304375922787	0.19456304379457628	0.15147597001267607	0.06599621812878384	0.042117418213480085	0.13855334244884557	-0.19150868953082092	0.18366621438516365	-0.11749060673537873	-0.014025541177487572	-0.09392820254372282	-0.1721623153651773	-0.19583048903807093	-0.15733225680516752	0.06880467861890237	0.041649636468767605	-0.13889241203153446	-0.1920228023740253	-0.18432936663778507	-0.11860010519098241	0.015967696177940527	0.0913326913131729	0.1707461976907933	-0.19983092933452112	-0.17250131192229848	-0.09890860268333679
0.1099165337536906	0.18415272386928697	0.19644729632358565	0.13995813708761184	-0.032728898681003434	0.08680920337411618	0.1738120638257445	-0.1947015458754485	-0.14092039506664594	-0.03283206437571857	-0.08796286222136335	0.17481093968641814	-0.1941907985365574	0.13870000437270197	-0.029818732314376446	0.0904946408039016	-0.17600303808526555	0.19390117456396339	-0.13729939680180664	0.027800634782390643	0.09280123609954136	0.17877806113580666	-0.19892412451654465	0.14990666575850034	0.05500658436080445	-0.055006584342693884	-0.14990666579943268	-0.19892412451626384	0.17877806110896027	0.0928012361032296	0.027800634681949182	-0.13729939677944394	0.19390117469385112	0.17600303815969662	-0.09049464044350565	0.029818732500095972	0.13870000386903253	0.1941907982960838	-0.17481093996126315	0.08796286294931896	0.032832064458514346	0.140920396083458	0.19470154627343575	0.17381206300003216	-0.08680920238942598	-0.03272889836154688	-0.13995813580378985	0.1964472961954415	0.18415272428483595	0.10991653505450678
0.12049894216596775	0.19281023143256662	0.18588055442628365	0.10010696685930014	0.029323747193988708	0.14577873354731868	0.19654302801440263	-0.15784063699670658	-0.0468271207766348	0.08572213079588728	-0.17877704204497635	0.18941050822078614	-0.11274422374698573	-0.015830810009972832	0.13707799182184913	0.1952445100911709	-0.16365255587810523	0.05686720811707329	0.07601100298553137	-0.17383841350778725	0.1915814508610342	0.12146363043331206	0.0030254294040996284	-0.12440438282442853	-0.19460166099253062	-0.19460166104234092	-0.12440438280810553	-0.0030254293718493027	-0.12146363042774475	-0.19158145079639471	0.1738384135346984	-0.07601100309312372	-0.056867208188960953	-0.16365255621805838	0.19524450993207051	0.1370779915966337	0.0158308101978314	-0.11274422312511875	0.18941050784619234	-0.17877704270407418	0.08572213106147329	-0.046827121792570384	-0.15784063805850726	-0.1965430277212812	0.14577873242813064	-0.029323747343930597	0.1001069654572495	-0.18588055398265488	-0.19281023173868325	-0.120498943532624
0.13062556670160105	0.1984028409657156	0.1686967993338175	0.054039969582342626	0.0883593596733177	0.18434657100322083	0.18246530867741878	-0.08295518902578934	0.06114901243908099	0.17221254420401083	-0.19014494396160192	0.10519696886700203	0.0366764847523876	-0.1587705675510626	0.1951787435756299	0.12633323934535268	0.010587026371505456	-0.1417974478892335	0.19662792800411133	-0.14549734165964356	0.015822761919822008	-0.12291662495728642	0.19764955498262468	-0.1730315590376563	-0.06773082219306782	0.06773082217298211	0.1730315590812514	0.19764955496874767	-0.12291662492512148	0.01582276186202006	-0.14549734156711822	0.19662792806119753	-0.1417974479448135	-0.010587026074979853	-0.12633323958784792	-0.19517874350879105	-0.15877056728189787	-0.03667648544083442	-0.10519696793546962	0.19014494421572023	-0.1722125447013016	-0.06114901169536157	0.08295519055866303	0.18246530907969008	-0.18434656998131552	0.08835935962035812	-0.054039968156718125	0.16869679850080585	0.1984028411044045	0.1306255681642643
0.14022174695509249	0.20074339351634618	0.14533739371262241	0.004448910574290611	0.1387844663550236	0.19715655728887765	0.13397967758505644	0.012287387639481331	0.15079965974435616	0.19495294207221345	-0.11699351808911855	-0.03428166161000981	0.16408847702724852	-0.19114992806165176	0.0985973583013311	-0.05560077476303471	0.1750112861231679	-0.1850109234121924	0.07936445055229108	0.07585044603639729	-0.1835167924511351	-0.17658788141013548	0.06065674459212336	0.09131032734338167	0.1923257961863994	0.19232579624329613	0.09131032731486842	-0.060656744628184975	0.17658788138858036	0.18351679242682867	-0.07585044613798934	-0.07936445047752029	0.18501092353386758	0.17501128616834	-0.05560077430645803	0.09859735848319744	0.19114992750120302	0.16408847734369975	-0.03428166266985946	-0.11699351775121083	0.1949529426140334	0.15079965952574464	0.012287385961024173	-0.13397967871467464	0.19715655656545514	-0.13878446609221248	0.004448909210641375	-0.14533739245613878	-0.20074339344288858	-0.14022174851452865
0.14926452867983458	0.19985501659172344	0.11677757911232846	-0.045345384069989704	0.1755411579708421	0.18247819616659713	0.06045672453857979	0.10440223180625527	0.1945947446738375	0.14547630355630908	0.007881767495328509	-0.15557801510325897	0.19174101003099925	-0.09049045643937534	-0.0756131556061584	-0.18767373624189382	0.1655599550812849	-0.02510597854457661	-0.13329018541220455	0.1964004276533064	-0.11908866574671938	0.043520651370023096	-0.1765523393623208	0.190063085880517	0.0804818766138944	-0.08048187659499498	-0.19006308591858917	-0.17655233933443423	0.04352065134062107	-0.11908866566562845	0.19640042762543958	-0.133290185531646	-0.025105978604798924	-0.16555995545290664	0.18767373600859283	0.07561315529543959	-0.09049045596657519	-0.19174100969050212	0.15557801571706384	-0.00788176834792299	-0.14547630395638061	-0.19459474513312736	-0.10440223036240755	0.06045672626620801	-0.1824781958571861	0.17554115752852767	0.04534538532152129	0.11677757746414687	0.19985501628960364	0.1492645302792335
0.1576844406129565	0.1956699322877023	0.08392113328216916	-0.09230790111764771	0.19507265861899392	0.14226585050139395	-0.02451228527314453	0.17125256258120292	0.17925538405582783	0.04187777858620344	0.1294613189313205	-0.19562109385626855	0.10287649953051012	0.07343113169469877	-0.19018204767982425	-0.15268453641922564	-0.008605372723157971	0.1628856920973059	-0.1850618722806054	0.05716143384107467	0.11703432412047114	0.19646486201290295	-0.1179980785857072	-0.053988421572886566	-0.18824907364097118	-0.18824907368399912	-0.05398842154553166	0.11799807861902031	-0.19646486198486698	-0.11703432414197233	-0.057161433699177054	0.185061872288931	-0.16288569216432736	-0.008605372358574415	-0.15268453666809725	-0.19018204750103013	-0.07343113175946667	0.10287649865700621	-0.19562109360913577	0.12946131992095086	0.04187777869223187	0.17925538514577127	0.17125256178381051	0.024512283232621862	0.1422658506881544	-0.1950726580271913	-0.09230790217669255	-0.08392113127507726	-0.1956699317340497	-0.15768444222026
0.16546764500981803	0.18831433556410768	0.04805519571689971	-0.13336348642034385	0.19545980494943693	0.08225145817113771	-0.10479607811579965	0.19653507360925096	0.10954883299506148	-0.07713235125002012	0.1934686808385335	-0.13340760031575036	-0.04829392427305179	0.18601482035328956	-0.154285361194757	0.01797752002230997	-0.1739439451208226	0.1716729162708737	-0.013220546909507127	-0.1572516024784576	0.18467106508125827	0.044155884971175265	0.1374246187565858	-0.2000223442996652	-0.09309870059882781	0.0930987005837807	0.20002234432470276	0.137424618718261	0.044155884990699695	0.18467106501592387	-0.157251602548834	-0.013220546791801402	0.17167291638569504	0.17394394512313663	-0.01797751949807268	0.15428536133185172	0.18601481997462918	0.04829392516319103	0.13340759923507295	-0.19346868144926155	0.07713235148197571	-0.10954883443329193	-0.19653507377247187	-0.10479607617578102	-0.08225145887970808	0.19545980425955667	0.13336348718006383	0.04805519339946372	0.18831433472809792	0.16546764660772992
0.17256165000635565	0.1778593623482735	0.010417180130111886	-0.1659297795948298	0.17661325604131184	0.010684994427592623	-0.16544169043991105	0.174129357819489	0.006505762684216558	-0.16759226826974205	0.17152396010804286	-0.0012899666708551716	-0.17027553553797753	0.16901072569415995	0.003787202979424073	0.1727943138878403	-0.16659420448768766	-0.008508454746278777	0.17493270287579024	-0.16389986588916747	-0.013345405644644412	-0.17720219941344376	0.16281002932831973	0.014216005069383527	0.1827241929393377	0.18272419294526315	0.01421600506213795	-0.16281002935843447	0.17720219938839998	0.013345405688398234	0.1638998657603295	-0.17493270297958172	0.008508454719704746	-0.16659420490452448	0.17279431357067615	0.003787202597862756	-0.16901072512050505	-0.1702755358692163	-0.001289965257864658	0.1715239599749059	-0.16759226873750285	0.0065057640556873434	0.17412935902583873	0.1654416890561378	0.010684995578382605	-0.1766132553294233	-0.1659297799582412	-0.010417177592539172	-0.17785936120567145	-0.17256165156403339
0.17895259448333034	0.1645139871565603	-0.02757753918258028	-0.1879172891046591	0.1404403932074396	-0.06233488445808743	-0.19499537630186506	0.10952425011574131	-0.0984449877218763	-0.1958607281904412	0.07345518346730803	0.13141164979139977	-0.18880939854197065	0.034319081794548435	0.15872937530356096	0.17379301076538214	0.006032582508624231	-0.1791432911326001	0.1514686530624227	0.04597765215620051	-0.19192158057559025	-0.12299513302625296	-0.08411853741723366	0.2022986602636256	0.10544509845600637	-0.10544509843874533	-0.20229866028687082	-0.08411853736269084	-0.1229951330325687	-0.19192158054121258	0.04597765233669131	0.15146865302821388	-0.17914329122256747	-0.006032582041619374	-0.17379301098238045	-0.15872937496426295	0.034319081398126824	0.1888093980216463	-0.13141165080350545	-0.07345518255401313	0.19586072874448213	0.09844498685287063	-0.10952425222055513	-0.1949953758392775	0.06233488297083079	0.1404403925132488	0.18791728895394436	-0.027577541891506522	0.1645139856615873	0.17895259604431055
0.18459792689792878	0.14846141268016824	-0.06458544501421573	-0.19792703757047164	0.09044499548915488	-0.12666890038704215	-0.18790228588653551	0.01829955138885421	-0.17354128763833063	-0.15146449652533628	-0.057294719344099514	0.19541086716960177	-0.0926113682531782	-0.12439564990754848	0.18814510916151939	0.020060078599989	0.17277975568398438	-0.15281416087659674	-0.05535185816807656	0.19526060495012681	-0.09461378412446012	0.12270030465936245	-0.1903303490963179	0.026252906121105736	-0.1759918819235453	-0.1759918819290714	0.026252906118558992	0.19033034913540994	-0.12270030461331248	0.09461378406113087	-0.19526060491386024	0.055351858335501374	0.15281416099743736	0.17277975565388412	0.020060079234249087	0.1881451091559403	0.12439564982680601	-0.09261136709880714	0.19541086715766484	-0.05729472068755032	-0.15146449695572026	-0.17354128759830859	0.018299553948412144	0.18790228656090724	-0.12666889878323956	-0.09044499488370526	-0.19792703686567298	0.06458544777430267	-0.14846141082734585	-0.1845979284282886
0.18948624806102662	0.1299902631288368	-0.09923740929876204	-0.19532966332583687	0.031585627996746864	-0.17329218802262913	-0.14552252766411924	-0.07733163196411036	-0.19592700295413043	-0.05092258037345148	-0.16255086068708377	0.15720795856651276	0.0597745351366775	-0.19638110208863763	0.06874945971777337	-0.1514313566864042	0.16795371669118905	0.0414354743295719	-0.19510882154494094	0.08638672216823616	0.13853725071767198	0.17749125037837057	0.022095043538249214	-0.1966556601090442	-0.11740532098433178	0.11740532096328225	0.1966556601310417	0.022095043483013943	0.17749125040201236	0.13853725070071313	0.08638672196104555	-0.19510882159617393	0.041435474317319226	-0.1679537171226548	0.15143135625124263	-0.06874946007670842	-0.19638110163195494	-0.059774536224960095	-0.157207957478079	0.16255086176353634	0.050922580515583044	0.19592700375559766	0.07733162960189738	-0.14552252939901272	0.17329218663426213	0.03158562753005438	0.1953296621327062	-0.09923741195530576	0.1299902609717882	0.18948624946787965
0.19358762063330517	0.10938344738547073	-0.1302867380607183	-0.1802729413509785	-0.030395881556838634	-0.19571118270021967	-0.07578359596567046	-0.15422024917539165	-0.15879686975650142	0.06854942289730506	-0.19563018110559388	0.03674895217952131	0.17589297432729153	-0.13149732020706464	-0.10511181037550997	-0.1881968628354396	-0.003676278256206927	0.19019943732794872	-0.09886878769076063	-0.1368458689061166	0.17262240797141734	-0.043826144223869885	0.19766779123991948	-0.0657103248795763	0.1682199590986902	0.1682199591444033	-0.06571032491346189	-0.1976677912438152	0.043826144159054066	-0.17262240786313968	0.13684586906915283	0.09886878758761464	-0.1901994374530454	-0.0036762776934521476	-0.18819686298879962	-0.10511180988689323	0.1314973195896211	0.17589297468175516	0.03674895043942098	-0.1956301814226958	0.06854942312497346	-0.158796871306407	-0.15422024761521982	0.07578359855764674	-0.19571118172792268	0.03039588182041723	-0.18027293964477617	0.13028674050763706	-0.10938344490570438	-0.19358762193342857
0.1968925908343548	0.08699334926046914	-0.15659684822042721	-0.15373387400545646	-0.08937912116443876	-0.19079203649267396	0.008173780427769627	-0.19368373104660744	-0.07345923310001722	0.16257026009674688	-0.141831979294406	-0.10289280354789854	0.1851663463124615	0.024982936350589374	-0.19577459086201987	-0.057503922160711006	-0.17159193279051327	0.12983801106851658	0.11686060116265747	-0.17908391080405375	-0.04136921787062943	-0.19688373848555146	0.04218954934607647	0.1832239138951221	0.1288795245717311	-0.12887952455414964	-0.18322391390990037	0.042189549423870404	-0.19688373845268875	-0.04136921794832619	-0.17908391069849056	0.11686060132280365	0.12983801122923425	0.17159193264884498	0.0575039228368852	0.19577459062374136	0.024982936706850995	-0.18516634560412373	0.10289280506794157	0.14183197861261954	-0.16257026063065072	0.0734592349645904	0.19368373081026397	0.008173777423321153	0.1907920361692829	-0.08937912118177956	0.15373387189320845	-0.1565968502853109	0.08699334650043677	0.19689259195627998
0.19938113757556236	0.06317382990799718	-0.1772164265514513	-0.11738885099683666	-0.1395868703588341	-0.15921005494149737	0.09061171911261469	-0.18615893355134472	0.03420628676530064	0.19629238555348308	-0.025015454383241466	-0.1887426414121838	0.08195986413085123	0.16408553294984607	-0.13153765558672273	0.12441846283525106	-0.1691620459479047	-0.07332588815242055	0.19129455921167735	0.015524275493516296	-0.19598473785313048	-0.04375557787208154	-0.18407547392615609	0.10253217275843599	-0.15953134036535838	-0.15953134037400946	0.10253217276352868	0.1840754739215815	0.04375557792906059	0.19598473780778003	-0.015524275704468408	-0.19129455919009858	0.0733258881183564	-0.16916204635052318	0.12441846227294424	-0.13153765580464588	-0.1640855328513462	0.08195986272942293	-0.1887426419089207	-0.025015453014973467	0.19629238619427913	0.03420628507650617	-0.18615893479454396	-0.09061171622112477	-0.15921005531447535	0.13958687012249443	-0.11738884853283661	0.17721642812891703	-0.06317382686913246	-0.19938113854040238
0.2010473276769644	0.03832416144863749	-0.19139360690053941	-0.07356907451372437	-0.17607337165005146	-0.10539294097807866	0.15601537400061702	-0.13347873046961634	0.13146666880910746	0.15720234733221478	0.10288935071065132	-0.17586960308926988	-0.07100002244866947	0.18882823506703883	0.03673770826928593	0.19558717054058727	0.0011957415455448447	-0.19582310787734647	0.03439775160171648	0.1895411514980193	-0.06887140100506765	0.17732862778805927	-0.10199246079914268	-0.16248179492266618	-0.13977929420382024	0.13977929418540097	0.1624817949326807	-0.10199246086900428	0.1773286277467366	-0.06887140091062344	0.18954115152251386	0.03439775140809798	-0.19582310800406613	-0.0011957409705972304	-0.19558717062250044	-0.03673770777092686	0.1888282345834915	0.07100002372194228	0.17586960220838957	-0.10288935216323074	-0.1572023478679424	-0.13146666778731383	0.13347873299435492	0.1560153718008934	0.10539294203092375	-0.17607337115724117	0.07356907179730575	-0.19139360789321233	0.03832415815952589	0.20104732848080695
0.20188150927341392	0.01284403339023388	-0.19861342385204447	-0.02505323567696455	-0.19526111526904458	-0.03684356707344463	0.19211166626539555	-0.04840356061058741	0.18881200796813577	0.05978793580964901	0.18511073819394183	-0.07099501205746525	-0.18086004285677507	0.0819760807272688	0.17597526209420178	0.09268050847677115	0.17040949240140965	-0.10301689453535785	-0.1641470454955548	0.11294573123646819	0.15731870637281906	0.12268318450221762	0.15101442624192118	-0.13522586416159155	0.15002311053645487	0.1500231105663013	-0.1352258641860791	-0.1510144262024599	-0.12268318454731543	-0.15731870636968004	-0.11294573100269532	0.16414704565236204	0.10301689470646967	0.17040949223448962	0.09268050919053909	0.17597526172300595	-0.08197608018598243	-0.1808600431644125	-0.07099501014676421	0.18511073904070222	0.059787936050725195	0.1888120079513572	-0.0484035638672553	-0.19211166527295334	-0.03684356868638302	0.19526111455475734	-0.025053232841277227	0.19861342418516026	-0.01284402989365293	-0.2018815099024326
0.20188154647618264	-0.012843148859448655	-0.19861340576375602	0.025053902692912806	-0.19526105381265585	0.03684355016299347	0.19211170318686271	0.04840348101784973	0.1888120048144431	-0.05978792680534137	0.18511075472832755	0.07099498553773721	-0.18086004134695643	-0.08197606648236605	0.17597527364683455	-0.09268053265746473	0.17040946072530866	0.10301691776779845	-0.16414705710999766	-0.11294570841903073	0.15731871075499046	-0.12268318991507211	0.1510144229486838	0.1352258636438312	0.15002311139394647	-0.15002311136855795	-0.1352258636453808	0.1510144230215742	-0.12268318984532105	0.15731871064673017	-0.11294570860823512	-0.1641470570069317	0.10301691773752486	-0.17040946118009637	0.0926805319204882	-0.17597527373210542	-0.08197606674157117	0.1808600404494501	-0.07099498750467191	-0.18511075450257097	0.05978792695380179	-0.18881200588589622	-0.0484034777621116	0.1921117036666395	-0.036843548224681666	-0.19526105294506962	-0.025053905481950495	-0.19861340536753364	-0.012843152529556362	0.20188154692617385
0.20104743905727887	-0.038323292495238075	-0.19139355387708037	0.07356969466319202	-0.1760731932769873	0.10539293214510602	0.1560154754135368	0.13347866715117057	0.13146666438230234	-0.15720234663629115	0.10288938728451309	0.17586957887752522	-0.07100002822535378	-0.1888282424038983	0.03673772287031095	-0.1955871677881571	0.00119568574844081	0.1958231059753387	0.03439773488627849	-0.18954116013850478	-0.06887139188314027	-0.17732862342641087	-0.10199246661093643	0.1624817963907685	-0.13977929232817543	-0.13977929236350983	0.1624817964142791	0.10199246653751837	0.1773286234492269	0.06887139195273645	0.1895411600026139	-0.03439773516052008	-0.1958231061286388	0.00119568643678623	-0.1955871677128347	0.03673772337168406	0.1888282422285218	-0.07100002661759067	0.17586957980039014	0.1028893859848814	-0.1572023471134242	0.13146666632049156	0.13347866466931677	-0.1560154773647902	0.10539293019534858	0.176073192354591	0.07356969724963007	0.19139355269120428	0.038323296323964515	-0.20104743930203556
0.1993813202884204	-0.06317298829098053	-0.17721634408372797	0.11738938754295998	-0.1395865929626979	0.15921005308583264	0.09061186297866676	0.1861589064649899	0.034206282979276595	-0.19629238788005565	-0.02501541476403364	0.1887426354487954	0.08195984541203488	-0.16408555465119065	-0.13153766493347308	-0.12441843754107516	-0.16916205795664835	0.07332586201294292	0.1912945646949973	-0.015524304397829838	-0.19598473318718707	0.04375558479238565	-0.1840754746499415	-0.10253217255894718	-0.1595313400976908	0.15953134010352277	0.10253217257892956	-0.18407547467952634	0.04375558470403353	-0.1959847331146346	-0.015524304119732598	0.19129456484155438	0.07332586216252493	0.1691620577390315	0.12441843824082406	0.13153766435244899	-0.1640855541100119	-0.08195984676094173	-0.18874263477955716	0.025015416557459123	0.19629238849270716	-0.03420628521433873	-0.18615890547523714	0.09061186612423762	-0.1592100514075616	-0.13958659202495974	-0.11738938976948939	-0.17721634209878803	-0.06317299221537308	0.19938132031905473
0.1968928419805614	-0.08699254256452606	-0.1565967436909268	0.15373429830102045	-0.08937877030244032	0.19079203921866109	0.008173939611503199	0.19368375256237205	-0.07345924330272098	-0.1625702520770209	-0.14183193755537737	0.10289283464406329	0.18516633742953187	-0.02498294597442376	-0.19577461461599183	0.057503944499964356	-0.17159188894732785	-0.1298380314589869	0.11686062158242819	0.17908390113886372	-0.04136922500741129	0.19688373623234348	0.04218955522783532	-0.18322391595682772	0.12887952242838646	0.12887952245663292	-0.18322391598600435	-0.04218955515742873	-0.1968837362182178	0.04136922490841024	-0.17908390118107054	-0.11686062140767432	0.12983803150845988	-0.17159188947216245	0.05750394358287563	-0.19577461439557536	0.024982945383347513	0.18516633770284913	0.10289283265834137	-0.1418319389875814	-0.1625702525272144	-0.0734592414723601	0.19368375345631825	-0.008173943470284304	0.19079203806399328	0.08937876940650898	0.15373430005472283	0.15659674094121254	0.08699254652417643	-0.19689284175779478
0.19358793841032387	-0.10938268613196964	-0.13028661651058526	0.18027322686430958	-0.030395492868751248	0.19571119538824724	-0.07578345479650204	0.15422030699272257	-0.1587968837647508	-0.06854940638752384	-0.19563014651121535	-0.03674889122723696	0.17589299554292487	0.13149733659740967	-0.10511181503167924	0.18819686204904337	-0.0036762333260424713	-0.19019942706254284	-0.09886878410689948	0.1368458930118524	0.17262239539094973	0.04382613522306063	0.1976677953722855	0.0657103237600755	0.1682199586115159	-0.1682199585657714	-0.06571032372622984	0.19766779540810364	0.04382613530373313	0.17262239541268456	0.13684589269140926	-0.09886878433420189	-0.1901994272504104	0.003676234156200716	-0.1881968618283798	0.10511181540845335	0.13149733686969922	-0.1758929944126479	0.0367488936128046	0.1956301468728481	0.06854940656775504	0.15879688284752305	-0.15422030967615594	-0.07578345097606942	-0.1957111950365006	-0.03039549210589488	-0.180273227989053	-0.1302866130100512	-0.10938269006583315	0.19358793791083082
0.18948662987731965	-0.12998955830297587	-0.09923727671927468	0.19532978880345225	0.03158601094454663	0.1732922215242414	-0.1455224462024032	0.07733169330828998	-0.19592699970088465	0.050922585501630514	-0.1625508568597198	-0.15720790288450875	0.059774574282405034	0.19638113420318448	0.06874948194513798	0.1514313347241445	0.16795371560605168	-0.04143544281004768	-0.19510883940735443	-0.08638669571402842	0.13853725062582067	-0.1774912519057041	0.02209503920071328	0.1966556622136176	-0.11740531878487943	-0.1174053188173418	0.19665566221452013	-0.02209503928837551	0.1774912518666534	-0.1385372505654115	0.08638669598351541	0.19510883937089657	0.04143544288897776	0.16795371532586387	0.1514313354914302	0.06874948117413242	-0.1963811338757677	0.05977457230471339	-0.15720790448296848	-0.1625508560312209	0.05092258558530057	-0.19592699998471252	0.07733169710936592	0.14552244327474664	0.17329222209125833	-0.031586011431772275	0.19532978907274023	0.09923727256149535	0.12998956211378446	-0.18948662916807013
0.18459836758090695	-0.14846077063267735	-0.06458531390998645	0.19792700060542567	0.09044533652860269	0.12666895185865937	-0.18790228948236565	-0.018299513873933578	-0.17354125067774193	0.15146447381120975	-0.05729476249913501	-0.19541085428870572	-0.09261134246373641	0.12439567407841813	0.18814513537590313	-0.020060104034464517	0.172779716911801	0.15281417690305701	-0.05535186866380773	-0.19526061223971733	-0.09461376712332065	-0.12270029590407579	-0.19033035676146562	-0.026252904660849237	-0.17599188048901312	0.17599188047230402	0.026252904658068118	-0.1903303567322597	-0.12270029598124711	-0.09461376715190017	-0.19526061218214025	-0.05535186835454153	0.15281417703768432	-0.17277971737939754	0.020060102904756294	-0.188145134809917	0.12439567348080163	0.0926113440843735	0.195410854203659	0.0572947606711024	-0.15146447420559378	0.17354125213232172	0.018299509753000393	-0.18790228797339129	-0.12666895331969644	0.09044533671017645	-0.19792700003434108	-0.06458530921853976	-0.14846077425516058	0.18459836660173767
0.17895308443214067	-0.1645134036686123	-0.02757743361146747	0.18791711421827495	0.14044067770673802	0.062334930694632196	-0.19499545587220118	-0.10952424345257454	-0.0984449237403685	0.19586067849733663	0.07345510329203239	-0.13141169478861303	-0.1888094089152492	-0.034319086539465506	0.15872938036521997	-0.17379301590938956	0.006032549044348196	0.1791432741507372	0.1514686669040487	-0.045977682834585865	-0.19192156838519847	0.12299513783404228	-0.0841185366923624	-0.20229866217637657	0.10544509668610497	0.1054450967070397	-0.20229866217541007	0.08411853674400836	-0.12299513777984616	0.19192156834448798	0.04597768257110249	-0.15146866706130271	-0.17914327431597205	0.0060325497591065145	-0.17379301554406687	0.1587293805866958	0.03431908692306718	-0.18880940900507648	-0.13141169278644238	0.07345510543372974	0.19586067920524416	-0.09844492619559807	-0.10952423991920711	0.19499545606642985	0.06233493268803486	-0.1404406776470097	0.18791711279458387	0.02757742866305893	0.16451340692618227	-0.1789530832526266
0.17256217814428093	-0.17785882819942755	0.010417231755653613	0.1659295065992013	0.1766134849232197	-0.010684984450378004	-0.16544181046255424	-0.1741293717250914	0.006505827822249227	0.1675922097820595	0.17152387679421963	0.0012898827092819934	-0.17027557846740335	-0.16901075975719113	0.0037871835608632716	-0.172794291476861	-0.16659420224969013	0.008508426901833467	0.17493272102415067	0.16389985627979917	-0.013345417428411147	0.17720219032027595	0.1628100375326711	-0.014216008107634001	0.182724191710297	-0.18272419168916562	0.014216008124940045	0.16281003750639997	0.1772021903495932	-0.013345417357782503	0.1638998563821707	0.17493272086620498	0.008508426944934963	0.16659420198956018	0.17279429221085965	-0.003787184383920903	-0.16901075968647122	0.17027557694311724	-0.0012898855981237595	-0.17152387822688753	-0.16759221049548878	-0.006505825140063021	0.17412936976796964	-0.16544181245627604	0.010684982154468498	0.17661348455069098	-0.16592950432732256	0.010417236777078185	-0.17785883102256117	0.17256217679906893
0.16546820043616084	-0.18831384350113653	0.04805516926389201	0.13336315868160592	0.1954599833528962	-0.08225150949729962	-0.10479619541923636	-0.1965350894782692	0.10954887041295644	0.07713230892052743	0.19346863248848128	0.13340752065879055	-0.048293974845042054	-0.18601486132753806	-0.15428538814443102	-0.01797749059202654	-0.1739439123841358	-0.17167292447003782	-0.013220550011917182	0.1572516276048513	0.18467104432158685	-0.0441558946880149	0.13742462139857664	0.20002234498020452	-0.09309869938560227	-0.09309869939738821	0.20002234494103555	-0.13742462143963546	0.044155894662557704	-0.18467104437676168	-0.15725162744830293	0.013220550239596696	0.1716729244857543	-0.17394391273870027	-0.0179774916951272	-0.15428538753294946	0.18601486102998924	-0.04829397277379902	0.13340752270429526	0.1934686322911393	0.07713230912748725	0.10954886858431138	-0.19653508988926163	0.10479619911597841	-0.08225150700373193	-0.1954599825188291	0.1333631555678492	-0.04805517427503345	0.1883138458985648	-0.16546819892717232
0.1576850160903857	-0.19566948175264298	0.08392101682685735	0.09230755403448368	0.1950727826827521	-0.14226596776866726	-0.024512370150646813	-0.17125257157000662	0.1792553828743599	-0.04187779308216344	0.12946131995214846	0.19562105423571713	0.10287646498539421	-0.07343115630645063	-0.19018206575932134	0.15268454672224782	-0.008605339632566341	-0.16288567374261192	-0.18506189112818722	-0.05716141063556789	0.11703432600075897	-0.19646485542643954	-0.11799808659542924	0.05398842507498282	-0.18824907223876938	0.18824907219767345	-0.05398842510584079	-0.11799808656635695	-0.19646485544496228	0.11703432593797215	-0.057161410838224395	-0.18506189116336785	-0.1628856738161396	0.008605340268764484	-0.15268454621824587	0.19018206584897548	-0.07343115597292678	-0.10287646636009798	-0.1956210543153319	-0.1294613181520384	0.04187779346601268	-0.17925538248994066	0.17125257435232488	-0.024512374909110072	0.14226596545641512	0.19507278146476792	-0.09230755024303557	0.08392102161759116	-0.1956694836413328	0.15768501442296312
0.14926512049051163	-0.19985461356736428	0.11677737552234208	0.0453450419722177	0.1755412157229761	-0.18247835998715525	0.060456681251716236	-0.10440223899826288	0.19459471495947842	-0.14547629842579116	0.007881802537437789	0.15557802412194338	0.19174100111401388	0.09049045478798812	-0.07561315929621693	0.18767372249350825	0.16555996010382534	0.025106004327346172	-0.1332901950425651	-0.1964004383106886	-0.11908864222894593	-0.04352063702407452	-0.17655234564673986	-0.19006308514086565	0.08048187592481607	0.08048187592280072	-0.19006308506787642	0.17655234565715452	0.04352063701408256	0.11908864237710058	0.1964004383626707	0.1332901949180935	-0.025106004152417892	0.165559959654573	0.18767372292240994	-0.075613159842311	-0.09049045518662645	0.19174100115437945	0.15557802235548002	0.007881800200673911	-0.14547629896607317	0.19459471592199834	-0.10440224327351505	-0.060456676585687284	-0.1824783584470224	-0.17554121444980422	0.04534503790350214	-0.11677737977653074	0.19985461480004135	-0.14926511860198902
0.1402223537280144	-0.2007430462800534	0.14533711342697242	-0.0044492292597413585	0.13878444733928205	-0.19715673657301164	0.13397967400246819	-0.012287402387146753	0.15079962119375537	-0.19495293210001086	-0.1169934786245686	0.03428170114345458	0.16408848964430162	0.1911499412450564	0.0985973639253567	0.05560075619551419	0.17501126025646252	0.18501093207791866	0.07936446170099515	-0.07585047414311653	-0.1835167822144705	0.1765878799363507	0.06065675182899646	-0.09131033170904194	0.19232579438429054	-0.19232579433449806	0.09131033173006826	0.06065675180221606	0.1765878799677563	-0.1835167822410935	-0.07585047398773376	0.0793644618152113	0.18501093195534107	-0.1750112604105273	-0.05560075715216328	-0.09859736342309078	0.1911499415242054	-0.16408848836861514	-0.03428169849118935	0.11699348032739086	0.1949529324493277	-0.1507996231510979	0.012287407039230584	0.1339796704736481	0.19715673617716648	0.13878444623020111	0.004449233262035754	0.14533711690518622	-0.20074304676970536	0.14022235157541846
0.13062618648806848	-0.19840255740229276	0.1686964561664744	-0.0540402482851804	0.08835926267652298	-0.184346735171564	0.1824653376292467	0.0829551627454141	0.061148981254742905	-0.17221253778056575	-0.19014492485209158	-0.10519692638931917	0.03667650912700495	0.15877058555614298	0.19517875223957412	-0.1263332442479678	0.010586993279973218	0.1417974285803743	0.1966279439521953	0.14549733309187615	0.015822741354747663	0.12291661027257855	0.1976495654443572	0.17303155678496088	-0.06773082280229481	-0.06773082279636478	0.17303155670083656	-0.19764956543294246	-0.12291661025887082	-0.015822741507386478	-0.14549733329592793	-0.19662794394830074	-0.14179742869116868	0.010586993995766958	-0.12633324354342143	0.19517875211447128	-0.15877058538574612	0.03667650715677854	-0.10519692866460242	-0.19014492526269416	-0.1722125379102361	0.06114898377361549	0.08295515869625215	-0.1824653358648691	-0.1843467359654174	-0.08835926174014291	-0.05404025205650973	-0.16869645872471997	0.1984025571220737	-0.13062618411472765
0.1204995699223423	-0.19281001589132474	0.1858801636491032	-0.10010718973489571	0.029323583656397107	-0.14577886211419883	0.19654308237255083	0.15784060297582897	-0.04682713640342851	-0.08572212489141415	-0.178777048806211	-0.189410485151783	-0.11274420076825699	0.015830827647499896	0.13707800299848805	-0.1952445001095828	-0.16365256585616816	-0.0568672419375849	0.07601099958810954	0.1738384320073939	0.19158142745751425	-0.12146363046255772	0.0030254272949378895	0.1244043879352247	-0.19460166092169998	0.19460166086846423	-0.1244043879341744	0.0030254273131925546	-0.12146363052099328	0.19158142760541494	0.17383843202048124	0.07601099952829697	-0.05686724160792148	0.16365256516189908	0.19524450015881453	-0.13707800318231228	0.015830826887645	0.11274420251439399	0.18941048609052802	0.178777047993621	0.08572212508266645	0.046827133737622366	-0.15784060023570823	0.1965430824949775	0.14577886376562468	0.029323582736803352	0.10010719322345245	0.185880165275765	-0.19281001489961264	0.1204995673969747
0.10991716298649673	-0.18415257720183295	0.19644687346470152	-0.13995829105179244	-0.032729108659453325	-0.0868092861574972	0.17381213776323115	0.19470151341524433	-0.14092039443379106	0.03283207745035055	-0.08796288212536012	-0.1748109424053033	-0.1941907857204189	-0.13869998973819822	-0.02981871767271176	-0.09049463156095738	-0.1760030204147281	-0.1939011937990464	-0.13729942061966363	-0.027800618113681886	0.0928012407490609	-0.1787780426451655	-0.19892413539313	-0.1499066606553516	0.05500658527774366	0.05500658531772989	-0.14990666062441604	0.1989241354347732	0.1787780427481078	-0.09280124080345027	0.027800618183689493	0.13729942046682572	0.19390119334300243	-0.1760030201587373	-0.09049463198093968	-0.029818717760913015	0.13869999107686176	-0.19419078673523718	-0.17481094204802466	-0.08796288103580162	0.03283207655736713	-0.14092039173473578	0.19470151210037834	-0.17381213923932684	-0.08680928787820234	0.032729109954378985	-0.1399582943806341	-0.1964468743634223	0.18415257569158575	-0.10991716037911883
0.0989092210403424	-0.17250122981120783	0.1998304932998783	-0.17074627993806887	-0.09133292427185348	-0.0159677333282065	0.11860019382845494	0.1843293435745636	-0.19202278478001839	0.13889243465162407	0.0416496247773331	-0.06880469816758111	-0.15733225931957132	-0.19583048248184942	-0.17216229784246154	0.09392819504224073	-0.014025516868234566	-0.11749059463559826	-0.18366623883850478	-0.19150870014457236	-0.13855331818662195	0.042117429921540134	-0.06599621534821411	-0.15147597444474228	0.19456304157915363	-0.19456304153800605	0.1514759744416289	-0.06599621540003141	0.042117429898606354	-0.13855331827014333	-0.19150870013958557	-0.1836662385618966	-0.11749059444566351	0.01402551718534373	-0.09392819479647109	0.1721622983737835	-0.1958304837260359	0.15733225923236188	0.06880469696696351	-0.04164962530730718	-0.13889243298277762	0.19202278251609559	-0.1843293437324007	0.11860019610530284	0.015967734550857832	-0.09133292610218549	0.17074628308467568	0.19983049357194546	-0.17250122790663033	0.09890921840200685
0.08757525008492222	-0.1581992090751406	0.19621709976394322	-0.19099658175736772	-0.14133769526908513	0.057426992192855526	0.040939741858758226	0.12932106055419754	-0.18518374037290247	0.1940564894945055	0.15350285322075014	0.07382911839363537	-0.024608458220377872	-0.1167051320709845	-0.1790691701724836	0.19595119299424438	0.1631528800394259	0.08898497880721666	-0.007897593053828415	-0.10321240109472013	-0.17319567201119132	0.20083678608684602	0.18087956030348395	0.12201375628404844	-0.042498769418462465	-0.042498769448070774	0.12201375624059767	-0.18087956029567645	-0.20083678614468878	0.17319567207186573	0.1032124009259042	0.007897592884431365	-0.08898497861571827	0.16315287960708777	0.19595119333798935	-0.17906917096270872	0.11670513257008279	-0.02460845727010123	0.07382911955828689	0.1535028526043587	0.1940564873468188	-0.18518373900080018	0.1293210619316943	-0.0409397442781092	0.057426991884006545	0.14133769769377574	-0.190996584687211	-0.19621709946365776	0.15819920685619965	-0.0875752474850712
0.0760081748011477	-0.141517063383208	0.18567677460455168	-0.19918212000590219	-0.17740185355812468	0.1225817248808931	-0.04410549670308583	0.04319412178678624	-0.12213981542193621	0.17690888163091464	0.1964362932460509	0.17676006883935486	0.12183042377068243	0.04266300500081161	-0.044930507607280235	0.12352859903510374	0.177545346716582	0.19626959495626994	0.1759489192800243	0.12058594151960084	0.041353275319245514	0.045306346544045924	0.12097045279979517	0.17071403171760546	-0.1914876289524734	0.19148762891835164	-0.1707140317021484	0.12097045285083684	0.04530634659504872	0.04135327538738313	0.12058594164808187	0.17594891915877656	0.19626959462895824	-0.17754534667137065	-0.1235285997601256	0.04493050812037824	0.04266300553570099	-0.12183042493647775	-0.17676006923278845	-0.19643629161147855	-0.176908879706295	0.12213981533188624	-0.04319412401301564	-0.04410549467417012	-0.12258172562016813	-0.1774018564064569	0.1991821225520599	0.18567677371912292	-0.14151706087480329	0.07600817226303516
0.06429213445539252	-0.12285565254072817	0.16890148424959084	-0.1953558425744802	-0.19685366589957634	0.17149901862870226	-0.12171706949846392	-0.05409732935342743	-0.02162920825472772	0.09420576074744783	0.15271701241568317	0.18836009468841763	0.19582279628056437	0.17406465378008296	0.1264112395497838	-0.05998431968250006	0.015411693011403195	0.08876100801212246	0.14944552776915088	0.18878407251979773	0.201342322486965	-0.18593883571553413	-0.14629977145921585	-0.090984163967575	0.030427725205656706	0.03042772523808466	-0.0909841639324182	0.14629977142997927	0.18593883575310424	-0.2013423225973939	-0.18878407241472464	-0.1494455274860489	-0.08876100793644705	0.015411693456171043	-0.05998431916086245	0.12641123969618878	-0.17406465496999407	0.19582279688204146	0.1883600939789295	0.15271701039306815	0.09420575972226583	-0.02162920949519346	-0.05409732680096394	0.12171706829471007	0.17149902040104542	0.19685366890925474	-0.1953558445248378	-0.16890148276260475	0.12285564975334516	-0.06429213195729054
0.05257660194884275	-0.10266130913248385	0.14656848746877013	-0.1796136935617561	-0.19728560131164902	0.19642187694855248	-0.17597876685186126	-0.13733478829416246	0.08416947274908934	-0.02199787761408052	0.04253207469328611	0.10246038358024846	0.1513371935331475	0.18394648308894532	0.19685637189355962	-0.18875217637151434	-0.1605380479190761	-0.11522265873098125	-0.05762775490199685	0.00602339679591446	0.06858766240022145	-0.12257603799501338	-0.16111474618378877	-0.180327176159907	0.1844312046913156	-0.18443120466201024	0.18032717613740198	-0.16111474623046249	-0.12257603806887929	0.06858766238234108	0.006023396580127632	-0.05762775501764951	-0.11522265847020556	0.1605380474248551	0.1887521765295913	-0.1968563726020037	0.18394648408233263	-0.1513371931297476	-0.10246038203977946	-0.04253207312017429	0.021997877377335898	-0.0841694705547895	0.1373347860497953	-0.17597876674639196	-0.19642187955029572	-0.19728560418046331	0.1796136947484762	0.146568485397459	-0.10266130609362724	0.052576599482142786
0.04099729194165374	-0.08150192768821217	0.11999233166138994	-0.15387315545222477	-0.1801237159871431	0.19599068369673928	-0.1994876178966611	-0.18968778835498165	0.16683674508175664	-0.13231431877223024	-0.08847884575395511	-0.03842847721605459	0.014285055646444552	0.06595796301626113	0.1130234869762806	-0.152308273311621	-0.1812415801274561	-0.19801149977247673	-0.20166871802785424	-0.19219115375748105	-0.1705360566590619	0.13872363565370804	0.09997417909615379	0.05869644732803049	-0.019045641608400637	-0.019045641615843833	0.05869644731169571	-0.09997417907764646	-0.13872363567040588	0.17053605677113004	0.19219115374970783	0.2016687177969439	0.1980114994788899	-0.1812415801578073	-0.15230827413677298	0.1130234877636799	-0.06595796306958723	0.01428505434012945	-0.03842847893600657	-0.08847884624958204	-0.13231431732928053	0.1668367425436167	-0.18968778696268065	0.1994876189525492	0.1959906868054191	0.18012371846202205	-0.15387315581868632	-0.11999232908092312	0.08150192446210108	-0.04099728953932832
0.030020133567430576	-0.060526641277278866	0.09125098515957875	-0.12107255403607234	-0.1483734779001213	0.17142057570795063	-0.18863923201430297	-0.19878760469768525	0.20105508141554992	-0.1951024464349305	-0.18105709638950215	-0.15947517880164355	-0.13128123933480584	-0.09769544812289006	-0.06015692795886646	0.020250819836062056	-0.020354242351037014	-0.05995114077167636	-0.09681383324401518	-0.12918358930632734	-0.15522602804817215	0.17301964003519388	0.1808488469854172	0.1787079659791457	-0.1723232292742355	0.17232322922744708	-0.17870796595419583	0.18084884708265836	0.17301964015704144	-0.15522602803291238	-0.1291835889611626	-0.09681383286417775	-0.05995114082173146	0.020354243052863208	-0.02025081888571699	0.060156927624222645	-0.09769544911645549	0.13128124093229868	0.15947517999302085	0.1810570956945081	0.19510244429967336	-0.20105507920073945	0.19878760438012794	-0.18863923396003215	-0.17142057888216364	-0.1483734798068424	0.1210725536937845	0.09125098230800827	-0.06052663805639286	0.030020131327622213
0.019626758873090233	-0.03999914040982458	0.06139128835413835	-0.08353263413103434	-0.10579948167182406	0.12741457179998528	-0.14758170360859937	-0.16556801278683114	0.18075193420129537	-0.1926480827987102	-0.2009158511819207	-0.20535672693602924	-0.20590381574361863	-0.2026069466362437	-0.1956157064264182	0.18516276463571518	0.17154894307342855	0.15513217763160567	0.1363227749875212	0.11559031054651966	0.09349078749955012	-0.07072657668872767	-0.0482402869538338	-0.027248069406870024	0.008654954116586795	0.008654954445559297	-0.02724806928438077	0.04824028649983812	0.07072657644195246	-0.09349078786456941	-0.1155903112422281	-0.13632277535133513	-0.155132177155929	0.17154894190188874	0.18516276390527528	-0.19561570659869842	0.20260694819117267	-0.20590381713159134	-0.20535672745300218	-0.20091584984516966	-0.19264808069119457	0.18075193265501305	-0.16556801318516762	0.14758170572460172	0.12741457446283744	0.10579948294395351	-0.08353263345879752	-0.06139128581473186	0.03999913770000414	-0.019626757066119774
0.009948515082381003	-0.020410386771704515	0.03167151168526072	-0.043754917138625414	-0.05650988759313577	0.06970135282881545	-0.08306679124635559	-0.09634876925062465	0.10931284753468427	-0.12175645925375643	-0.13351186652517297	-0.1444450439351931	-0.15445152592116232	-0.16344988924705356	-0.17137300406107286	0.1781565151646437	0.18372294822447588	0.1879582747046423	0.19067591495800285	0.19156201552694127	0.190103680799092	-0.1855440101183678	-0.17708205985232603	-0.16508458019619926	0.1545186721982198	-0.1545186722264019	0.16508458016076927	-0.17708205967188811	-0.18554401002723905	0.19010368108928757	0.1915620159123297	0.19067591505155462	0.1879582742590071	-0.18372294744039117	-0.1781565149351175	0.17137300442247466	-0.16344989038864385	0.15445152662549905	0.14444504392791027	0.13351186539949184	0.12175645791723773	-0.10931284680951762	0.09634876980957273	-0.0830667927440647	-0.06970135445009261	-0.05650988822838072	0.0437549165524087	0.03167151004203385	-0.020410385074892987	0.009948513977803474
