0.03052071683772383
0.03011878569390839
0.02980303356623379
0.029590764459542028
0.029456852974808656
0.02937837294356843
0.029339646808467856
0.02933551740011387
0.029357605243342105
0.02937824558353474
0.029390039722957995
0.02940812133369608
0.029485132394316355
0.02950032448218428
0.029479018239718175
0.029458131503577182
0.02943836974755691
0.02941783738413853
0.02939396441915563
0.029362886930015063
0.029318948064528737
0.029256843522917034
0.02918584345980181
0.02916311826998195
0.029192957775464184
0.029192957776334648
0.02916311826929439
0.02918584345753648
0.02925684352144393
0.029318948065774487
0.029362886930948802
0.029393964419311462
0.029417837385998288
0.02943836975088109
0.029458131506177057
0.02947901823952319
0.02950032447696215
0.02948513238736122
0.029408121331976705
0.029390039726646278
0.02937824559038715
0.029357605250525613
0.029335517403985503
0.029339646805065088
0.029378372946679932
0.029456852971202145
0.02959076442143306
0.029803033525523027
0.030118785617149462
0.030520716692579764
