0.9751177346572515
0.9748488679929745
0.9744299007941126
0.9738519748610449
0.9731002546089333
0.972154377403622
0.9709874448835506
0.9695643600262377
0.967839428669585
0.9657529565050693
0.9632263912342537
0.9601553119697545
0.9563991615306593
0.9517659552764585
0.9459891090573994
0.93869171079737
0.929330584121203
0.9171078246341156
0.9008310884096113
0.8786987912015776
0.8479980733219896
0.8047902204859784
0.743986614674835
0.661020162835844
0.5567820107067771
0.4432179892993444
0.3389798371617252
0.256013385312693
0.19520977952383867
0.1520019266773628
0.12130120880236472
0.09916891158522245
0.08289217536480709
0.07066941587909015
0.06130828920619835
0.054010890941968315
0.04823404472378201
0.04360083846909002
0.03984468802964569
0.0367736087647611
0.03424704349304741
0.03216057133100958
0.03043563997440668
0.029012555118456684
0.027845622596255334
0.026899745391507357
0.02614802513780808
0.025570099205900032
0.02515113200690629
0.024882265342757004
