0.032662994743359854
0.03095443264524509
0.03031888131442076
0.029996816656346063
0.029804260039559882
0.029674299134632813
0.02957634288118329
0.029498689114499838
0.029446699356936223
0.029419923252940846
0.02940873833306373
0.02940930757539434
0.029421913205078344
0.029437347725783884
0.029448049609014978
0.029454821560896308
0.02945875999607365
0.02945967369999336
0.029456418427589497
0.02944724191260489
0.029430420178604616
0.02940591973071656
0.029379184346643848
0.02936934496439045
0.029422748102956427
0.02942274810233754
0.029369344962964943
0.029379184346212076
0.029405919730485695
0.029430420179337138
0.02944724191290595
0.02945641842730572
0.02945967369992325
0.029458759996207035
0.029454821561057668
0.02944804960899346
0.029437347725917093
0.02942191320516718
0.029409307574659437
0.029408738331515916
0.029419923252951792
0.029446699357337302
0.02949868911579589
0.02957634288099286
0.0296742991347555
0.029804260039766918
0.029996816655524075
0.0303188813156919
0.030954432638345526
0.032662994740983754
