0.9751177346568053
0.9748488679947369
0.9744299007954852
0.9738519748615228
0.9731002546062948
0.972154377401383
0.9709874448829762
0.9695643600280839
0.9678394286707503
0.9657529565049517
0.9632263912329586
0.9601553119690495
0.9563991615319148
0.9517659552779465
0.9459891090574828
0.9386917107935191
0.929330584119765
0.9171078246366132
0.9008310884191151
0.8786987912014221
0.8479980733103576
0.8047902204713842
0.7439866146899987
0.6610201628579823
0.55678201069635
0.44321798927711975
0.33897983716721836
0.2560133853291465
0.19520977952043728
0.15200192666986068
0.12130120879743522
0.09916891159058294
0.08289217536831461
0.07066941588045972
0.06130828920355047
0.054010890941404543
0.04823404472439785
0.04360083847034635
0.03984468802908381
0.036773608762415644
0.034247043490251206
0.03216057132947481
0.03043563997622112
0.029012555121764372
0.027845622599773356
0.026899745392523256
0.02614802513775563
0.025570099204018114
0.025151132005888765
0.024882265341448086
