-0.006638927642454762	0.014491029712363285	0.023678998584231923	0.03387226559920697	-0.04479278236033066	-0.0562174651176728	-0.06796458771002875	0.07988335799580945	0.0918458172677951	-0.1037401893672446	-0.11546523579631798	-0.12692533456434638	-0.1380258799557627	-0.14866867158384758	-0.1587469920842378	0.16814011297743855	-0.17670717622546217	-0.184280819750101	-0.1906627106872642	0.19562749612635819	0.19895104113635542	0.20049155731814738	-0.20035912670380862	0.1991553183007878	0.1980231724056188	-0.19802317239439893	0.1991553182459382	0.2003591267561067	-0.20049155735353089	-0.1989510411097715	0.19562749609053542	-0.1906627106360483	-0.1842808198481018	0.17670717626290644	-0.1681401129566354	0.15874699192721795	-0.14866867166949954	0.13802587994881646	-0.126925334739201	-0.11546523572255939	0.1037401893680437	0.09184581715701083	-0.07988335797090919	-0.06796458767991699	-0.056217465184890646	0.044792782389894543	0.033872265600001436	-0.023678998625818265	-0.01449102971861823	0.006638927648781768
-0.014013207974351634	0.0303775009128435	0.04911593856415998	0.06926025369203284	-0.08993998956760178	-0.11040201519727703	-0.12999280365340865	0.14814521767204844	0.16436874288029066	-0.17824200573541973	-0.18940716218932818	-0.19756607426334688	-0.20247794445192635	-0.2039583634010259	-0.20187983319924926	0.1961741061464481	-0.18683695902543293	-0.17393654913287843	-0.15762744545068727	0.13817331251357243	0.11597936736756605	0.09162518700924846	-0.06586274782715532	0.03950438054519098	0.013137795106495166	0.013137795116026751	-0.03950438052799282	-0.06586274783014695	0.09162518702878414	0.11597936736831933	-0.13817331248319667	0.15762744539456397	0.17393654922850083	-0.18683695907423023	0.1961741061298159	-0.2018798329988408	0.20395836350179708	-0.20247794442015693	0.1975660745374765	0.18940716209472921	-0.1782420057618973	-0.16436874267982218	0.1481452176133156	0.12999280359215887	0.11040201533372294	-0.08993998962731353	-0.06926025368827798	0.04911593864123832	0.030377500909005595	-0.014013207972685418
-0.022626923813280755	0.048522437132233094	0.07714868526500701	0.10631826536386517	-0.1340282403515521	-0.15854739569244075	-0.17843166442228928	0.1925366354375793	0.20002631738497126	-0.20037707661018134	-0.19337664744194882	-0.17911849837701926	-0.1579914234777866	-0.13066457836192505	-0.09806819714975737	0.06137039931976879	-0.021950351624689234	0.018632248132643508	0.058673258947306704	-0.09637313955432603	-0.12991985506305254	-0.15764603066865762	0.17830939892170353	-0.19147152327507394	-0.19764872878319903	0.19764872876393108	-0.19147152321766722	-0.17830939897605427	0.15764603069846148	0.12991985503723477	-0.09637313954425068	0.05867325894724981	0.018632248134304426	0.021950351653437065	-0.06137039933675362	0.09806819704581433	-0.1306645783827266	0.15799142341147884	-0.17911849863396667	-0.19337664739260566	0.20037707669160645	0.2000263171503206	-0.19253663533866025	-0.1784316643157782	-0.15854739589264247	0.13402824045166536	0.10631826534833846	-0.0771486853562337	-0.04852243708889492	0.022626923789126244
-0.032291422816896946	0.06824932944457975	0.10607039875921756	0.1416080075996073	-0.17118158357329968	-0.19184237716756267	-0.20149413424569232	0.19896532707158626	0.18403128683018133	-0.15738613887557068	-0.12056749765844932	-0.07583882234771701	-0.026035342029697824	0.025619146677315612	0.07571635929163649	-0.12087976186547884	0.15798412198594458	0.18437027134579326	0.19804899642490162	-0.19789125434579177	-0.18380109143399598	-0.15684836972074914	0.1192829461202883	-0.07426402075581313	-0.025164281805179763	-0.025164281815285426	0.07426402072602203	0.11928294613082722	-0.1568483697588053	-0.18380109143675333	0.19789125430445062	-0.19804899636153594	-0.1843702714411866	0.15798412199913744	-0.12087976182105058	0.07571635923012028	-0.02561914676336915	-0.026035341961175688	0.07583882247268586	0.12056749768511167	-0.15738613901323362	-0.18403128663949156	0.1989653269352364	0.20149413407152986	0.19184237740220128	-0.17118158371873135	-0.14160800756821607	0.10607039885010018	0.0682493293528925	-0.03229142277811401
-0.042709345215938596	0.08861022289564412	0.13370688351178608	0.171129483773085	-0.19524499287690572	-0.20226726913707815	-0.19053640002851452	0.16058770515676757	0.11501409820269996	-0.058141104891104634	0.004450851632856643	0.06651127633319172	0.12175899948487828	0.1645203010258699	0.1903105665562258	-0.19630928310742138	0.18168622790687977	0.14774817037794832	0.09788761229081322	-0.03732437931679445	0.02737293079073969	0.08901531175866356	-0.14080026525914213	0.1774956803202858	0.1962635142757323	-0.19626351424684185	0.17749568026656856	0.1408002653178705	-0.0890153117680168	-0.027372930752462946	-0.03732437929805248	0.09788761222966408	0.1477481704546649	-0.18168622795062794	0.19630928308478449	-0.19031056637501453	0.16452030114560576	-0.12175899951445227	0.06651127641872985	0.004450851542835295	0.0581411050594046	0.11501409812460218	-0.1605877050044219	-0.19053639979335632	-0.20226726935934947	0.19524499303757048	0.1711294837133198	-0.13370688360961355	-0.08861022277044694	0.04270934517719749
-0.05366487160456	0.10884512038518651	0.1582976595378725	0.19186617559995503	-0.2023221734179394	-0.18646135111473947	-0.14541663847699343	0.0843476142445741	0.011574873324880084	0.06270541744519076	0.1279420678074584	0.1747754326817252	0.1964026844787833	0.18958063223240804	0.1551324288809592	-0.09788760315817402	0.026056128640836732	-0.049891599947797474	-0.11870523986043462	0.17001833339802203	0.19599269160087018	0.19270897794984826	-0.16099275544057767	0.10625301741521391	0.03703314312906504	0.037033143134031624	-0.10625301738103657	-0.1609927554611543	0.19270897799175446	0.19599269159181187	-0.17001833336555236	0.11870523985113307	0.049891599984007114	0.026056128684207237	-0.09788760319519196	0.15513242870535934	-0.18958063227438265	0.1964026844594702	-0.1747754329602354	-0.12794206769302882	0.0627054172917823	-0.011574873381075068	0.0843476140971154	0.14541663820554396	0.18646135127648486	-0.2023221735581648	-0.19186617551131804	0.15829765966560205	0.10884512024026015	-0.053664871566812024
-0.065023770089206	0.1283721425509541	0.17847558789366186	0.20177119072423916	-0.19075548053942631	-0.1455060701086306	-0.07345647289773632	-0.012255657065734669	-0.09550382641451441	0.1604110914993561	0.19449266138030102	0.19111667386633316	0.15083159354083778	0.08131882942952261	-0.004020689208988313	0.08859047969815805	-0.1557742973630972	-0.1921811519052051	-0.1903519490430405	0.15039759092386124	0.0801900485361748	-0.006078515342087032	0.09090682097420152	-0.15755851418976044	-0.19385545263466555	0.1938554526076106	-0.15755851415933458	-0.09090682103374859	0.006078515315888912	-0.08019004858620217	0.15039759088516771	-0.19035194896807897	-0.19218115199758917	0.15577429734970036	-0.08859047964395715	0.004020689258491446	0.08131882935430965	-0.15083159348926128	0.19111667421125872	0.19449266131551116	-0.16041109142306087	-0.09550382622386386	0.012255657176544386	-0.07345647260099893	-0.14550607016526437	0.19075548065573636	0.2017711906210878	-0.1784755880536806	-0.12837214238997974	0.06502377006501076
-0.07666330467212831	0.1466626768474681	0.19314204727085016	0.19972035626789345	-0.1611428279849903	-0.08466796075336187	0.012041674522715252	-0.1056296232987674	-0.17311142348814543	0.1977660552348409	0.17340408847070773	0.10598378501672344	0.012199024729287173	-0.08460591904611334	-0.1601983560387318	0.1954940963393106	-0.18139018112719102	-0.12118440539925332	-0.02993012079793496	-0.0692079935451971	-0.150814290404915	-0.1939239297257903	0.18777948887457518	-0.13470950135199186	-0.048791779934684	-0.04879177994500194	0.13470950131360274	0.18777948889356255	-0.19392392976265457	-0.15081429038025687	0.06920799351934862	0.029930120746546142	0.12118440541561723	-0.18139018115225236	0.19549409633277898	-0.16019835591652085	0.08460591918339896	0.012199024651681772	-0.10598378525055796	-0.17340408854233902	0.19776605530109664	0.1731114231918653	-0.1056296233287741	-0.012041674824194291	0.08466796068040966	-0.16114282808762867	-0.19972035615685702	0.19314204744362426	0.14666267667851146	-0.07666330469874108
-0.08843193805677116	0.16314893191502716	0.20131547121863178	0.1852664122129855	-0.11579642846177404	-0.011975778801926656	0.09522117577571786	-0.17300066772289094	-0.19729857580470414	0.16049051142154677	0.07389791521548618	-0.03564434842002364	-0.13407021692804913	-0.19065033373798732	-0.1875873003044834	0.1256663610551838	-0.02417338235805501	0.08497516011044003	0.16716959316554	-0.19610036730270908	-0.16235987272020191	-0.07675109124623364	-0.03315702550243788	0.13244625840100077	0.19064193975259294	-0.190641939713589	0.13244625837929458	0.03315702556009679	0.07675109129652798	0.16235987274973293	-0.19610036724429422	0.16716959315681587	0.08497516020280366	0.024173382408106837	-0.12566636111159357	0.18758730010453767	-0.19065033383341665	0.13407021697318194	-0.03564434839859195	0.07389791541210056	-0.16049051162194097	-0.19729857550028213	0.1730006676681131	0.09522117603021774	-0.011975778603934832	0.11579642854781184	0.18526641211329745	-0.20131547140774228	-0.1631489317233418	0.08843193812272006
-0.10019555285544775	0.17734447079592455	0.20237104192178354	0.1589823093519548	-0.058932484182934265	0.062431107974396174	0.1602149993769039	-0.19763908082266307	-0.1604476717363174	0.06258733854363285	-0.058945634334738324	-0.15807523721548358	-0.19711482415570977	-0.1611199076569679	-0.06368076864074401	-0.0580896533477481	0.1575665012604447	0.19640384190580326	0.15937908492140185	-0.0605427524953886	0.06192812310205201	0.16052599376320276	-0.19725759696218653	0.15869058577256503	0.06039354464149711	0.06039354464321988	-0.1586905857446629	-0.197257596983555	0.1605259937773022	0.061928123062596103	0.060542752506166815	-0.1593790848579742	-0.19640384197925095	0.15756650125025393	-0.05808965330412722	-0.0636807685364753	0.16111990764625347	-0.19711482410503442	0.15807523739685597	0.05894563411273687	0.06258733882320561	0.16044767155357245	-0.19763908068323507	-0.16021499949578236	-0.06243110827544703	-0.058932484220093	-0.15898230927883647	0.20237104215053492	0.17734447056865021	-0.10019555293281483
-0.11183091645566325	0.18883191238934124	0.19602028135075256	0.12234544924985255	0.0038745373453825363	0.12791572468812004	0.19438136605206072	-0.1731756511826605	-0.07371744541796998	-0.059052583229661414	-0.16496342603714706	-0.19591572583643574	-0.13777525946235009	-0.016907512061180123	0.11166642047120778	-0.1892160439452736	0.18011247670906388	0.08831308646336312	-0.044137584863448244	0.15618517071601784	0.19594676302671818	0.14502649964638045	-0.027227080010625637	-0.1030336159223608	-0.18673127863652608	0.18673127859234248	-0.10303361592279925	0.027227079954336156	-0.1450264997190363	-0.1959467630205334	0.15618517064159618	-0.04413758492376101	0.08831308644328303	-0.1801124767732081	0.18921604395174285	-0.11166642039360268	-0.01690751191625374	0.1377752593164636	-0.19591572613284003	-0.16496342588442184	0.05905258294142722	-0.07371744541777452	0.1731756509655521	0.19438136601030506	0.12791572506225451	-0.0038745373472257585	0.12234544921370617	-0.19602028159623558	-0.18883191211604877	0.11183091656196349
-0.12322916189242687	0.197280762732918	0.18234290457341587	0.07766129218523465	0.06626466782141552	0.1749525326509184	0.19093641747708512	-0.10550667846773965	0.036016277798327063	-0.1582357230331859	-0.1959113216106144	-0.12887120062320742	0.007096147666393857	0.13924453898221362	0.19671140296377018	-0.14852640889591076	0.02044050558999469	-0.11861791532796273	-0.1934823237943976	0.1634340762054889	0.044597632709282124	-0.09856679985446107	0.1885612516472467	-0.17737115179666257	-0.0717837923134417	-0.07178379231535623	0.17737115178244595	0.18856125166480064	-0.09856679984380219	0.04459763273408269	-0.16343407618660627	0.19348232377523908	0.11861791539614139	0.02044050566086644	-0.14852640894326216	0.19671140278917726	-0.13924453917706203	0.007096147812301964	0.1288712008840003	0.19591132158351615	-0.15823572284522633	-0.03601627763891874	-0.10550667820904565	-0.19093641728542926	-0.17495253303685138	0.06626466783719533	-0.07766129218272094	0.1823429048018226	0.19728076241345194	-0.12322916205940343
-0.134279184466603	0.20241434960425733	0.16171707528179893	0.02780998364557989	0.1218751323495769	0.19666173049976252	0.15042666341927638	-0.011442102643887975	0.13450429471784686	-0.19710367998251338	-0.1375528450330263	0.007266285928795433	0.14752597186067093	0.1961025199348959	0.12271089270501503	0.027078183025294862	-0.15993657224812566	-0.19281517358964217	-0.1049611265958771	-0.0487042310086093	-0.17172702234201803	-0.18683377052045616	0.08478515046790092	0.07029149809312277	0.18216559021291026	-0.18216559015981115	0.07029149810844884	-0.08478515041522602	0.18683377060017606	0.17172702230243064	-0.048704230954752806	-0.10496112649052651	-0.1928151736426983	0.15993657224954316	-0.02707818294306722	-0.12271089258260322	0.19610252000655187	-0.147525971924891	0.007266285875672706	-0.13755284518002114	0.1971036800175898	0.13450429442235853	0.011442102420364919	0.15042666305283542	0.19666173082092517	-0.12187513241441901	0.027809983666815353	-0.16171707551385722	-0.20241434924043175	0.13427918467849947
-0.14487922877567713	0.20403984240897985	0.13484250290908642	-0.023908197518701088	0.1649730376758363	0.18982095293008733	0.08066416181055218	0.08546944265001676	0.1908664795803179	-0.16071324147049412	-0.016402931894507398	0.13951234115409689	0.19613323484592063	0.11310871151381004	-0.050487996115816065	0.1780170744295575	-0.17834709862655534	-0.051102569174244716	0.11267752718056623	-0.1954683860824693	-0.13769560970028938	0.019152129445666508	-0.16249566436072072	0.19011026549955895	0.08291232475591348	0.08291232476478726	-0.1901102654820426	-0.1624956643889675	0.019152129412018312	-0.1376956097150424	0.19546838603887706	-0.11267752723781255	0.05110256914452366	-0.17834709868895532	0.17801707439697084	-0.05048799608780094	-0.11310871141333406	0.1961332347805586	-0.13951234132773405	0.01640293217138464	-0.1607132417353366	-0.19086647923868846	0.08546944280169202	-0.08066416130194495	-0.18982095314678085	0.16497303778744998	0.023908197456716396	0.13484250313432564	0.20403984198963332	-0.1448792290563167
-0.1549343590936437	0.20204501794574525	0.1027013755082986	-0.07401304954674405	0.19106545123265053	0.15534329483873416	-0.0048178408881904625	0.16092109414559969	0.18739440470978666	-0.0629009294711303	0.11224610194525131	0.19682338250999543	0.12257705391623208	-0.05059497312256118	-0.18281229479925906	0.1671227593612637	-0.016133842478915368	0.14784707262331556	0.19170263576562405	-0.07968566924577704	0.09714477541629433	0.19491363423527397	-0.13429880099676114	-0.03528954618419417	-0.17696163478056606	0.176961634728496	-0.03528954620921392	0.134298800958104	-0.1949136342901471	-0.09714477534803809	-0.07968566924243153	0.19170263569942894	0.1478470727468889	0.01613384254734668	-0.1671227594568574	0.18281229461764306	-0.050594973276109706	-0.1225770537273953	0.19682338277274752	0.11224610169762433	0.06290092984505567	0.1873944044779237	-0.16092109422425516	-0.0048178414162336125	0.15534329492649832	-0.19106545133064678	-0.07401304942317163	-0.10270137568398048	-0.20204501746883757	0.1549343595006849
-0.16435901022890462	0.19640417219123207	0.06652060764335867	-0.11909254933889393	0.1973975291768236	0.09819556040141772	-0.08935926457378801	0.1959392243108845	0.12513688935835557	0.05895376172047792	0.18957267174001055	0.14833861654660188	-0.02737495027744606	-0.17817955530196025	-0.1671700544669713	0.004298857765368829	0.1623859093229899	0.18114995844684936	0.03482264870111996	0.14316133326346525	0.19028848214053928	0.06351989257452063	0.12146922075936695	-0.1964738492902862	-0.09373365072590528	-0.09373365076849544	0.19647384920469713	0.12146922085259204	0.06351989260814128	0.19028848219911557	-0.14316133319671492	-0.034822648636235444	-0.18114995847149928	0.16238590930906557	0.004298857843708494	-0.16717005428493106	0.17817955541952268	-0.027374950427339458	-0.14833861679307697	-0.1895726716126021	0.05895376136184619	-0.12513688926276523	0.19593922427390367	0.08935926508264222	-0.09819556031216921	0.19739752931696697	0.11909254916347922	0.06652060785630912	0.19640417167395594	-0.1643590106806528
-0.1730727990556056	0.18716853994739777	0.02770612999332346	-0.15605981167269373	0.18326605397788184	0.026692801507406366	-0.156429584251758	0.18167593102235294	0.023593319979888425	0.1582409088175371	0.18019260357261352	0.020087959492857754	-0.160262827172655	-0.17850901226544985	-0.01618118163206634	-0.16242112387268026	0.17636869963676913	0.01149137565254208	-0.16491194154796254	0.17364895244036305	0.0058221077874271105	-0.16796887557449927	0.1712680210238811	-0.000825042000289734	0.1711303064173511	-0.17113030638268067	-0.0008250419598382682	-0.17126802102661579	0.16796887560271997	-0.005822107884325833	0.17364895238208472	-0.16491194153778413	0.011491375582699212	-0.17636869971989594	0.1624211238738948	0.016181181570493735	-0.17850901219607454	0.16026282719022525	0.020087959581768015	0.1801926036742345	-0.1582409086382652	0.023593320076954596	-0.18167593087185738	-0.15642958462910314	0.0266928012485453	-0.18326605413134034	-0.15605981143775385	-0.02770613023429085	-0.18716853939091624	0.17307279958199026
-0.18100327316040465	0.17446934006129022	-0.012211187260359142	-0.18236901066263955	0.15010363203364652	-0.048713425403226394	-0.19288004825077218	0.12167961382117341	-0.08536284659676317	0.19694409064867127	0.08837436097612061	-0.1189584565513517	-0.19319882158804852	-0.05130732339745345	0.14791402468342243	-0.18140141847873076	0.011646099972567592	-0.17102150154481524	-0.161649606035525	-0.029221048882939877	-0.18714016357342733	-0.1346863253032353	-0.06926950368570875	0.19624569600140737	0.10420570515342727	0.10420570516626776	-0.19624569597567582	-0.06926950374403024	-0.13468632538003142	-0.18714016352446214	0.029221048865256963	0.16164960590835795	0.17102150165837177	0.011646100041989939	-0.18140141860942594	0.1479140246069956	0.05130732321295405	-0.19319882144586698	0.11895845660245055	-0.08837436126927385	0.19694409070138244	0.08536284637171518	0.1216796135399466	0.19288004845950932	0.04871342581728875	0.15010363223054668	0.182369010380983	-0.012211186942809957	0.17446933947192428	-0.18100327373221511
-0.18808555188499507	0.15851354835350112	-0.05164032711908818	-0.19619430697393184	0.10132992575807963	-0.11697924779604438	-0.19154800871194316	0.031034547707267705	-0.16748687639243126	0.16021527997310064	-0.043887047947100154	-0.19399585111106316	-0.10562037224118002	0.11255642161157675	0.19219887343381295	-0.03535128503059009	-0.16487016773468025	-0.1618690863014572	0.040596372080678234	-0.19281625129964292	-0.10702833082052772	0.11091171184423386	-0.19232939077262065	0.036861939973186694	-0.16468415597014285	0.16468415592568109	0.03686193992220223	0.19232939077682792	-0.11091171183631861	0.10702833090476482	-0.1928162512421531	0.04059637220083645	-0.1618690863247102	0.16487016774515081	0.03535128520892719	-0.1921988732976298	0.11255642175446988	0.1056203720083441	-0.19399585126733915	-0.04388704762325248	-0.1602152802334707	-0.1674868761244851	-0.031034547353385886	-0.1915480087008565	-0.11697924830251748	-0.10132992602559533	-0.19619430668939236	0.05164032672789815	-0.15851354772530352	0.18808555248140135
-0.19426303714835708	0.139579623033624	-0.08899785237185202	-0.19656381081477156	0.04200410338319376	-0.16808915630613513	-0.15267403912050376	-0.06742828858428887	-0.1969411642454324	0.06210051479735674	-0.15605684377424295	-0.16463568279001006	0.0478474625637344	0.1959746286044159	0.08077622195028901	0.1428650427749678	-0.1742809788594831	0.02869088907247629	0.19285208080934865	-0.09725458359363902	0.1292687178645897	0.1816494591706794	0.010713125658774596	-0.1894321581080433	-0.11428894784180985	-0.11428894786263286	0.1894321580812393	0.010713125737189456	0.18164945924595613	0.12926871777692658	0.09725458358214492	-0.19285208078540705	-0.028690889152932553	-0.17428097895194583	0.14286504268511466	0.08077622186503255	-0.19597462856925374	0.0478474627652603	0.16463568295942788	0.15605684358767583	0.06210051517179993	0.19694116404073064	-0.06742828892752391	0.15267403886569508	0.1680891568374153	0.0420041037274224	0.1965638105595655	-0.08899785190609856	0.1395796223763572	-0.1942630377573469
-0.19948652677477924	0.11800923969350641	-0.12277715022686785	-0.18343283857933576	-0.021700011804756184	-0.19453123529879207	-0.08386234623031831	-0.14889083675463816	-0.1644460669601676	-0.05981353669586961	-0.19676900163205696	-0.04666306046526809	0.17145602235041107	0.13931789054263333	-0.09609215868995345	0.19107740446346622	-0.007033827141183106	0.18708661471277432	0.10767876006227355	0.12902320700155157	0.17691331751237674	-0.03400076143290805	0.19557130986430263	-0.07162766835839116	0.15763965693527537	-0.15763965688461606	-0.0716276682978987	-0.1955713098924533	0.03400076139712267	-0.176913317569289	0.12902320693397804	0.10767875991382264	0.18708661478543956	0.007033827212324405	-0.1910774045355918	0.09609215868826357	0.13931789035322995	-0.17145602240585223	-0.046663060577102684	-0.19676900169280756	0.059813536328347884	-0.1644460668727464	0.1488908369980154	-0.08386234575215692	-0.19453123577294415	0.02170001141057153	-0.18343283839401558	0.1227771496923496	-0.1180092390258943	0.19948652738791103
-0.20371488181127398	0.0942005745543953	-0.1516113653603593	-0.15768986772968127	-0.08313963541407955	-0.19240950753718233	0.0014007271148083454	-0.19280745273276023	-0.08021336953230868	-0.15879832026690308	-0.14736552617440934	0.09642902526204752	0.18806880267469786	-0.01692284580344979	-0.1950950305720234	0.0653989662212192	0.16734380125388254	0.1357771296819597	-0.11005961604279486	0.1818670154952055	-0.03363374726128968	-0.19603956314285376	0.04879805168384642	0.1762606221986579	0.12394596464479896	0.12394596467087864	-0.17626062218187655	0.048798051594871064	-0.19603956321745336	-0.033633747107540496	-0.181867015431676	0.11005961612979571	-0.13577712962106334	0.16734380129865895	0.06539896638098713	-0.19509503052677382	0.016922845996025164	0.1880688025544328	-0.09642902523288939	0.14736552648387916	-0.158798320024866	0.08021336954699954	-0.19280745280453	-0.0014007277581472319	0.19240950788684116	-0.08313963502974112	0.15768986768231966	-0.15161136476975234	0.09420057390208225	-0.20371488239784016
-0.20691507190184485	0.06859964946594872	-0.1743304065554347	-0.12109570189785045	-0.13590123945186758	-0.16202466580516403	0.08638886428631977	-0.1880929872792683	0.029259828192331607	-0.19690389386787527	-0.030464476424181826	0.18760616545362732	0.08730899721486769	-0.16106376338723158	-0.13600502875835183	-0.11979835292440408	0.17207292402142618	-0.06773033120062318	-0.19228494265671167	-0.009752680728813912	-0.19509140899046767	-0.048980082126031936	-0.18071478133101626	0.1039668145246644	-0.15001748528829514	0.1500174852432209	0.10396681446030324	0.18071478138448946	0.048980082188259236	0.19509140897001329	-0.00975268068988396	-0.19228494258359163	-0.06773033133080342	-0.17207292415167283	0.11979835279774981	0.13600502868745523	-0.16106376343719048	-0.08730899696587884	0.18760616551587006	-0.030464476842209477	0.19690389388149523	0.029259828076479057	0.18809298714819478	0.08638886498233458	-0.1620246659977063	0.13590123912382143	-0.12109570200676871	0.1743304059275925	-0.06859964883854669	0.20691507245183155
-0.20906237837220004	0.041690799611348466	-0.19001045520706145	-0.07616331074109152	-0.17447301426207273	-0.10783381906484774	0.15442064304374098	-0.13592852283229373	0.12952424820363495	-0.15951543006810678	0.10038992210508062	0.17777294980233915	-0.06794403392058328	-0.19005885762659508	0.03329676805324707	-0.1959612111902276	0.002351615254878659	-0.19531249532520653	-0.037759324962613944	-0.18825787599025973	-0.07181321055891378	0.17530677199680353	-0.103774154713864	-0.15717128486966306	-0.13314140644274178	-0.13314140647393377	0.1571712848738776	-0.10377415463679482	0.17530677202767625	-0.07181321069631898	0.1882578759000613	0.03775932481261724	0.19531249540057938	0.0023516153638820834	-0.19596121123006466	0.03329676809159004	0.1900588574664818	-0.06794403414293619	-0.177772949875762	-0.10038992178814744	-0.15951543035872504	-0.12952424801360773	-0.13592852250735715	-0.15442064369086317	0.10783381912763584	-0.17447301405323995	0.07616331100587993	-0.1900104545683738	0.04169079902976223	-0.20906237885185455
-0.21014020255320273	0.013985938164838917	-0.19801334268699575	-0.02598449689326782	-0.1948230104644358	-0.03779630431345005	0.19213952525432892	-0.049470006935674916	0.18902126951405956	-0.06096386648541136	0.18525573542839893	0.07221984528258256	-0.18078917658481253	-0.08317479361163761	0.17561364807838115	-0.09376856715341393	-0.16975430698274346	-0.10394647793452236	0.16325633908408846	-0.11369869832622923	0.1562765130141668	0.1231755393106409	0.14914258153924576	-0.1328020534569149	0.14184213275154853	-0.14184213270762788	-0.13280205339772216	-0.14914258161138366	-0.12317553938061643	-0.15627651292285677	-0.11369869831416	0.16325633910896525	-0.10394647784309444	0.16975430701112856	0.09376856734009725	-0.1756136480582718	-0.08317479332679273	0.18078917666213726	0.07221984533997085	0.18525573536688847	0.06096386697105092	0.18902126932076227	0.04947000650896766	0.19213952569076276	-0.03779630424048856	0.1948230104176947	-0.025984497294543257	0.19801334206037227	-0.013985937628825065	0.21014020295963015
-0.21014020498847927	-0.013986141199932491	-0.19801330990494947	0.025984530613114037	-0.19482304642236734	0.03779607692292172	0.1921395485081603	0.04947004600272499	0.1890212395573502	0.060963947084971645	0.18525572686211036	-0.07221982798042506	-0.1807891864767101	0.08317477300347893	0.1756136562361767	0.09376857335001902	-0.16975429447957463	0.10394648489324582	0.16325634540783635	0.1136986926187327	0.15627651077282254	-0.12317554216647485	0.1491425823096896	0.13280205170357373	0.14184213330675835	0.14184213331047207	-0.1328020517042882	0.1491425822812002	-0.12317554217528429	0.15627651088261874	-0.11369869256181162	-0.16325634522422097	-0.10394648502797836	-0.16975429461584493	0.09376857315455375	0.1756136561895395	-0.08317477323982961	-0.18078918637454133	0.07221982798068059	-0.1852557270657808	0.06096394660703193	-0.18902123945211816	0.04947004636783961	-0.1921395485998089	-0.037796077137608505	-0.19482304660356597	-0.025984530085449053	-0.19801330930970953	-0.01398614171411669	-0.2101402053050966
-0.20906238463665763	-0.04169099682160784	-0.19001035905607924	0.07616334142210572	-0.17447311850156766	0.10783362814223303	0.1544207096676957	0.13592855088295114	0.12952416627053778	0.15951548077402875	0.10038989888409666	-0.1777729373720694	-0.0679440612181328	0.19005885786466642	0.033296781730312475	0.1959612068193463	0.00235163659941786	0.19531249773302173	-0.037759315949839216	0.18825787605291866	-0.07181321321435975	-0.17530677140102577	-0.10377415378430932	0.1571712857839885	-0.13314140602600108	0.13314140597885177	0.15717128576296616	0.1037741538874834	0.17530677144061993	0.07181321307607079	0.188257875995421	-0.03775931606844346	0.19531249775573348	-0.0023516364942354944	-0.19596120686527962	-0.03329678166232705	0.19005885785289683	0.06794406093520457	-0.1777729373964229	0.10038989932131223	-0.15951548045517322	0.12952416632556232	-0.13592855112106345	0.15442070938823688	0.10783362849294768	0.17447311887164532	0.07616334080953918	0.19001035850154246	0.041690997285434094	0.20906238488619797
-0.20691508180860846	-0.0685998343628207	-0.17433025207381625	0.12109572829539375	-0.13590139924340194	0.16202453969197889	0.08638896235990515	0.1880929997274474	0.02925971837573974	0.1969038915213493	-0.03046450150966324	-0.18760616734097613	0.08730896867573835	0.16106378170892655	-0.1360050246672226	0.11979834456067345	0.1720729281951007	0.06773032439680161	-0.1922849451744916	0.0097526875876235	-0.19509140683830364	0.048980085664738146	-0.18071478192708715	-0.10396681241685857	-0.15001748597643402	-0.1500174860302452	0.10396681247227582	-0.18071478188111026	0.048980085638929215	-0.19509140687111695	-0.009752687656957134	0.1922849451357213	-0.0677303242310134	0.17207292821595097	0.11979834480041128	-0.13600502463896444	-0.16106378146540665	0.087308969015446	0.18760616744692915	0.03046450104917408	0.19690389142972342	-0.02925971850585899	0.18809299974832588	-0.08638896184879902	-0.16202454005139663	-0.13590139980286609	-0.12109572773977592	-0.17433025161949006	-0.06859983482285337	-0.20691508192813982
-0.2037148939420433	-0.09420074211264141	-0.15161115987732277	0.15768988831893732	-0.08313983559879021	0.19240946534422917	0.001400836298518246	0.1928074494596382	-0.08021347496609038	0.1587982597716648	-0.14736553602601563	-0.096429046043484	0.1880687968618076	0.016922863434347436	-0.19509503473560402	-0.06539896498538793	0.16734378652604967	-0.13577714254242243	-0.11005962622196326	-0.18186700906786848	-0.03363374399939302	0.19603956464756764	0.04879805113393616	-0.17626062237797296	0.12394596416928902	-0.12394596414472575	-0.1762606223418367	-0.04879805117398136	-0.19603956470375591	0.03363374411679574	-0.18186700902397768	-0.11005962602950535	-0.13577714263788548	-0.16734378661851512	0.06539896474950027	0.1950950347148595	0.016922863145147432	-0.18806879704726692	-0.09642904612098212	-0.1473655357566855	-0.15879825997667613	-0.08021347474851864	-0.1928074492398494	0.0014008356394063955	0.19240946568178927	0.08313983627489922	0.15768988787037586	0.15161115951809667	0.09420074255297331	0.20371489395412085
-0.1994865403297805	-0.11800938542558774	-0.12277690295952796	0.18343285039784515	-0.02170023409574629	0.19453128662922695	-0.08386225263527719	0.14889081574111834	-0.16444613248148096	0.05981344390626545	-0.19676899159834674	0.046663033866168366	0.17145604296080666	-0.13931788549795218	-0.09609216553039956	-0.19107739477319927	-0.007033841311719784	-0.1870866196829409	0.10767875888644908	-0.12902320936794423	0.17691331418105186	0.03400075893126922	0.1955713121748149	0.07162766715378231	0.15763965632626528	0.15763965639812563	-0.07162766722773438	0.1955713121408641	0.03400075897026487	0.1769133141325156	0.12902320942808623	-0.10767875899686251	0.18708661960001446	-0.007033841294524736	-0.1910773947668039	-0.09609216554813185	0.1393178855587681	0.1714560428488179	-0.04666303388561718	0.19676899176049545	0.05981344440465242	0.16444613217705478	0.14889081519873992	0.08386225336382955	-0.19453128695686803	-0.021700234917116135	-0.18343285006455864	-0.12277690266353154	-0.11800938590785753	-0.1994865402264759
-0.1942630496908672	-0.13957974038763812	-0.08899757711222205	0.1965638147515253	0.04200388086842795	0.16808929840561013	-0.15267398582391917	0.06742824592223981	-0.19694116162501626	-0.062100595537602596	-0.1560568259416909	0.16463567138266788	0.04784749016157075	-0.19597463497820178	0.0807762144044652	-0.1428650372438024	-0.17428097868625267	-0.028690877844549063	0.19285209004947487	0.09725457387941411	0.1292687128403295	-0.18164946249870836	0.010713126850355095	0.18943215802669588	-0.11428894729516574	0.11428894729637286	0.18943215802333185	-0.010713126833564174	0.18164946250451822	-0.12926871290968198	0.09725457383786831	0.19285208996682748	-0.028690877724189146	0.17428097872753243	0.14286503745506904	-0.08077621443049111	-0.19597463479327448	-0.04784748982961937	0.1646356714210954	-0.15605682645633287	0.06210059491663898	-0.1969411613490772	-0.06742824517952277	-0.15267398648160982	0.1680892986780885	-0.04200387999338642	0.19656381457253017	0.08899757687904813	0.13957974091700623	0.19426304946646855
-0.1880855618790814	-0.15851363170369778	-0.05164003831136925	0.196194305950534	0.10132972879587117	0.1169794584073741	-0.19154800469543734	-0.03103460049357946	-0.16748680773675803	-0.16021531841017492	-0.04388703134223696	0.19399586166845734	-0.1056203587638605	-0.11255643198756114	0.19219886726797372	0.03535127822712853	-0.1648701567457095	0.16186910178304387	0.04059637755589242	0.19281624783579365	-0.10702832841585351	-0.11091171013523829	-0.19232939393668322	-0.03686193850048113	-0.1646841548454074	-0.16468415489904972	0.03686193855954463	-0.1923293939209053	-0.11091171017070905	-0.10702832833972271	-0.19281624786188417	-0.040596377406298005	-0.16186910179587172	-0.16487015676977687	0.03535127801883172	0.1921988673557615	0.11255643176302865	-0.10562035907932399	-0.19399586164937016	0.04388703186148013	-0.16021531793902521	0.16748680763383492	-0.031034601095510688	0.19154800507616998	-0.11697945853041129	0.10132972811961251	-0.19619430601158902	-0.05164003817062138	-0.15851363218737236	-0.18808556153714848
-0.18100327791983084	-0.17446938211101332	-0.012210904133695884	0.18236901322790347	0.15010348989712366	0.04871366465363027	-0.19288008594466524	-0.12167965435622752	-0.0853627414426177	-0.19694408068494318	0.08837437590171295	0.11895847806510482	-0.19319882668086596	0.051307314647691574	0.14791402500890455	0.18140140508761599	0.011646108521917102	0.1710215042811196	-0.16164961336321224	0.029221056182237286	-0.18714015616751495	0.1346863292913426	-0.06926950618905686	-0.19624569561285982	0.10420570475279871	-0.1042057047937903	-0.1962456956617216	0.06926950619884968	-0.1346863292013081	0.18714015617703533	0.029221056188318748	-0.16164961347213375	0.17102150419265763	-0.011646108496810016	-0.18140140502023427	-0.14791402506630305	0.05130731477698356	0.19319882680400327	0.1189584780313356	0.08837437559941563	0.1969440805579586	-0.08536274152530882	0.12167965465687589	-0.19288008591607655	0.04871366458997366	-0.15010348952864616	0.18236901358733254	0.012210904121368858	0.1744693825156808	0.181003277448371
-0.1730727971715702	-0.1871685393923175	0.02770639484892677	0.1560598202872493	0.1832659844101708	-0.02669257220600041	-0.15642965150424787	-0.18167594249096805	0.023593422043671788	-0.15824086098284193	0.18019261668154324	-0.02008794302704045	-0.1602628441542541	0.17850901067732575	-0.01618117493805525	0.162421114420105	0.17636869517032344	-0.011491386764353847	-0.1649119536244931	-0.17364894673778541	0.005822108901090257	0.16796887395127544	0.17126802349919362	0.0008250400341077461	0.1711303055176337	0.17113030557587344	-0.0008250400833056423	0.1712680234982326	0.16796887392617116	0.005822108797720657	0.17364894675916706	0.16491195359888833	0.011491386887052209	0.17636869513362366	0.16242111449794203	-0.01618117494120461	-0.1785090106713315	-0.1602628440727379	0.02008794303628631	-0.18019261668403694	-0.1582408612065297	-0.023593421854933516	-0.18167594245310364	0.15642965107242532	0.026692572381699548	0.18326598434591337	-0.156059820956655	0.02770639477629107	-0.18716853977080666	-0.1730727965104621
-0.1643590032035064	-0.19640413234592036	0.06652084843858456	0.11909255727287901	0.19739753219944978	-0.09819536729499631	-0.08935935434962293	-0.19593920915096827	0.12513695937254316	-0.05895369263476301	0.18957267719312537	-0.14833861492519892	-0.027374967488337676	0.17817956061248083	-0.16717004600837562	-0.004298854825540997	0.16238589668752312	-0.18114996987828036	0.03482264673199354	-0.14316133805752462	0.190288475453967	-0.06351989792238028	0.12146922396978627	0.19647384820645022	-0.09373365042123562	0.09373365047921632	0.19647384827978098	-0.12146922399513227	0.06351989780800514	-0.19028847540591654	-0.14316133805369435	0.03482264687757928	-0.18114996988615764	-0.16238589669848463	0.00429885467329512	0.16717004608965258	0.17817956044658473	0.027374967243969515	-0.1483386148875081	0.18957267752547197	0.058953693136090425	0.12513695917030468	0.19593920878764912	-0.08935935361184041	-0.09819536750436804	-0.19739753240402125	0.11909255815870946	-0.06652084831692179	0.19640413270632848	0.16435900239817344
-0.15493434808518303	-0.20204494401889497	0.10270159108295118	0.07401304708452211	0.19106551724998966	-0.15534315496775955	-0.004817947058203998	-0.16092106560800254	0.18739442807514378	0.06290100004889901	0.1122460923197304	-0.19682339417194292	0.12257704489583293	0.050594982549910614	-0.18281229220433018	-0.16712274718597991	-0.016133851032497877	-0.14784707139007816	0.19170264556765867	0.07968566028613806	0.09714477159775485	-0.1949136343755524	-0.13429880367300664	0.035289548398548524	-0.1769616334499358	-0.17696163349680377	-0.03528954837205467	-0.13429880366130612	-0.1949136342916098	0.09714477167785457	-0.0796856603043543	-0.1917026456668258	0.14784707124862143	-0.016133850988898517	-0.16712274710379021	-0.18281229234046922	-0.05059498233529757	0.12257704513175997	0.1968233940473456	-0.11224609281326657	0.06290099952535924	-0.1873944280348506	-0.16092106509326684	0.00481794629661705	0.155343155022884	0.1910655175800021	-0.07401304796667316	0.10270159102846313	-0.2020449443919537	-0.15493434722369762
-0.14487921611645496	-0.2040397417234502	0.13484269516195926	0.023908171574498864	0.1649731454207206	-0.18982087131503925	0.0806640436036909	-0.0854694233287239	0.1908664623971325	0.16071329706552068	-0.01640296049483494	-0.1395123540666818	0.19613323630133808	-0.11310870292724909	-0.050488001726900066	-0.17801706314763094	-0.17834709396076892	0.05110258073719956	0.11267753712389734	0.19546838605878797	-0.1376956047755069	-0.01915212398946612	-0.1624956683245072	-0.19011026400203587	0.08291232490758554	-0.08291232488411886	-0.19011026402904632	0.16249566826534168	0.019152124001998873	0.13769560474788764	0.19546838612522185	0.11267753710900393	0.051102580806082744	0.1783470938801415	0.1780170631457626	0.050488001732509925	-0.11310870309564712	-0.1961332364563296	-0.13951235401524498	-0.016402960005729512	-0.16071329669249895	0.1908664625037255	0.08546942277606685	0.08066404420771806	-0.1898208711434933	-0.16497314577742508	0.02390817233390104	-0.13484269523087078	0.20403974214398907	0.14487921524257155
-0.13427916944722507	-0.20241422748716562	0.16171724517017352	-0.02781004089336634	0.12187526229702342	-0.19666170985812403	0.15042654461202373	0.011442096786698774	0.13450425064743934	0.19710370580494432	-0.13755288539568533	-0.007266289112089579	0.14752598153137475	-0.19610251721560099	0.12271088337304206	-0.02707818179485907	-0.15993655804816576	0.1928151821585527	-0.10496112811070095	0.04870424007468003	-0.17172701609318888	0.18683377208259622	0.08478515190957424	-0.0702915010357092	0.18216558935485558	0.18216558938681918	0.07029150102027706	0.08478515191754366	0.18683377198971393	-0.17172701614649075	-0.04870424009129331	0.10496112825017284	-0.19281518208386678	-0.15993655801162532	-0.027078181867026086	0.12271088354154512	0.1961025172553847	0.1475259815805433	0.007266289271250681	0.13755288505907554	0.19710370565040725	-0.13450425076468073	0.011442097312911383	-0.15042654498852961	0.1966617095179366	0.12187526265242833	0.02781004028832509	0.16171724534881085	-0.20241422796049838	-0.13427916857889205
-0.12322914332668297	-0.1972806235359463	0.18234305262157008	-0.0776613853050579	0.0662647996303156	-0.17495256889150362	0.1909363122878531	0.10550663937242283	0.03601622823204092	0.15823571500789288	-0.19591135964610185	0.12887121188653028	0.007096157742299236	-0.13924454336119926	0.1967113979861059	0.14852640061754518	0.020440516860083184	0.11861791047338643	-0.19348233323578448	-0.16343406867745378	0.04459763030605681	0.09856679509118685	0.1885612571269101	0.1773711497728287	-0.07178379211643904	0.07178379209393065	0.17737114982862245	-0.18856125706961066	-0.09856679507680863	-0.04459763023813103	-0.1634340687356758	-0.1934823333274968	0.11861791033969425	-0.0204405168225515	-0.1485264005433716	-0.1967113982116178	-0.139244543278948	-0.0070961576945872485	0.12887121154239672	-0.19591135955485792	-0.15823571509283915	0.03601622825750717	-0.10550663981240128	0.19093631239213427	-0.17495256846420748	-0.06626479999496575	-0.07766138486947448	-0.18234305289336236	0.19728062403795066	0.12322914247673378
-0.11183089219511637	-0.18883175863800514	0.19602040697485146	-0.12234557850537753	0.0038746534036443077	-0.1279158093711157	0.19438128978425454	0.1731755819188599	-0.07371747952312066	0.059052548037489466	-0.16496344741835595	0.19591574795058214	-0.13777525659476256	0.01690750413966542	0.11166642309744569	0.18921603413683968	0.18011247553988474	-0.08831310026132196	-0.044137590540153565	-0.1561851733573001	0.19594675438579162	-0.14502650281048796	-0.027227079606007513	0.10303361949678129	-0.1867312777959124	-0.18673127782293245	-0.10303361948879121	-0.02722707965271159	-0.1450265027332712	0.19594675441081189	0.15618517343915955	0.04413759047302736	0.08831310030061305	0.18011247546225556	0.1892160341459349	0.11166642322883157	-0.016907504243244813	-0.1377752566528105	-0.1959157475277478	0.16496344752662156	0.05905254826192586	0.07371747969459173	0.1731755822775229	-0.19438128966550805	0.1279158089891322	0.003874653831543601	0.1223455782051759	0.19602040729233394	-0.18883175911941635	-0.11183089136700491
-0.1001955211492681	-0.17734430466100257	0.20237114345198715	-0.15898247043428795	-0.05893239821795553	-0.062431227459357856	0.16021496395302667	0.19763899438160798	-0.16044767598288437	-0.06258738530605995	-0.05894563135571411	0.15807526042975148	-0.1971148313006575	0.16111990201172846	-0.06368076105751924	0.05808965060689661	0.15756648982538612	-0.19640385076335312	0.15937908999733777	0.06054274360689606	0.06192811944026723	-0.16052598940959578	-0.19725760284139898	-0.15869058257328636	0.06039354390017483	-0.060393543870147774	-0.158690582633065	0.19725760279505236	0.1605259893748351	-0.061928119531290717	0.060542743607826015	0.1593790901292114	-0.19640385065947505	-0.1575664897936851	-0.05808965071161479	0.06368076110984282	0.1611199020433395	0.19711483128413526	0.1580752601095719	-0.05894563158321836	0.06258738507986009	-0.1604476763613185	-0.1976389946031365	0.16021496366554644	-0.062431227232406135	0.058932397732206536	-0.15898247026403522	-0.20237114377807935	0.17734430508241622	0.10019552033846031
-0.08843189631300587	-0.1631487544572833	0.2013155471240888	-0.18526659884938357	-0.11579638358834579	0.011975641144397895	0.09522118785050589	0.17300058234019516	-0.19729854473736047	-0.16049055048147826	0.07389794163468313	0.03564436111206589	-0.13407023173774335	0.19065033542939583	-0.18758729297538393	-0.12566635333171688	-0.02417339201177984	-0.08497515490838353	0.1671696034383849	0.19610036517871476	-0.16235986827845406	0.0767510967169133	-0.03315702730440617	-0.13244625950802075	0.19064193840671864	0.1906419384289163	0.132446259507904	-0.033157027234720075	0.07675109665178867	-0.16235986824996276	-0.19610036526714456	-0.16716960345715304	0.0849751547755235	-0.024173391943692776	-0.1256663532107211	-0.1875872931655554	-0.19065033534567427	-0.1340702316106265	-0.03564436103646619	-0.07389794141030616	-0.1604905503926066	0.197298545245544	0.17300058235885984	-0.09522118745639137	-0.011975641142508004	-0.11579638307973815	0.18526659881450724	0.20131554743342828	-0.1631487547922487	-0.08843189551796038
-0.07666325342054191	-0.14666249127570255	0.1931420953489461	-0.1997205566568533	-0.16114282868608018	0.08466782505258749	0.012041730211128067	0.10562955813972755	-0.1731113659034378	-0.19776607227868465	0.17340412662426027	-0.10598378825939743	0.01219900944647371	0.08460592745984809	-0.16019835412007202	-0.19549408462298967	-0.18139017919851402	0.12118441903029134	-0.029930118210739706	0.06920800102049605	-0.1508142858056548	0.1939239281776453	0.18777949290869989	0.13470949832517912	-0.04879178071824802	0.048791780672230174	0.1347094983960074	-0.1877794928900212	-0.19392392811864784	0.15081428588063292	0.06920800107020861	-0.029930118334357624	0.12118441903886848	0.1813901790887592	0.19549408460121023	0.16019835431262525	0.08460592732112554	-0.012199009619569646	-0.10598378807248496	0.17340412653452758	0.19776607237817312	-0.17311136636450108	-0.1056295579198742	0.012041729781011052	0.08466782480063115	0.1611428281978842	-0.19972055677186837	-0.19314209564926454	0.14666249151948346	0.07666325264826049
-0.06502370857298795	-0.12837195124235798	0.17847560795928002	-0.2017713935305409	-0.19075552590857847	0.14550595367490834	-0.07345638426974822	0.012255625196487806	-0.09550375695152655	-0.16041108026912523	0.19449269715063247	-0.19111669284762642	0.15083158419431178	-0.08131881634132268	-0.004020693790731646	-0.08859047091019452	-0.1557742851600473	0.1921811618360901	-0.19035195836136898	-0.1503975818740435	0.08019004599471016	0.00607850878831824	0.09090682381920352	0.15755851444795368	-0.19385545186449185	-0.19385545188600675	-0.15755851445938782	0.09090682373585948	0.006078508836660618	0.08019004591608757	0.1503975819423957	0.19035195846891045	-0.19218116168596894	-0.1557742851070395	-0.08859047102076677	-0.004020693852556452	0.08131881642999852	0.15083158431971894	0.19111669253928049	-0.19449269728360138	-0.16041108052588687	0.09550375718050484	0.012255624762414676	0.07345638464342663	-0.14550595317286166	-0.19075552545973637	0.20177139378843087	0.17847560827686088	-0.12837195142797406	-0.06502370785685166
-0.05366480234132764	-0.10884492874480198	0.1582976525835285	-0.19186636709802307	-0.20232225552958544	0.18646126736546548	-0.14541653401082735	-0.08434760818748749	0.011574936289876738	-0.06270538247420626	0.12794208838585422	-0.17477546001028027	0.1964026859674263	-0.189580621024874	0.1551324210763155	0.0978876033636843	0.026056139897250176	0.04989159646238086	-0.11870525044514627	-0.17001833391668933	0.19599268557513055	-0.1927089793349869	-0.1609927577109458	-0.10625301482535456	0.0370331451997309	-0.03703314515114271	-0.10625301489765983	0.1609927577105849	0.1927089792574816	-0.195992685626981	-0.1700183340257137	-0.11870525038702452	0.049891596287644994	-0.026056139850842524	-0.09788760319642592	-0.15513242116004158	-0.18958062098145442	-0.1964026859817174	-0.17477545978933476	0.12794208872113735	0.06270538279295611	0.011574936412369332	0.08434760876889946	-0.14541653423606926	0.1864612666304412	0.20232225512968385	-0.19186636748083727	-0.15829765294872802	0.10884492892707448	0.05366480172910218
-0.04270927305984549	-0.08861003998725543	0.13370685509930622	-0.17112965223699725	-0.19524509732019862	0.2022672216255442	-0.19053629674823352	-0.1605876679963395	0.11501414382414162	0.05814115409117906	0.004450852115584934	-0.06651130493252685	0.12175901356935814	-0.16452029503867305	0.1903105558268741	0.19630927448511773	0.18168623208427592	-0.14774818567502704	0.09788760939631527	0.03732436680917394	0.027372927376526544	-0.08901530364170092	-0.14080027083035307	-0.1774956816419774	0.1962635124297332	0.19626351246828178	0.17749568167919294	-0.14080027071549625	-0.08901530364410962	0.027372927524206295	-0.03732436677325631	-0.09788760956559932	0.14774818573134124	0.18168623201987041	0.19630927439070994	0.1903105559304346	0.16452029484966998	0.12175901348012676	0.06651130498320863	-0.004450852561856403	0.05814115382310085	-0.11501414430955954	-0.16058766862782411	0.19053629676309258	-0.2022672207031822	-0.1952450969664029	0.17112965270825561	0.13370685552774317	-0.08861004021310548	-0.0427092725929498
-0.03229135260852789	-0.0682491649373244	0.10607035779870436	-0.14160814593952112	-0.17118169425986024	0.19184236116591996	-0.2014940442727178	-0.1989652706340391	0.1840313107744575	0.15738619117360597	-0.12056751607303602	0.07583879963867717	-0.02603531750046646	-0.025619149151015347	0.07571634763264591	0.12087974784597394	0.1579841179197264	-0.18437028747047862	0.19804900569840544	0.19789124222454063	-0.18380108509081758	0.1568483768599448	0.1192829486749101	0.0742640166601491	-0.025164282726337583	0.025164282656850473	0.07426401674762685	-0.11928294873522219	-0.1568483767651802	0.18380108501588663	0.19789124229692326	0.19804900581303542	-0.18437028739929348	-0.15798411791578384	-0.12087974786758066	-0.0757163476074749	-0.025619148906665258	0.026035317619107098	0.07583879927551773	-0.12056751565331982	-0.15738619105009224	0.18403131151193275	0.19896527119514698	-0.20149404407543248	0.19184236016434386	0.17118169396086427	-0.14160814644710634	-0.106070358271372	0.06824916521160325	0.03229135229727701
-0.022626864391820923	-0.04852230516705768	0.07714864428490802	-0.10631836877391945	-0.13402833784082785	0.15854739795492132	-0.17843159449560198	-0.19253657676336142	0.20002632596182268	0.20037712410088152	-0.1933766757718645	0.1791184817605347	-0.157991392813492	0.13066457028604725	-0.09806821167828725	-0.061370414669383026	-0.021950355854869402	-0.01863225839270369	0.05867327262654837	0.09637313582536403	-0.12991984161508136	0.15764603002170285	0.1783094105058878	0.19147152233646317	-0.19764872524448437	-0.1976487252040713	-0.19147152232140316	0.17830941048789664	0.15764603007052563	-0.12991984167016776	-0.09637313578576248	-0.05867327252504104	0.018632258390057995	-0.021950355670082286	-0.06137041455168355	-0.09806821194575471	-0.13066457056588612	-0.1579913929268001	-0.17911848117275284	0.19337667541608344	0.20037712409443512	-0.20002632676294393	-0.19253657720834366	0.17843159420271973	-0.15854739704001877	-0.13402833759654764	0.10631836922349001	0.07714864472737204	-0.04852230544941574	-0.022626864218276605
-0.014013164972473678	-0.03037740956482133	0.04911590671111377	-0.06926032208343699	-0.08994006205545232	0.11040202492036977	-0.12999275615867925	-0.14814516880154582	0.16436874175564703	0.17824204155766568	-0.18940719076275964	0.1975660648401984	-0.20247791665678821	0.20395835428620088	-0.20187984748849097	-0.19617411705830132	-0.18683695755867016	0.17393654719651627	-0.1576274387780027	-0.1381733073971802	0.11597937576965242	-0.0916251947480742	-0.0658627424200563	-0.03950437455232854	0.013137796315133426	-0.01313779625078089	-0.03950437466141808	0.06586274247740015	0.0916251946056928	-0.11597937566403141	-0.13817330752409884	-0.15762743897173775	0.17393654707381184	0.18683695732593408	0.1961741169791484	0.2018798478873673	0.20395835448093305	0.20247791668751805	0.19756606423751952	-0.18940719054393176	-0.1782420416521486	0.16436874243536143	0.1481451690841079	-0.1299927558522139	0.1104020242103088	0.08994006188052875	-0.06926032242923047	-0.049115907072905904	0.030377409812228067	0.014013164901801633
-0.00663890527593787	-0.014490983390084795	0.023678981563481354	-0.03387229963778285	-0.04479282079372783	0.05621747223477507	-0.06796456313454975	-0.07988332990437245	0.0918458144715277	0.1037402093047789	-0.11546525401375705	0.12692533030163025	-0.13802586282835666	0.148668665882825	-0.15874700242136333	-0.16814011943740062	-0.17670717226400579	0.18428081916734612	-0.19066270804898824	-0.1956274905243528	0.19895104708740202	-0.20049156673748844	-0.2003591220193193	-0.19915530425434957	0.19802318267088004	0.19802318274275255	0.19915530438919196	-0.20035912192506192	-0.20049156656670247	0.19895104711149197	0.19562749073451793	0.19066270817509784	-0.18428081894124718	-0.17670717204880396	-0.16814011943656662	-0.1587470027856365	-0.14866866601793582	-0.1380258628000945	-0.12692532986932814	0.11546525387854044	0.10374020939825089	-0.0918458149001478	-0.0798833300756641	0.06796456294881908	-0.056217471822631204	-0.04479282067013603	0.033872299810166207	0.023678981776599762	-0.014490983557970072	-0.006638905274947183
