-0.0066389276637640006	0.014491029794182056	0.023678998584389245	0.033872265566579934	-0.044792782280855	-0.05621746517071167	0.0679645877145106	0.07988335802024342	0.0918458171951614	-0.10374018939974712	-0.11546523578256108	-0.12692533463899075	-0.1380258799373916	0.14866867159940642	-0.15874699200819595	0.16814011297059778	-0.17670717623793164	-0.18428081981613237	-0.19066271068744065	0.1956274960744464	0.19895104111440268	-0.20049155734466445	-0.20035912674853248	0.1991553182677268	0.19802317239011075	-0.19802317239267822	0.1991553182835676	0.20035912673978892	-0.20049155733303248	-0.19895104110408404	0.19562749612609565	-0.1906627106543297	-0.1842808198018218	0.17670717624365867	-0.16814011294556697	0.15874699200663003	-0.14866867167122683	-0.13802587996883328	-0.12692533464808858	-0.1154652356959308	0.10374018929874769	0.09184581725583704	0.07988335804499123	-0.06796458778014376	-0.05621746512981094	0.044792782348541574	0.033872265515896664	-0.023678998609491294	-0.01449102969301658	0.006638927665595293
-0.014013208016856508	0.030377501077451602	0.04911593855589657	0.06926025361853118	-0.08993998941035239	-0.11040201530779334	0.1299928036681566	0.14814521771778957	0.1643687427524494	-0.17824200579583857	-0.1894071621713728	-0.1975660743775466	-0.20247794441450798	0.2039583634122303	-0.2018798330996721	0.1961741061487082	-0.18683695904577438	-0.17393654919602386	-0.15762744544210777	0.13817331247660286	0.11597936736015274	-0.09162518702568934	-0.06586274783450363	0.03950438053357001	0.013137795109937558	0.0131377951096142	-0.03950438053687369	-0.0658627478321484	0.09162518701977065	0.11597936736209286	-0.13817331250540865	0.15762744541552065	0.17393654918564982	-0.18683695904858638	0.1961741061052434	-0.20187983310011046	0.20395836351502988	0.20247794446528397	0.19756607440271992	0.18940716204469493	-0.17824200562735454	-0.16436874284074288	-0.14814521774408226	0.12999280378345351	0.1104020152308638	-0.08993998955074353	-0.06926025352795513	0.04911593862143148	0.030377500869925553	-0.014013208016485467
-0.02262692387813163	0.048522437383140375	0.07714868523443212	0.10631826523352549	-0.13402824011993944	-0.15854739586396444	0.17843166445723935	0.19253663550177036	0.2000263172376711	-0.20037707668755728	-0.1933766474312937	-0.17911849847493372	-0.1579914234252488	0.13066457834641823	-0.0980681970936955	0.061370399340555104	-0.02195035164558416	0.018632248130635864	0.05867325895818878	-0.0963731395321142	-0.129919855048842	0.1576460306886122	0.17830939896412382	-0.19147152324218714	-0.19764872876578374	0.1976487287640887	-0.19147152325640926	-0.17830939895957262	0.1576460306802851	0.12991985503008255	-0.0963731395599955	0.058673258944894134	0.018632248136636154	0.021950351633027058	-0.0613703993044814	0.09806819709660378	-0.13066457841520848	-0.15799142348229953	-0.17911849853027306	-0.19337664733169346	0.20037707650738207	0.20002631730688597	0.19253663548915223	-0.1784316645759921	-0.1585473957586861	0.13402824035605782	0.1063182651322441	-0.07714868535562325	-0.048522437055070325	0.022626923875732226
-0.032291422905978674	0.06824932978302403	0.10607039869613206	0.14160800740582674	-0.17118158329036445	-0.19184237739789783	0.20149413430327762	0.19896532713609957	0.1840312867014186	-0.15738613894865405	-0.12056749766442679	-0.07583882238164465	-0.02603534198174486	-0.02561914671734836	0.07571635926641795	-0.12087976184111113	0.15798412198005693	0.1843702713988917	0.19804899641841792	-0.19789125429532994	-0.18380109142712858	0.15684836975420574	0.1192829461365043	-0.07426402073162508	-0.025164281807284243	-0.02516428180560425	0.07426402074211962	0.11928294613168934	-0.15684836974015132	-0.1838010914222014	0.1978912543332244	-0.1980489963834166	-0.1843702714072119	0.15798412199880527	-0.1208797618370547	0.0757163592664283	-0.025619146727506707	0.026035342029475623	0.07583882245441431	0.1205674976296185	-0.15738613881919625	-0.18403128673031946	-0.19896532707586873	0.20149413437877028	0.1918423772726286	-0.17118158362256516	-0.14160800731194934	0.10607039887272672	0.068249329328102	-0.032291422913922216
-0.04270934533089994	0.08861022331481422	0.13370688340602263	0.1711294835191642	-0.19524499258463995	-0.20226726941693382	0.19053640010348646	0.16058770519388185	0.11501409812665013	-0.05814110494181233	0.00445085160480846	0.06651127638322443	0.12175899950802707	-0.16452030106901686	0.19031056647059585	-0.19630928310212395	0.18168622791915945	0.14774817042311703	0.09788761226442182	-0.037324379305983195	0.027372930772975826	-0.08901531175716974	-0.14080026529822515	0.17749568029548318	0.1962635142591985	-0.19626351424706462	0.1774956803004397	0.1408002652987344	-0.08901531176121798	-0.027372930758919604	-0.03732437929783631	0.09788761225632503	0.1477481704267686	-0.1816862279346245	0.19630928307061765	-0.19031056647006397	0.16452030112682972	0.12175899948151868	0.06651127633672069	0.004450851575951885	0.05814110490626285	0.11501409810624412	0.1605877051092573	-0.1905364001175755	-0.20226726927988478	0.19524499296135894	0.17112948343324558	-0.13370688365202352	-0.08861022275668196	0.04270934536564469
-0.05366487174723773	0.10884512087390148	0.1582976593811141	0.19186617529611583	-0.2023221731669446	-0.18646135142806058	0.14541663855996215	0.08434761423220073	0.01157487331911089	0.06270541743200275	0.1279420677667513	0.1747754327919255	0.19640268446234513	-0.1895806322464968	0.1551324288022948	-0.09788760318357483	0.02605612866025173	-0.04989159996228007	-0.11870523988010208	0.17001833335560884	0.19599269158581012	-0.19270897798465486	-0.1609927554632385	0.10625301738301961	0.03703314313308773	0.03703314312112052	-0.10625301740448811	-0.16099275546020772	0.19270897797020908	0.19599269158052482	-0.17001833339364797	0.11870523984778451	0.04989159997259618	0.026056128670504095	-0.09788760315784964	0.15513242878255343	-0.18958063228760808	-0.19640268448516013	-0.1747754328180725	-0.1279420676884673	0.06270541735381698	-0.01157487325136622	-0.08434761415071601	0.14541663851339198	0.18646135129074431	-0.2023221735202723	-0.1918661752220091	0.15829765971427975	0.10884512023250495	-0.0536648718057435
-0.06502377025480802	0.12837214309091055	0.1784755876795123	0.20177119038756966	-0.19075548038364118	-0.1455060704329721	0.07345647297205411	-0.01225565713515418	-0.09550382634960523	0.16041109152651087	0.19449266134457824	0.1911166739791659	0.15083159349370293	-0.08131882940427046	-0.0040206892180654225	0.08859047966326068	-0.1557742973584533	-0.19218115196159105	-0.19035194902168287	0.15039759088490673	0.08019004855579119	0.006078515318459841	0.09090682101220397	-0.15755851417403224	-0.1938554526152688	0.19385545261065654	-0.1575585141899609	-0.09090682100861544	0.006078515318138615	-0.08019004856637031	0.15039759089781493	-0.19035194899770458	-0.19218115196233682	0.1557742973475537	-0.08859047967376762	0.0040206892606641734	0.0813188293916847	0.15083159356022802	0.1911166740804475	0.19449266126789985	-0.16041109136728407	-0.09550382642767072	-0.012255657178532926	-0.07345647286024408	-0.14550607030001966	0.1907554806659161	0.2017711903368329	-0.17847558809225803	-0.1283721423839968	0.06502377035532778
-0.07666330485696744	0.14666267741784542	0.19314204699286558	0.19972035591544082	-0.16114282796682466	-0.08466796106039119	-0.0120416744731165	-0.10562962341110611	-0.17311142336981225	0.19776605529254668	0.1734040884602634	0.10598378507244653	0.012199024678642487	0.08460591909117161	-0.16019835597027154	0.19549409633184986	-0.18139018114605576	-0.12118440543055325	-0.029930120747763307	-0.0692079935285437	-0.1508142903746645	0.19392392975121675	0.1877794889066303	-0.13470950131354645	-0.04879177993848775	-0.04879177992863025	0.13470950134206985	0.18777948888735516	-0.19392392974216785	-0.15081429038229396	0.0692079935408936	0.02993012078178525	0.12118440540120914	-0.18139018113880298	0.19549409632592413	-0.16019835599667173	0.08460591915110283	-0.012199024723408496	-0.10598378519756912	-0.1734040884616992	0.1977660551348993	0.17311142340028499	0.10562962338084884	-0.012041674645976318	0.08466796093840294	-0.16114282815049674	-0.19972035589379977	0.19314204745578362	0.14666267667096503	-0.07666330504212593
-0.08843193826170717	0.16314893248962706	0.20131547086889412	0.18526641186349366	-0.11579642860347053	-0.011975779055331516	-0.09522117576437693	-0.1730006678515114	-0.19729857566936468	0.16049051148990578	0.07389791524292154	-0.03564434844517731	-0.13407021694767646	0.19065033376326235	-0.1875873002080644	0.12566636109047505	-0.02417338238361119	0.08497516014395522	0.16716959318633703	-0.19610036725473	-0.1623598727296039	0.07675109128755114	-0.033157025534263904	0.13244625839642243	0.19064193973264584	-0.19064193971885773	0.13244625840427843	0.03315702553302679	0.07675109128296674	0.16235987272521302	-0.19610036726718041	0.16716959315617408	0.08497516017215073	0.02417338240240941	-0.1256663610695715	0.18758730020283518	-0.19065033383792254	-0.13407021695153026	-0.035644348353733764	0.07389791531956409	-0.16049051138652534	-0.19729857563087294	-0.17300066775554496	0.09522117596310248	-0.011975778967083255	0.11579642866703406	0.18526641188635876	-0.20131547137799455	-0.16314893171320768	0.08843193851754833
-0.1001955530835439	0.1773444713473385	0.20237104149534926	0.15898230902410704	-0.05893248448189232	0.062431107813892314	-0.16021499941045866	-0.19763908092940383	-0.16044767162445253	0.06258733859952151	-0.05894563427548714	-0.15807523730167392	-0.1971148241255469	0.16111990763648681	-0.0636807685881708	-0.058089653298952944	0.1575665012566455	0.19640384196730512	0.15937908487762287	-0.06054275248336073	0.06192812305876754	-0.16052599376977258	-0.19725759700073422	0.15869058572912434	0.06039354464536348	0.06039354462354058	-0.1586905857793858	-0.1972575969732556	0.16052599376342985	0.061928123085016745	0.06054275249060834	-0.159379084894414	-0.19640384193349616	0.15756650123631097	-0.05808965334066849	-0.06368076858343893	0.1611199076961414	0.197114824159068	0.1580752372899889	0.058945634189973825	0.06258733858475175	0.16044767154360332	0.19763908078563072	-0.16021499955783108	-0.06243110784639519	-0.05893248439583305	-0.15898230910301064	0.20237104206547266	0.1773444705544616	-0.10019555337422205
-0.11183091670579025	0.1888319128925936	0.19602028084520756	0.12234544895222368	0.0038745369179222456	0.12791572465638895	-0.19438136614018836	-0.17317565123838838	-0.07371744536957046	-0.05905258319282653	-0.16496342596470773	-0.1959157259312814	-0.1377752593823104	0.01690751199450736	0.11166642044472809	-0.18921604393938066	0.18011247674056935	0.08831308648491284	-0.04413758492119123	0.15618517067324025	0.19594676301234765	-0.14502649969382292	-0.027227079986263034	-0.10303361593079251	-0.18673127861618213	0.18673127859859834	-0.10303361593830386	0.02722707998436012	-0.14502649970243803	-0.19594676301193847	0.1561851706814786	-0.04413758489917124	0.08831308643041146	-0.1801124767441082	0.1892160439338246	-0.11166642042434356	-0.016907511993484264	-0.13777525943658436	-0.19591572603318727	-0.16496342592331387	0.059052583116639606	-0.07371744524591187	-0.1731756510555025	0.1943813661946236	0.12791572462847361	-0.003874537121439296	0.12234544911121267	-0.19602028144578432	-0.18883191208989483	0.11183091704543818
-0.12322916216107821	0.1972807631650332	0.18234290399476558	0.0776612919288365	0.06626466730984536	0.174952532765219	-0.19093641761476152	-0.10550667844870816	0.03601627777152208	-0.15823572302260844	-0.19591132155826252	-0.12887120067859228	0.007096147755758834	-0.13924453905180692	0.19671140287963934	-0.1485264089532102	0.020440505630343074	-0.11861791537338957	-0.1934823237888928	0.1634340761637464	0.04459763275122903	0.09856679983833773	0.18856125169246168	-0.17737115175526352	-0.07178379231711206	-0.07178379229111416	0.17737115181656932	0.1885612516459708	-0.09856679983303275	0.04459763270667457	-0.16343407619826567	0.19348232380232552	0.11861791536433029	0.020440505638855275	-0.14852640886847343	0.19671140286381777	-0.1392445391147254	-0.007096147682099168	0.12887120085199152	0.19591132157052296	-0.158235722901172	-0.0360162779317956	0.10550667826546702	-0.19093641756741006	-0.17495253267434518	0.06626466757856352	-0.07766129217044188	0.18234290457626126	0.19728076236503633	-0.12322916258208737
-0.13427918475843403	0.20241434993703386	0.1617170746387756	0.027809983448123073	0.12187513181879198	0.19666173076432084	-0.15042666358198375	-0.011442102551261615	0.13450429461750493	-0.1971036800031582	-0.13755284502907592	0.007266285945036452	0.14752597190402128	-0.19610251995818775	0.1227108926357326	0.027078182950091362	-0.15993657223626198	-0.19281517364446735	-0.10496112652502314	-0.04870423099554671	-0.1717270223055567	0.18683377056349965	0.08478515045337712	0.07029149811276152	0.18216559019191797	-0.18216559017057857	0.07029149811598144	-0.08478515044236815	0.18683377057662653	0.17172702230769663	-0.04870423098658151	-0.10496112654377558	-0.19281517361187103	0.1599365722469749	-0.027078183015881788	-0.12271089262939879	0.19610251999774053	0.14752597186176478	0.007266285813819171	-0.13755284511605578	0.19710367992237182	0.13450429475127118	-0.011442102427417718	0.15042666340144245	0.1966617306033471	-0.12187513214719262	0.02780998374598712	-0.1617170752082373	-0.20241434916338288	0.13427918522642604
-0.1448792291001261	0.20403984261275573	0.13484250221441701	-0.023908197634752666	0.16497303719583373	0.18982095332779791	-0.08066416195895085	0.08546944279739735	0.19086647943090546	-0.1607132415240901	-0.016402931951338903	0.13951234123530357	0.19613323480515976	-0.11310871146461128	-0.050487996111445006	0.1780170744118821	-0.17834709865900725	-0.0511025691699871	0.11267752723086255	-0.19546838603277095	-0.1376956097300483	-0.019152129408681245	-0.16249566440905908	0.19011026546315438	0.08291232475828175	0.08291232473752579	-0.1901102655146241	-0.16249566436451085	0.019152129408552043	-0.13769560968565395	0.1954683860676439	-0.11267752722390591	0.05110256915812291	-0.1783470986662154	0.1780170743984268	-0.050487996113156866	-0.11310871146873833	-0.1961332348320598	-0.13951234119832553	0.016402932074803523	-0.16071324150283453	-0.1908664794983113	-0.08546944284638586	-0.08066416167757075	-0.1898209531310759	0.16497303754239914	0.023908197298881443	0.13484250274774265	0.204039841880994	-0.1448792296107315
-0.154934359449649	0.20204501800200295	0.102701374781814	-0.07401304957483444	0.19106545086748855	0.155343295325177	0.0048178407822978215	0.16092109431419707	0.18739440455869724	-0.06290092954033331	0.11224610184366396	0.1968233826055392	0.12257705381134139	0.050594973217713314	-0.18281229473192953	0.16712275942537688	-0.016133842527263687	0.14784707267875422	0.19170263572882104	-0.0796856692237717	0.09714477535783658	-0.19491363426338434	-0.1342988009947503	-0.03528954621765985	-0.17696163475764745	0.17696163474298643	-0.03528954621093727	0.13429880098098756	-0.19491363426600478	-0.09714477537040948	-0.07968566922866134	0.19170263574195595	0.14784707270789985	0.01613384252620527	-0.1671227593807055	0.18281229468855084	-0.05059497318890862	0.12257705386724493	0.19682338265194743	0.11224610179081437	0.06290092954717916	0.18739440456849613	0.16092109430656504	-0.004817841075851041	0.15534329515019116	-0.19106545114704043	-0.07401304919624654	-0.10270137521712329	-0.2020450173157867	0.1549343600515669
-0.16435901060664873	0.19640417208765285	0.06652060690774102	-0.11909254928934616	0.1973975289847499	0.0981955609141312	0.08935926452023685	0.19593922444951795	0.12513688925545938	0.05895376166676519	0.18957267164320732	0.14833861659679165	-0.027374950380162695	0.17817955537191865	-0.16717005439923527	0.004298857855038898	0.16238590930967595	0.18114995848478876	0.03482264861779607	0.14316133323008584	0.1902884821420837	-0.06351989262367858	0.12146922080489062	-0.19647384926474853	-0.09373365072774399	-0.093733650740615	0.1964738492330666	0.12146922082245455	0.06351989260513366	0.1902884821776094	-0.14316133323451558	-0.03482264868179717	-0.18114995846009785	0.16238590930536045	0.004298857759790975	-0.16717005433523566	0.17817955536470834	0.027374950287259458	-0.14833861675548476	-0.18957267165273584	0.058953761613239265	-0.12513688913500326	-0.19593922437851452	0.0893592648539175	-0.09819556077645118	0.19739752922807777	0.1190925488723096	0.06652060731457109	0.1964041714597709	-0.16435901122688537
-0.17307279945607906	0.18716853966333707	0.027706129268924205	-0.15605981155056325	0.18326605401221926	0.026692801985264806	0.15642958426266354	0.18167593107575764	0.023593319952491375	0.1582409087955613	0.18019260353472133	0.020087959473272233	-0.1602628272147585	0.17850901225221721	-0.01618118161715483	-0.16242112383503005	0.17636869967771884	0.011491375631112494	-0.16491194158152603	0.1736489523925194	0.005822107854193593	0.16796887557903814	0.17126802103323246	-0.0008250419562771334	0.17113030639246415	-0.17113030640255222	-0.0008250419658889246	-0.1712680210420744	0.16796887558025675	-0.005822107844897392	0.1736489523949535	-0.16491194154165892	0.011491375610692729	-0.17636869969315472	0.16242112389098454	0.016181181561691956	-0.1785090122192559	-0.1602628271315862	0.02008795964477546	0.18019260362916895	-0.15824090874733474	0.023593319760837672	0.1816759309897736	-0.15642958456561357	0.0266928018992939	-0.1832660541507286	-0.156059811099457	-0.027706129634918752	-0.18716853911228906	0.1730728001105207
-0.18100327359610624	0.1744693395719196	-0.012211187954814783	-0.1823690104651354	0.15010363232325602	-0.048713425015590096	0.1928800483380758	0.12167961375989664	-0.08536284654770097	0.1969440906554439	0.08837436101453615	-0.11895845662421455	-0.19319882154982854	0.05130732331115407	0.14791402464038308	-0.18140141852784183	0.01164610002921236	-0.1710215015950266	-0.16164960597308559	-0.02922104888592654	-0.1871401635415597	0.13468632535559275	-0.0692695037251961	0.19624569598926486	0.10420570515239026	0.10420570513815798	-0.1962456959977646	-0.06926950371235338	-0.13468632536997646	-0.18714016352121135	0.02922104889148959	0.161649605959724	0.17102150163246446	0.01164610001842541	-0.18140141854108438	0.14791402465668196	0.05130732329944396	0.1931988215018011	0.11895845648274589	-0.08837436115332815	0.19694409062218138	0.08536284677360445	-0.12167961365667486	0.19288004857992994	0.048713425080818454	0.15010363235971724	0.18236901002876174	-0.012211187574205693	0.1744693391358023	-0.18100327421706622
-0.18808555236460586	0.15851354764446804	-0.051640327762373095	-0.19619430670880864	0.10132992629508149	-0.1169792475494181	0.19154800886381312	0.03103454754360411	-0.16748687628577164	0.16021528000404495	-0.04388704785852977	-0.1939958512005688	-0.10562037214303674	-0.11255642169746549	0.19219887336643995	-0.03535128512991134	-0.16487016772630933	-0.1618690863234704	0.040596372173998675	-0.19281625124740417	-0.10702833088010323	-0.11091171182469439	-0.19232939079252628	0.03686193992075595	-0.16468415594169059	0.164684155952387	0.03686193993445151	0.19232939078405334	-0.1109117118171439	0.10702833085561764	-0.19281625127715693	0.040596372155352056	-0.16186908633352587	0.16487016773790034	0.035351285109162106	-0.19219887334437846	0.11255642167638462	-0.10562037215031105	-0.19399585115363338	-0.04388704775362553	-0.16021527998304036	-0.16748687647365387	0.03103454744118852	-0.19154800900700564	-0.11697924760462582	-0.10132992625325571	-0.19619430634989984	0.05164032735723415	-0.1585135473365439	0.18808555290089907
-0.19426303767376268	0.1395796221029959	-0.088997852936679	-0.1965638104964997	0.04200410412399372	-0.16808915624719648	0.1526740393084391	-0.06742828880625462	-0.19694116411050888	0.06210051484067056	-0.15605684368042427	-0.16463568285218222	0.04784746266532985	-0.19597462862246903	0.08077622191196777	0.14286504271112727	-0.17428097891341593	0.028690889108961254	0.19285208081764427	-0.09725458355403872	0.12926871779327787	-0.18164945921891507	0.010713125695691663	-0.18943215810969574	-0.11428894783917622	-0.1142889478334607	0.1894321580981536	0.010713125699240772	0.1816494592261642	0.12926871780650515	0.09725458357769655	-0.19285208080081936	-0.028690889112943367	-0.17428097892163916	0.14286504272904438	0.08077622186893743	-0.19597462856087994	-0.04784746261995958	0.16463568290699063	0.15605684366875913	0.06210051483583808	0.19694116421385177	0.06742828889658276	0.15267403932930534	0.16808915629742247	0.04200410403198092	0.1965638102558224	-0.08899785249932396	0.1395796219342474	-0.19426303809733544
-0.19948652733014136	0.11800923856174277	-0.12277715067835743	-0.1834328382415403	-0.02170001093769539	-0.1945312354649196	0.08386234640656769	-0.14889083697849081	-0.16444606681612686	-0.05981353664572014	-0.19676900157429333	-0.04666306048380592	0.17145602239496338	-0.13931789048517063	-0.09609215868142856	0.19107740449493354	-0.007033827200596169	0.18708661476137953	0.10767875996528035	0.1290232069684307	0.17691331754634904	0.03400076139355357	0.19557130989210406	-0.07162766830027714	0.15763965690273193	-0.15763965691948226	-0.07162766831502528	-0.19557130989078775	0.034000761381318786	-0.17691331752512582	0.12902320698061667	0.10767875997734863	0.18708661476427435	0.007033827195271791	-0.1910774044842051	0.09609215871662656	0.13931789041289622	0.17145602234749235	-0.04666306059812623	-0.1967690016807557	0.059813536638594796	-0.16444606682308158	-0.1488908370310771	-0.08386234631556881	-0.19453123548567627	0.021700011051416328	-0.18343283812812525	0.12277715022399872	-0.11800923851599196	0.19948652765147556
-0.20371488235664034	0.09420057326381416	-0.1516113656556161	-0.15768986743235155	-0.0831396345301276	-0.1924095079526836	-0.0014007270130035351	-0.19280745289814422	-0.08021336937800823	-0.15879832020195506	-0.14736552617103887	0.09642902526574372	0.18806880264554585	0.016922845880197258	-0.19509503054985475	0.06539896631827655	0.1673438012629337	0.13577712965978164	-0.11005961611680165	0.18186701543345482	-0.033633747150593196	0.19603956319324994	0.04879805163521066	0.17626062220579566	0.12394596464433404	0.12394596463696449	-0.17626062220279326	0.04879805165362107	-0.19603956317308108	-0.0336337471809954	-0.18186701545541517	0.11005961610562567	-0.13577712967180788	0.16734380127355605	0.06539896628570452	-0.19509503053469354	0.016922845929401933	-0.18806880261209288	-0.09642902517851902	0.1473655263815121	-0.15879832021647153	0.0802133693259231	0.19280745289199477	-0.0014007271675856412	0.19240950790025904	-0.08313963463539382	0.15768986742674548	-0.1516113652246758	0.0942005732979732	-0.2037148826115067
-0.20691507242804494	0.06859964803847933	-0.17433040665698407	-0.12109570166984655	-0.13590123865008036	-0.1620246664456188	-0.08638886428236367	-0.18809298734505164	0.029259828323077896	-0.1969038938230253	-0.03046447646264969	0.1876061654757689	0.08730899711091372	0.16106376341463474	-0.13600502873153777	-0.11979835282672288	0.17207292410832128	-0.06773033126791903	-0.19228494261557696	-0.009752680738270356	-0.19509140897387836	0.048980082184909894	-0.1807147813689816	0.1039668144664723	-0.15001748525397984	0.15001748528171005	0.1039668144808321	0.18071478137021474	0.048980082191505875	0.19509140895757718	-0.009752680724239009	-0.19228494262568516	-0.06773033126250591	-0.17207292409529967	0.11979835287384535	0.13600502867758882	-0.16106376342369266	0.08730899712059445	0.18760616546255168	-0.030464476709474022	0.19690389385419538	0.029259828396716973	-0.1880929872694908	0.08638886447295452	-0.16202466631912366	0.13590123874625293	-0.12109570176861184	0.1743304062859543	-0.0685996481406647	0.20691507261245526
-0.20906237884807055	0.04169079808966138	-0.19001045508390277	-0.07616331062801754	-0.17447301364585005	-0.10783381988269077	-0.1544206431707314	-0.13592852277111123	0.12952424829219988	-0.15951543005351865	0.1003899220624519	0.17777294980626468	-0.0679440340336224	0.19005885756139201	0.0332967680408251	-0.1959612111893233	0.002351615348897391	-0.19531249537876294	-0.037759324836780614	-0.1882578759432175	-0.07181321065266585	-0.17530677200586567	-0.10377415467701982	-0.15717128488978585	-0.1331414064427935	-0.13314140643767522	0.15717128489210472	-0.10377415469068894	0.17530677199475153	-0.07181321062761938	0.1882578759405833	0.03775932488485554	0.1953124953730602	0.002351615317902053	-0.19596121121168836	0.033296768129731494	0.19005885753551538	0.06794403399459964	-0.17777294988314274	-0.10038992186409218	-0.1595154301053783	-0.1295242483147954	0.13592852265009922	-0.1544206433361824	0.10783381969568631	-0.17447301374182453	0.0761633107759772	-0.19001045481151194	0.04169079822313478	-0.2090623789777463
-0.21014020297310873	0.01398593657840702	-0.19801334233030943	-0.02598449690427999	-0.19482301011198347	-0.03779630520540759	-0.19213952549077087	-0.049470006764578356	0.18902126953245227	-0.06096386651365279	0.18525573541315707	0.07221984527025978	-0.18078917665007063	0.08317479348614874	0.17561364803402946	-0.09376856725652219	-0.16975430698246263	-0.10394647789608065	0.16325633912686055	-0.11369869829554136	0.15627651294740796	-0.123175539378567	0.14914258158687968	-0.13280205340349413	0.14184213272451995	-0.14184213274425128	-0.13280205341544601	-0.14914258158142363	-0.12317553937077452	-0.1562765129450721	-0.11369869829305922	0.16325633911127738	-0.10394647790560933	0.16975430699264082	0.09376856723842332	-0.1756136480983821	-0.08317479344634558	-0.18078917659602065	0.07221984539575481	0.18525573534089076	0.06096386657269982	0.18902126948860212	-0.04947000662900637	0.19213952558889644	-0.03779630498669928	0.1948230102160526	-0.025984497083115687	0.19801334216512914	-0.013985936724640118	0.2101402030417876
-0.21014020534196165	-0.013986142812745322	-0.1980133093100254	0.025984530466015177	-0.19482304640338305	0.03779607608092786	-0.1921395488116447	0.049470046231011186	0.18902123951000577	0.060963947037897974	0.18525572688856384	-0.07221982800595284	-0.18078918644879718	-0.08317477310691335	0.17561365618860764	0.09376857323222022	-0.16975429457068714	0.10394648497748012	0.163256345307573	0.11369869258765496	0.1562765108407498	0.12317554214776098	0.14914258228415783	0.13280205173852241	0.14184213330476017	0.14184213327383863	-0.1328020517172456	0.14914258233198696	-0.12317554214270199	0.1562765108151194	-0.11369869262136927	-0.1632563453025767	-0.10394648494852009	-0.16975429455674415	0.09376857325449833	0.1756136562105162	-0.08317477314065165	0.18078918642874958	0.0722198279104293	-0.18525572694808767	0.06096394697937168	-0.1890212393892054	-0.04947004632650835	-0.19213954881128312	-0.037796076304947246	-0.19482304652464774	-0.025984530286807618	-0.19801330926725688	-0.013986142703872632	-0.21014020533694422
-0.20906238492610513	-0.041690998429978476	-0.19001035822790258	0.07616334114171147	-0.17447311884838335	0.10783362747636165	-0.15442070998194904	0.13592855110564828	0.12952416616743345	0.1595154807264123	0.10038989895048493	-0.17777293740182856	-0.06794406110212013	-0.190058857863335	0.03329678172955789	0.19596120681121548	0.002351636521100752	0.19531249775350182	-0.037759316067237744	0.18825787601401983	-0.07181321311546963	0.1753067714552096	-0.10377415383346267	0.157171285741488	-0.13314140600608873	0.13314140601338478	0.15717128577447742	0.10377415384807202	0.17530677142699583	0.07181321312688353	0.18825787599811136	-0.03775931601995338	0.195312497766592	-0.0023516365142699867	-0.19596120685278615	-0.03329678163072656	0.19005885785834645	-0.06794406109456938	-0.17777293733672686	0.10038989914065961	-0.15951548066313423	0.12952416604821887	0.13592855116460353	0.15442070988840362	0.10783362771148755	0.17447311893643253	0.07616334098749866	0.19001035829552212	0.04169099834296867	0.20906238485432485
-0.206915082034093	-0.06859983593114194	-0.17433025103497754	0.12109572790241621	-0.13590139993281428	0.16202453929833482	-0.08638896264042877	0.18809299989355818	0.029259718232323463	0.1969038914830088	-0.030464501422186353	-0.18760616736907074	0.08730896881437412	-0.16106378159606372	-0.1360050246181574	0.11979834468156675	0.17207292821122538	0.06773032432416956	-0.1922849451600696	0.009752687594502823	-0.1950914068556814	-0.04898008561850192	-0.18071478191314694	-0.10396681246328379	-0.15001748597523773	-0.15001748599328435	0.10396681248163236	-0.18071478192186366	0.04898008561340894	-0.1950914068302352	-0.00975268759423478	0.1922849451810785	-0.06773032432961687	0.17207292817127157	0.11979834467418671	-0.13600502470690065	-0.16106378158449774	-0.08730896883032996	0.18760616740474997	0.03046450124384788	0.19690389141035966	-0.02925971812891753	-0.18809299983651198	-0.08638896252247445	-0.16202453948793188	-0.13590140004235873	-0.12109572786083687	-0.17433025122628582	-0.06859983593581763	-0.20691508182458554
-0.2037148941013155	-0.09420074360356918	-0.1516111586577928	0.1576898878467571	-0.0831398365617916	0.19240946529158587	-0.0014008365012493818	0.19280744952645254	-0.0802134751107593	0.15879825976176795	-0.14736553596265933	-0.09642904605271142	0.18806879691881742	-0.016922863302948853	-0.1950950346918809	-0.06539896485701345	0.1673437866010029	-0.13577714261029158	-0.11005962610055872	-0.1818670090446991	-0.033633744098729615	-0.1960395646676187	0.04879805117640252	-0.17626062235433496	0.12394596416065949	-0.12394596417201977	-0.17626062234292897	-0.04879805113335394	-0.19603956469523914	0.03363374405760584	-0.1818670090459443	-0.11005962609738248	-0.13577714258336807	-0.16734378658330723	0.06539896485271586	0.19509503473993037	0.0169228632684892	0.1880687969809787	-0.09642904613283548	-0.1473655358568327	-0.15879825970164926	-0.08021347511728485	0.19280744936715605	0.001400836372970089	0.192409465435569	0.08313983666942794	0.1576898879268567	0.15161115894505928	0.09420074369198533	0.2037148937695514
-0.19948654041673824	-0.11800938681170853	-0.12277690157659667	0.1834328498724005	-0.02170023524653549	0.19453128696988162	0.08386225256824582	0.14889081567485488	-0.16444613256475393	0.05981344395069858	-0.1967689916010134	0.04666303388308105	0.1714560428786194	0.1393178855413134	-0.09609216552997728	-0.19107739476821492	-0.007033841264421976	-0.18708661966350332	0.10767875896442564	-0.1290232093683596	0.17691331414674819	-0.03400075898668667	0.19557131216797555	0.07162766720751179	0.15763965632970545	0.15763965636066934	-0.07162766723324517	0.19557131216966536	0.0340007589917841	0.17691331412697045	0.12902320937175682	-0.1076787589890301	0.18708661965614448	-0.007033841269692994	-0.1910773947370466	-0.09609216549742461	0.13931788554321092	-0.17145604298358313	-0.04666303380096161	0.19676899167525802	0.059813443910177753	0.16444613246614528	-0.1488908153883823	0.08386225265646755	-0.19453128703191805	-0.02170023538965211	-0.1834328500838678	-0.122776901961215	-0.11800938702075467	-0.19948653995275836
-0.19426304968842273	-0.1395797416436133	-0.0889975755881356	0.19656381420594146	0.042003879639600984	0.1680892991481974	0.1526739859370605	0.06742824572746539	-0.1969411615996152	-0.06210059543733449	-0.15605682599964923	0.1646356713920206	0.04784748999567097	0.19597463492067102	0.08077621439845038	-0.14286503735791817	-0.17428097869516743	-0.02869087778939554	0.19285209000396386	0.09725457387518716	0.1292687128985893	0.18164946247458572	0.010713126817187727	0.1894321580337018	-0.11428894729897457	0.11428894731466673	0.18943215800336746	-0.01071312687026244	0.18164946250814434	-0.1292687128767286	0.09725457387516477	0.19285209000264725	-0.02869087778961231	0.1742809786973701	0.14286503734493539	-0.08077621446665981	-0.19597463486157274	0.047847490060702214	0.16463567134981802	-0.15605682624700845	0.06210059544467384	-0.19694116145348992	0.06742824537347306	-0.15267398594287704	0.16808929907343165	-0.04200387947868102	0.19656381453609068	0.08899757607660688	0.13957974197389583	0.1942630491162555
-0.18808556174282332	-0.1585136327954012	-0.05164003668742134	0.19619430546098066	0.10132972765810194	0.11697945948024883	0.1915480049728309	-0.031034600735172266	-0.16748680760307547	-0.16021531827397067	-0.04388703140274417	0.19399586163291346	-0.10562035891217228	0.11255643188826166	0.19219886730419203	0.035351278101053554	-0.1648701567912239	0.16186910177669878	0.04059637744218519	0.19281624784175044	-0.10702832837241487	0.11091171018333112	-0.19232939393091922	-0.03686193854398996	-0.16468415484910384	-0.16468415487477703	0.03686193856797392	-0.19232939393239326	-0.11091171018072774	-0.10702832834357044	-0.19281624783383486	-0.040596377451305385	-0.16186910181955685	-0.16487015677259317	0.035351278106736085	0.1921988673002699	0.11255643183696101	0.10562035891218544	-0.19399586168790342	0.04388703167990216	-0.16021531826719468	0.16748680746067646	0.031034601034686693	0.19154800488779317	-0.11697945924770395	0.10132972753003379	-0.19619430583503444	-0.051640037274173795	-0.15851363318189912	-0.1880855611567041
-0.18100327762557034	-0.17446938298093678	-0.012210902500496149	0.1823690128766696	0.15010348902520287	0.04871366589309644	0.19288008631276232	-0.12167965455881069	-0.08536274123313921	-0.1969440805629155	0.08837437587669372	0.11895847801219378	-0.19319882673108643	-0.05130731471751334	0.14791402504712137	0.18140140503255867	0.011646108466859222	0.17102150423592877	-0.16164961345377543	0.029221056161990295	-0.18714015618434118	-0.1346863291984115	-0.0692695061773683	-0.19624569565411643	0.10420570478615764	-0.10420570478505338	-0.1962456956158244	0.06926950621325784	-0.1346863292503593	0.18714015617316754	0.029221056167119557	-0.16164961341198178	0.17102150424769927	-0.011646108496366174	-0.18140140505971292	-0.1479140249933685	0.05130731473200818	-0.19319882677259786	0.11895847813257743	0.08837437568027179	0.1969440805685235	-0.08536274114234803	-0.12167965474768797	-0.19288008614263133	0.04871366553834405	-0.15010348890847153	0.1823690132476151	0.01221090314793089	0.1744693834329166	0.1810032770510353
-0.1730727966741851	-0.18716854001064978	0.027706396444053462	0.15605982014274036	0.18326598395511187	-0.0266925709555389	0.15642965189385558	-0.1816759425564284	0.02359342227797389	-0.158240860886131	0.18019261671603487	-0.02008794306716263	-0.1602628441141926	-0.1785090106840547	-0.016181174928983105	0.1624211144531393	0.1763686951317989	-0.011491386800168034	-0.1649119536058913	-0.1736489467838594	0.0058221088412272306	-0.16796887393390597	0.17126802348299638	0.0008250400685585664	0.17113030555291317	0.17113030555319414	-0.0008250400712201339	0.1712680234836225	0.16796887395043664	0.00582210884550303	0.17364894675271556	0.16491195359973596	0.011491386831349605	0.1763686951436042	0.1624211144728842	-0.01618117498368338	-0.1785090106745733	0.16026284415142303	0.02008794294232687	-0.1801926166363786	-0.158240860951202	-0.023593422273656288	0.18167594266142784	0.1564296516320793	0.02669257142213078	0.18326598379268527	-0.15605982048757502	0.027706395725869682	-0.18716854054936183	-0.1730727961215811
-0.16435900252571803	-0.19640413269976498	0.06652084994784443	0.11909255730721273	0.19739753219049286	-0.0981953661935521	0.08935935470925178	-0.1959392090785839	0.12513695957346566	-0.058953692607057503	0.18957267728022958	-0.14833861492297218	-0.027374967371965687	-0.17817956053530395	-0.16717004604884061	-0.004298854741169122	0.16238589671230216	-0.18114996985457024	0.03482264682933181	-0.14316133805807255	0.19028847543394062	0.06351989783145194	0.12146922396782096	0.1964738482622342	-0.09373365046495431	0.09373365046041014	0.19647384822053693	-0.1214692239843626	0.06351989785661126	-0.19028847544545238	-0.14316133804947256	0.034822646809767974	-0.18114996988148482	-0.16238589668668482	0.004298854749948426	0.16717004607037605	0.17817956052153075	-0.027374967402062588	-0.14833861485686517	0.18957267735615352	0.058953692695244905	0.1251369594693367	-0.1959392090392073	-0.0893593543902786	-0.09819536670923278	-0.19739753202939314	0.11909255762980642	-0.06652084918378218	0.1964041333057789	0.16435900198946377
-0.15493434726794786	-0.20204494413039906	0.10270159250437504	0.0740130471998022	0.19106551761122548	-0.1553431541034547	0.004817947393457038	-0.16092106547112836	0.18739442821730143	0.06290100001185153	0.11224609241708909	-0.19682339412519753	0.12257704502670028	-0.05059498242517983	-0.1828122922592083	-0.1671227471234877	-0.016133850953051376	-0.1478470713408127	0.19170264563302897	0.07968566035747213	0.09714477162430857	0.1949136342965096	-0.1342988036271178	0.03528954839815178	-0.1769616335110637	-0.1769616334992311	-0.03528954839496601	-0.13429880362700503	-0.19491363430896316	0.0971447716273292	-0.07968566032422385	-0.19170264564736478	0.1478470713299935	-0.016133850988082992	-0.1671227471322875	-0.1828122922436217	-0.05059498241117534	-0.12257704501563628	0.196823394131756	-0.11224609261955894	0.06290099996089744	-0.18739442806948184	0.16092106528499991	0.00481794711191332	0.15534315456442924	0.1910655174856594	-0.07401304745952418	0.10270159175029875	-0.20204494477372015	-0.1549343467637904
-0.1448792151945433	-0.204039741629637	0.13484269651851968	0.023908171657590647	0.1649731460314342	-0.1898208707255149	-0.08066404326652052	-0.08546942321448524	0.1908664624619689	0.16071329699298853	-0.01640296042369095	-0.13951235403101575	0.19613323639543942	0.11310870304020261	-0.05048800171706333	-0.1780170631334103	-0.17834709388012465	0.051102580728549035	0.11267753710992692	0.1954683861450585	-0.13769560477882317	0.01915212400226398	-0.16249566826171916	-0.19011026401842684	0.08291232490526336	-0.08291232490655875	-0.19011026399780326	0.1624956682789674	0.019152123996782938	0.13769560478934023	0.19546838610312975	0.11267753712767468	0.05110258075836522	0.1783470939002493	0.17801706314196225	0.05048800168461599	-0.11310870302406344	0.19613323639751623	-0.13951235409781612	-0.016402960208962168	-0.16071329702062917	0.1908664623290395	-0.08546942294335373	0.08066404344639397	-0.18982087104758277	-0.16497314592505205	0.023908171837485864	-0.13484269580420621	0.20403974231325087	0.1448792147320459
-0.13427916846307228	-0.20241422722258062	0.1617172464738827	-0.02781004095118828	0.12187526300876948	-0.19666170955668202	-0.15042654425694266	0.011442096788413297	0.13450425063667262	0.19710370572874067	-0.13755288537773394	-0.007266289137423859	0.1475259815708999	0.19610251727050299	0.12271088347650462	-0.027078181801851592	-0.15993655801309306	0.192815182070591	-0.1049611281470784	0.04870424010155503	-0.17172701616059757	-0.1868337720474792	0.08478515192668984	-0.0702915009979444	0.1821655893728071	0.18216558935986002	0.07029150099933103	0.0847851519132324	0.18683377204012194	-0.17172701616103583	-0.0487042400885992	0.10496112818724636	-0.1928151820893358	-0.15993655801315457	-0.02707818182436734	0.12271088351042027	0.19610251723862737	-0.1475259815975788	0.007266289278802017	0.1375528852100925	0.19710370578648145	-0.13450425049028294	-0.011442097144119368	-0.1504265443662825	0.1966617097437536	0.12187526296448767	0.0278100407991935	0.16171724579549246	-0.2024142279409185	-0.13427916801826392
-0.12322914229863476	-0.1972806231153241	0.18234305385159857	-0.07766138554396113	0.06626480033890618	-0.17495256889905272	-0.1909363119567769	0.10550663924126394	0.03601622815394225	0.1582357149545618	-0.19591135967682544	0.1288712117931979	0.007096157715609796	0.1392445433300869	0.19671139811227545	0.14852640059970187	0.02044051681661588	0.11861791039617194	-0.19348233324391065	-0.16343406874232627	0.044597630257112005	-0.09856679509975086	0.1885612570722101	0.17737114980799773	-0.07178379211139688	0.07178379212563414	0.1773711498004472	-0.18856125709343022	-0.0985667951061889	-0.04459763026451152	-0.1634340686983059	-0.19348233327872377	0.11861791038139058	-0.020440516852841536	-0.14852640059805827	-0.19671139812652044	-0.13924454332234829	0.007096157760764323	0.1288712116537531	-0.1959113596360438	-0.15823571504259099	0.03601622805431059	0.10550663957340176	0.19093631192829363	-0.17495256888603206	-0.06626480032622313	-0.07766138546487586	-0.18234305326063005	0.197280623873321	0.12322914188777806
-0.11183089112928823	-0.18883175808141645	0.1960204081217273	-0.12234557895206129	0.0038746539958607563	-0.12791580964684326	-0.194381289508482	0.17317558166558775	-0.07371747963115624	0.059052548031131996	-0.1649634474636488	0.19591574780749238	-0.1377752566461643	-0.016907504203623046	0.11166642318277663	0.18921603415659102	0.18011247549016926	-0.08831310027526464	-0.04413759048383211	-0.15618517340864452	0.19594675440073997	0.14502650275564297	-0.027227079627802218	0.1030336194809533	-0.1867312778256182	-0.1867312778162955	-0.10303361947718609	-0.027227079617742907	-0.14502650274794968	0.19594675442789838	0.15618517338952942	0.04413759048333792	0.08831310027082963	0.18011247550112122	0.18921603416580168	0.11166642314864937	-0.01690750417824701	0.13777525658824524	-0.19591574772906162	0.16496344753242703	0.0590525480684266	0.07371747971235655	-0.173175581957443	-0.19438128940055227	0.12791580950458611	0.003874654073294314	0.12234557891524908	0.19602040758995323	-0.18883175883339456	-0.11183089077314108
-0.10019552004601043	-0.17734430395852918	0.2023711444712261	-0.15898247108188635	-0.058932397824762686	-0.0624312279670456	-0.1602149637897001	0.1976389940555425	-0.16044767608300728	-0.06258738526797361	-0.05894563138860417	0.15807526030148278	-0.19711483133012309	-0.16111990205964713	-0.06368076107920605	0.05808965066550399	0.15756648982858698	-0.19640385069093033	0.15937909004598902	0.0605427436394602	0.06192811950603769	0.1605259894030595	-0.19725760279224633	-0.15869058261637115	0.06039354389470127	-0.0603935439030265	-0.1586905826021881	0.197257602803895	0.1605259893984096	-0.06192811949936746	0.060542743613419936	0.15937909008477028	-0.19640385069206792	-0.15756648980818175	-0.058089650674229124	0.06368076111252266	0.16111990199737708	-0.19711483127186594	0.15807526030632932	-0.05894563151855391	0.06258738532798166	-0.16044767615834032	0.19763899425605544	0.16021496362732648	-0.0624312277375267	0.058932397641274115	-0.15898247106916166	-0.202371144003645	0.1773443046957498	0.1001955197491176
-0.08843189518296732	-0.16314875360160053	0.20131554796840168	-0.18526659967585932	-0.11579638346098955	0.011975640471347866	-0.09522118783389895	0.1730005819970319	-0.19729854478775063	-0.16049055041791233	0.07389794163014476	0.03564436105830726	-0.13407023170362733	-0.19065033541975376	-0.18758729308876282	-0.12566635326989165	-0.02417339194129946	-0.08497515482760751	0.1671696034122339	0.19610036525587551	-0.1623598682591759	-0.07675109666676541	-0.033157027263641906	-0.1324462594940031	0.19064193842764673	0.19064193842649865	0.1324462594890475	-0.0331570272719473	0.07675109665595337	-0.16235986828786006	-0.196100365222196	-0.16716960344321316	0.0849751548442126	-0.02417339197596329	-0.12566635328171505	-0.1875872930791364	-0.19065033534986955	0.13407023167523044	-0.03564436112927296	-0.07389794151499099	-0.16049055058398495	0.1972985448690261	-0.17300058208178845	-0.09522118765758289	-0.011975640730290515	-0.11579638315235774	0.18526659965914488	0.20131554757453934	-0.16314875431687134	-0.08843189492692767
-0.07666325226835452	-0.14666249027548237	0.1931420959925373	-0.19972055761535412	-0.1611428288433267	0.08466782429066991	-0.012041730360408714	0.10562955784517208	-0.17311136585798556	-0.1977660721990338	0.17340412666134003	-0.10598378823088761	0.012199009537441722	-0.08460592740184554	-0.16019835424572404	-0.19549408462289267	-0.18139017912423122	0.12118441902197832	-0.0299301182891112	0.06920800103386147	-0.15081428586437182	-0.19392392814992915	0.1877794928756172	0.1347094983833412	-0.04879178070467778	0.0487917807171117	0.13470949836399787	-0.18777949288485626	-0.193923928141351	0.15081428586373266	0.06920800103729706	-0.02993011828955619	0.12118441901389954	0.18139017914677033	0.19549408464226345	0.16019835419718764	0.08460592736120648	0.012199009517439628	-0.10598378812273192	0.17340412661603222	0.1977660724270171	-0.17311136592741572	0.1056295577960692	0.012041730194629662	0.08466782454005797	0.16114282842437003	-0.19972055759337545	-0.19314209568290178	0.14666249096536238	0.07666325206176419
-0.06502370742113107	-0.12837195014172303	0.17847560840310087	-0.20177139455101928	-0.19075552631744117	0.14550595290278354	0.07345638396622119	0.012255625002067823	-0.09550375677922138	-0.16041108017744338	0.19449269723148033	-0.19111669278436794	0.1508315842985441	0.08131881640028833	-0.004020693844698419	-0.08859047099224754	-0.15577428515056968	0.19218116173024927	-0.19035195839677346	-0.1503975819515958	0.08019004593758461	-0.006078508831495025	0.09090682376126875	0.15755851444463367	-0.1938554518868734	-0.19385545188341838	-0.1575585144334896	0.09090682377930207	0.006078508837878596	0.08019004597311119	0.15039758191174898	0.19035195841158425	-0.19218116174579147	-0.15577428515006994	-0.08859047099310303	-0.004020693791186442	0.08131881640068626	-0.15083158425482665	0.19111669269181558	-0.19449269727512883	-0.16041108039372207	0.09550375681419422	-0.012255624834300675	0.07345638408405468	-0.14550595310238612	-0.19075552582531316	0.2017713945388722	0.17847560818271405	-0.12837195079933736	-0.065023707280994
-0.05366480123606293	-0.10884492761187817	0.15829765284711894	-0.1918663681092512	-0.20232225612424118	0.18646126664619436	0.14541653358835704	-0.08434760825967491	0.01157493658790759	-0.0627053823747589	0.12794208848800162	-0.17477545998151087	0.19640268604288538	0.1895806210382897	0.15513242111242417	0.09788760325111741	0.026056139836696735	0.049891596352240254	-0.11870525037227704	-0.17001833399171487	0.19599268562486238	0.1927089792937591	-0.16099275768739935	-0.10625301487906048	0.037033145180096275	-0.03703314519251534	-0.10625301486147536	0.16099275769811205	0.19270897928839484	-0.19599268563147879	-0.17001833395405422	-0.11870525039028777	0.04989159638832789	-0.02605613984053536	-0.09788760326607279	-0.15513242113939235	-0.18958062101382084	0.19640268601230554	-0.17477545994928417	0.12794208858532727	0.0627053824900488	0.01157493660528216	-0.08434760850127335	-0.1454165336213839	0.18646126676611763	0.20232225560720077	-0.19186636812627733	-0.15829765272934473	0.10884492823771734	0.053664801164907364
-0.04270927206490795	-0.08861003891347895	0.13370685522770448	-0.17112965317662776	-0.19524509800644038	0.20226722099150585	0.190536296249838	-0.16058766795307342	0.11501414422100745	0.05814115420863883	0.004450852196040256	-0.06651130499573933	0.12175901360799077	0.16452029499835444	0.1903105558959517	0.19630927442369323	0.18168623201676376	-0.14774818568748743	0.09788760950913743	0.03732436682831042	0.027372927484863176	0.08901530367171201	-0.14080027075142007	-0.17749568164942883	0.19626351245583526	0.19626351245787738	0.17749568163955562	-0.1408002707734145	-0.08901530367019664	0.027372927451683165	-0.03732436681571226	-0.09788760950490927	0.14774818567845316	0.1816862320235633	0.19630927443056706	0.19031055586963488	0.16452029495556011	-0.12175901360532533	0.06651130505369345	-0.0044508523245799705	0.058141154217305535	-0.1150141442785371	0.16058766821991166	0.19053629620469958	-0.2022672210384903	-0.195245097511706	0.1711296532178678	0.13370685519779327	-0.08861003948566747	-0.04270927204283914
-0.03229135176756898	-0.06824916399319256	0.10607035783097572	-0.14160814674991104	-0.17118169494812097	0.19184236065710228	0.2014940437639906	-0.1989652704960242	0.1840313112002362	0.15738619131095266	-0.12056751605240215	0.07583879947582155	-0.0260353174776348	0.025619149092963676	0.07571634764536125	0.12087974785125348	0.1579841179042407	-0.18437028741048944	0.1980490057595616	0.1978912423130537	-0.18380108502705667	-0.15684837676123597	0.11928294870256309	0.07426401676946674	-0.025164282702921353	0.025164282746061094	0.07426401672449383	-0.11928294866440965	-0.1568483767702759	0.18380108509863316	0.19789124229605415	0.1980490057630277	-0.18437028739925557	-0.1579841178788449	-0.12087974783307633	-0.07571634760424632	-0.025619149083959993	-0.02603531743207215	0.0758387993489137	-0.12056751595292672	-0.15738619145998478	0.18403131129715256	-0.1989652707290179	-0.20149404362606105	0.19184236060987467	0.17118169450071866	-0.1416081468210459	-0.10607035789767454	0.06824916452055611	0.03229135179942527
-0.022626863773301868	-0.04852230446118665	0.07714864429152507	-0.10631836939860312	-0.13402833840389783	0.1585473975553266	0.17843159403742115	-0.1925365765976803	0.2000263263733334	0.2003771242639103	-0.19337667580624013	0.1791184815177266	-0.15799139276828925	-0.13066457032581086	-0.09806821177939216	-0.061370414637834325	-0.021950355792415794	-0.018632258365948805	0.05867327257018288	0.09637313583923116	-0.12991984166845863	-0.15764603003199162	0.17830941045839246	0.19147152233533582	-0.1976487252372855	-0.19764872523766813	-0.19147152231988557	0.17830941049220483	0.15764603004411423	-0.12991984165285433	-0.09637313580260135	-0.05867327258159079	0.018632258402908768	-0.02195035578133332	-0.06137041466457063	-0.09806821185031801	-0.1306645703579221	0.15799139273031462	-0.17911848135981437	0.19337667571099199	0.20037712444098982	-0.20002632645630825	0.1925365767772056	0.17843159389060823	-0.15854739749682034	-0.13402833806915693	0.10631836947516969	0.07714864436850381	-0.04852230485251244	-0.022626863802258455
-0.014013164580498897	-0.03037740911845631	0.04911590672339769	-0.0692603225088886	-0.08994006244089266	0.11040202463178792	0.12999275579627442	-0.14814516865010618	0.16436874209034902	0.178242041733135	-0.18940719084043814	0.1975660645922531	-0.2024779165655601	-0.20395835427012804	-0.2018798476653796	-0.19617411707660967	-0.18683695749154514	0.17393654712769632	-0.1576274388421869	-0.13817330746370077	0.11597937570690323	0.0916251946873321	-0.06586274246644139	-0.03950437461305427	0.013137796258856131	-0.01313779629621381	-0.039504374589214505	0.06586274243308132	0.09162519468081104	-0.11597937574906456	-0.13817330744495596	-0.15762743883884295	0.17393654711247888	0.18683695749297674	0.19617411710987165	0.20187984771048198	0.20395835428056155	-0.20247791652716093	0.19756606445910893	-0.18940719078774512	-0.17824204190379647	0.16436874215669894	-0.14814516875971945	-0.12999275565791762	0.1104020245609099	0.08994006221437013	-0.0692603225783973	-0.04911590680875732	0.030377409398180854	0.01401316462013619
-0.006638905118481918	-0.014490983219215634	0.02367898159957044	-0.033872299843122664	-0.044792820947704606	0.05621747204175983	0.06796456292565717	-0.07988332984877806	0.09184581471015482	0.10374020944339031	-0.11546525404898203	0.12692533008810966	-0.13802586271606623	-0.1486686658731176	-0.15874700262242686	-0.1681401195175339	-0.17670717219950394	0.18428081900679386	-0.19066270804443428	-0.19562749065461008	0.1989510471386883	0.20049156666384776	-0.20035912193058128	-0.19915530431324543	0.19802318273220146	0.1980231827424489	0.19915530429205217	-0.20035912193051503	-0.2004915666538197	0.19895104716034492	0.19562749062777732	0.19066270806974053	-0.1842808190187388	-0.176707172193962	-0.16814011951671795	-0.15874700262372535	-0.14866866587540642	0.13802586270957543	-0.126925330029609	0.1154652540325008	0.10374020953848627	-0.09184581473552798	0.079883329894774	0.06796456284769238	-0.056217472003697935	-0.04479282083833419	0.033872299881379755	0.023678981646910853	-0.01449098335872207	-0.006638905141306901
