0.0326629946363192
0.03095443262275145
0.03031888130291377
0.02999681665740299
0.029804260035997017
0.029674299136495073
0.029576342882052922
0.02949868911491791
0.029446699356842083
0.029419923252501347
0.029408738332720508
0.02940930757550997
0.02942191320530672
0.029437347725840467
0.02944804960880492
0.029454821560568625
0.029458759996247925
0.029459673700305545
0.02945641842716739
0.02944724191189528
0.0294304201783546
0.029405919730598785
0.029379184347495906
0.029369344964597074
0.029422748102340027
0.029422748102048885
0.02936934496402341
0.02937918434552885
0.029405919730864056
0.02943042017878563
0.02944724191356586
0.029456418427790412
0.029459673700119933
0.029458759995478256
0.029454821560724816
0.02944804960953838
0.029437347726418067
0.029421913205713707
0.029409307574213374
0.02940873833138905
0.029419923252628495
0.029446699357470744
0.0294986891178723
0.029576342881987412
0.02967429913230663
0.029804260041003523
0.029996816646722296
0.030318881303108246
0.03095443262380925
0.03266299472409813
