0.012634730104455956	0.02532739056946653	-0.03810501019573013	-0.05094730345738403	-0.06378815293061328	0.0765282604083204	-0.08905038879211478	-0.10123203899905936	0.11295400865677326	-0.12410514563322723	-0.13458415493850173	0.14429923615747145	0.15316609472180137	-0.16110472432637138	0.1680353628293275	0.17387423977451139	0.17853029675547855	-0.18190522509885934	-0.183901338725062	0.18444534833884937	0.18354041863930404	-0.1813588112928304	0.17836630619447308	-0.1753999033835771	0.17351989036981763	-0.173519890359043	0.17539990339430453	-0.1783663061820365	0.18135881129987186	0.1835404186485994	0.18444534831985485	-0.18390133874430195	0.18190522508626655	-0.17853029675621898	-0.17387423977490868	-0.16803536282694842	0.1611047243282411	0.1531660947244638	0.14429923615987156	0.1345841549433764	0.12410514562078823	-0.11295400866407482	-0.10123203899687482	-0.08905038879140419	-0.07652826041308003	-0.06378815292582543	0.05094730345374162	0.03810501019737343	0.02532739056744186	0.012634730112025101
0.024176632064324972	0.04817213564307638	-0.07174653244039096	-0.09457316363568498	-0.11624932172681242	0.1363310090985489	-0.15437318773122877	-0.1699639871220885	0.18274910569042158	-0.19244688127359158	-0.198855949260373	0.20185748511643153	0.20141373101810298	-0.197564286751006	0.1904215479055523	0.18016664168763197	0.16704716142500584	-0.1513777891615195	-0.13354422429291515	0.11400898064157171	0.09331308845357034	-0.07205824023262275	0.05084015529184257	-0.03010332188345225	0.00994768799506386	0.009947687994356271	-0.030103321886051887	0.0508401552870213	-0.07205824023559217	-0.0933130884584123	-0.11400898063110523	0.13354422430614385	-0.15137778915227618	0.16704716142509077	0.1801666416868944	0.19042154790338067	-0.19756428675243656	-0.20141373102159646	-0.20185748511969434	-0.19885594926760833	-0.1924468812551348	0.18274910570224845	0.16996398711925573	0.1543731877300133	0.13633100910655366	0.11624932171830703	-0.09457316362862148	-0.0717465324437111	-0.04817213563951628	-0.024176632078968155
0.03572613671845514	0.07046048468964221	-0.10314660633937707	-0.13265206628413698	-0.15782246371433364	0.17757432469819892	-0.19099204360567473	-0.19740630054749184	0.19644558475073276	-0.18806091887275223	-0.17252742258759066	0.15042730408232746	0.12261886787408019	-0.09019585544951741	0.0544409008100689	0.016775908981370772	-0.021289487854388306	0.05821290564129867	0.09248322154178064	-0.12270501104148063	-0.14772087998837877	0.16678755769922224	-0.1797878565945346	0.18735653358725757	-0.19065745289810526	0.1906574528863566	-0.18735653359847898	0.17978785658277466	-0.1667875577054326	-0.1477208799956785	-0.12270501102719589	0.09248322155284805	-0.058212905635009644	0.02128948785559766	-0.016775908978852686	-0.05444090081052687	0.09019585544827223	0.1226188678761934	0.1504273040846247	0.17252742259407222	0.18806091885657122	-0.1964455847631657	-0.19740630054588662	-0.19099204360427074	-0.1775743247078162	-0.15782246370366332	0.13265206627363466	0.10314660634453215	0.07046048468467972	0.035726136740053406
0.047450022762672406	0.09230517729581941	-0.1319865311017057	-0.1640255613177991	-0.186248586572269	0.1969993302832128	-0.19533444618419293	-0.18114884291695582	0.15521469029096735	-0.11913637823011226	-0.07523357948802781	0.02636917006770383	-0.024259490063974654	0.07334747914975859	-0.11771060326249323	-0.15450107743121924	-0.18140021672718118	0.19678123068797485	0.1998372221773085	-0.19066771107830763	-0.17030740311087653	0.14065801360338026	-0.10425055441468936	0.06376778394430363	-0.021416669124760278	-0.02141666912344741	0.06376778394980419	-0.1042505544049605	0.1406580136089021	0.1703074031195196	0.1906677110598154	-0.19983722219837835	0.19678123067398945	-0.18140021672841428	-0.15450107743350538	-0.11771060325973412	0.07334747915305348	0.024259490064040896	-0.02636917006833241	-0.07523357949134314	-0.11913637822241528	0.15521469029949295	0.18114884291779518	0.1953344461832276	0.19699933029346503	0.18624858656221108	-0.1640255613041438	-0.1319865311083207	-0.09230517728852196	-0.04745002279037213
0.05916653014624952	0.11306926375636978	-0.15675172957486758	-0.1859610071834371	-0.19761811504685317	0.19025263353810332	-0.16427924868265492	-0.12204253566583323	0.06761609003067406	-0.006387612133068971	0.05551040014292798	-0.11185077072452095	-0.1569659237466519	0.18633531108456577	-0.1970473905156134	-0.1880941957774718	-0.1604743616607099	0.11709634110156797	0.06248482894966716	-0.0022988225013167475	0.0573279322838354	-0.11059975122561558	0.1529352911034751	-0.18164298935783701	0.19592001382906965	-0.1959200138173099	0.18164298936851564	-0.15293529109536647	0.11059975122939994	0.0573279322862278	-0.0022988225049596776	0.062484828953800295	-0.11709634109681778	0.1604743616603447	0.18809419577655156	0.19704739051303494	-0.18633531108694124	-0.15696592374827778	-0.1118507707252875	-0.05551040014429565	0.0063876121365034925	-0.06761609003143261	-0.1220425356696822	-0.1642792486827818	-0.19025263354805086	-0.19761811504089175	0.185961007167069	0.15675172958208478	0.11306926374529634	0.05916653017874352
0.0707445780324956	0.1322847979034468	-0.17641917592838216	-0.19698393287834687	-0.19080591891978452	0.15834106840223888	-0.10378909469082542	-0.034602729591083986	-0.039545794600236286	0.10816884711391593	0.16150538358855313	-0.19195486589525101	-0.1951844318938681	0.17074910739785062	-0.12214270983706184	-0.0562809791851214	0.017504165388777766	-0.08881885576614028	-0.14772825064275436	0.18623921014888714	0.1995253280230168	-0.18665652945312194	0.15057707637837803	-0.09714958634280642	0.03348440946227469	0.03348440945926534	-0.09714958635103255	0.15057707636595674	-0.18665652946115374	-0.19952532803297032	-0.1862392101279787	0.14772825066013326	-0.0888188557551647	0.017504165390616958	-0.05628097918030541	-0.12214270983689814	0.17074910739626403	0.19518443189566376	0.19195486589696784	0.16150538359455294	0.10816884710128309	-0.039545794608029865	0.0346027295976949	0.10378909469251137	0.15834106841080664	0.19080591892065316	-0.19698393285960478	-0.17641917593572876	-0.13228479788780018	-0.07074457806865785
0.08203458279350964	0.1494353914330446	-0.18995383206596678	-0.19590435472020296	-0.16576038323050155	0.1047157944875958	-0.023931338798823212	0.06147771391777207	-0.13532546242994217	0.18351073517121766	0.19678699888900103	-0.17258130622487813	-0.1155023911680027	0.03644775965750703	0.04950376955837217	0.12599773647940726	0.1785479892168314	-0.19732069148204887	-0.1790246821741849	0.12752250318943642	0.05298299489696226	0.030349066087092084	-0.10735616390727863	0.16534515972476038	-0.19614052101955828	0.1961405210081735	-0.1653451597336194	0.10735616390375269	-0.03034906608697699	0.052982994900387596	0.12752250318025668	-0.17902468219066003	0.19732069146762649	-0.17854798921850862	-0.12599773648453796	-0.049503769555963355	-0.03644775965154478	-0.11550239116892869	-0.17258130622745071	-0.19678699889761453	-0.18351073515440272	0.13532546244369825	0.0614777139096637	-0.023931338802112796	-0.10471579449314491	-0.1657603832390044	0.19590435469911793	0.18995383207393912	0.14943539141329676	0.08203458283257616
0.09304530813937352	0.16437268250613407	-0.19708298223139248	-0.18307163431602871	-0.12522859113850426	0.03709995561507947	0.06015083148918781	0.14284211066710972	-0.19064986215960983	0.19172516431054712	0.14571226905777568	-0.06388339582495296	0.03364186334321927	-0.12288152383978633	0.18192336455107116	0.1963260097663946	0.1626558694570097	-0.08928961299686436	0.005725460593909335	-0.09924860494665104	-0.16893731259952888	0.19891394289849204	-0.18354511219899672	0.12803604359178145	-0.04576797822819167	-0.04576797822452676	0.12803604360220153	-0.1835451121847907	0.1989139429063182	0.16893731260698702	0.09924860493154455	-0.005725460599697994	-0.08928961299635774	0.16265586945644564	0.19632600976636888	0.18192336454862298	-0.12288152384671147	-0.03364186334336882	0.06388339582761239	0.1457122690654963	0.19172516429684916	-0.19064986217503363	-0.14284211065954824	-0.06015083148455669	0.037099955616363395	0.1252285911546604	-0.18307163429304912	-0.19708298224038548	-0.16437268248269796	-0.09304530818073808
0.10369715111531794	0.17679030570685725	-0.19744017379675707	-0.15910037054843595	-0.0728423369308875	-0.03556181377110031	0.13323480914609495	0.19024786171981428	-0.18895929123685692	0.12961760949341591	0.030396241387071487	0.07818191638725508	0.16268285882695868	-0.1971038941550559	0.17089677240739035	0.09219092218240617	-0.014765669848895206	0.1171468952496521	0.18373616529014422	-0.19458856494059612	-0.14709149377085037	0.05638806456970663	0.050056864239842284	-0.14170005994260926	0.19404042856275075	-0.194040428552018	0.14170005994868665	-0.05005686424149034	-0.056388064573076366	-0.14709149377852718	-0.19458856492243667	0.18373616531078976	-0.11714689523481524	0.014765669852215906	-0.09219092217626162	-0.17089677240811638	0.19710389415691473	0.16268285882754593	0.07818191638636522	-0.03039624139069738	-0.12961760948981738	0.18895929124866817	0.19024786171462926	0.13323480914137273	0.0355618137751454	-0.07284233695448844	0.15910037052467962	0.19744017380647755	0.17679030568017093	0.10369715115921117
0.11396361101239301	0.18652907730298396	-0.19106148872780687	-0.12550858446759955	-0.013613503214399638	-0.10339371891890313	0.18193882674599934	0.1924949230997981	-0.13090211401307755	0.02014543728840397	-0.098197313291418	0.17961785453543605	0.19348463755397735	-0.1346010539330019	0.025141317867768406	-0.09374385129770617	-0.17745566813571334	0.19473389234939675	0.13935159934041316	-0.03226751910609581	0.08661353391654804	-0.17387352887127214	0.1989731485762343	-0.15474841492079341	0.05802835823643754	0.058028358232059804	-0.15474841493212596	0.1989731485627312	-0.1738735288780254	-0.08661353391877756	0.032267519109829154	-0.13935159934930721	0.1947338923372245	-0.1774556681387022	-0.09374385130420143	0.025141317871314052	-0.13460105392649943	-0.19348463755509637	-0.17961785453721194	-0.09819731329274176	0.020145437297251812	-0.13090211401670032	-0.19249492309924923	-0.18193882674251255	-0.10339371892752319	0.013613503244131714	-0.12550858444379878	-0.19106148873817533	-0.18652907727357965	-0.11396361105828234
0.12378724674381547	0.1934041010996757	-0.17811370408032634	-0.08427407190058761	0.04692506654676245	-0.15726261356266388	0.19735492584928957	0.14901122443466394	-0.03373872152857116	-0.09671483003657368	-0.1836259030641335	0.18782303923563437	0.10740833874567736	0.021379517976516226	-0.14053648410941247	-0.1964650038479324	-0.16410437217685866	0.05812620930432873	-0.07384584447631659	0.17289271479669066	0.1954198941701357	-0.13243082980000265	0.012495137829174384	0.11248647460595752	-0.19062344853306815	0.1906234485238685	-0.11248647460896775	-0.012495137823116908	0.13243082980536314	0.19541989417913602	0.1728927147772636	-0.07384584448949152	-0.05812620931034087	0.16410437217425994	0.19646500384862664	0.1405364841073661	-0.021379517986454502	0.10740833874777155	0.1878230392374878	0.1836259030695331	0.09671483002023724	0.033738721523013986	0.14901122444190767	0.1973549258467992	0.15726261357282942	0.04692506651511923	0.08427407187653121	0.1781137040931625	0.1934041010684643	0.12378724678884342
0.13314138674735948	0.19733190753633012	-0.15907104866132013	-0.03793409272283263	0.10302819988115117	-0.18986719938190152	0.1766650766822384	0.07014790972013132	0.07348463826244997	-0.17816618477669058	-0.18834898337785286	0.09859414359988548	-0.043480885765179576	0.16249294501930747	-0.19533598325037566	-0.12465374750468816	0.012037425069639026	-0.14237397399216872	-0.1976060921783598	0.1489529899356654	0.022410945606202964	0.11581270380341215	-0.19491204076799432	0.1760498611602954	-0.07012261145949762	-0.0701226114552295	0.1760498611704914	-0.19491204075762095	0.11581270380886942	-0.02241094561137044	-0.14895298992687075	0.19760609219539602	-0.1423739739760756	0.012037425076791284	-0.12465374749958484	-0.19533598325131588	0.16249294502352019	0.04348088576429634	-0.09859414359962602	-0.18834898338654352	-0.17816618476005852	0.07348463827405696	-0.07014790973482561	-0.1766650766802601	-0.1898671993919831	-0.10302819985229913	-0.037934092699397785	-0.15907104867706548	-0.19733190750337015	-0.13314138678981366
0.14198448243336975	0.1982418038592464	-0.1345729706369976	0.010710076138729112	0.14940355629419647	-0.19678978636710115	0.12363345949532452	-0.02539216550547797	0.15877512598457158	-0.19440486295600806	-0.1102788980102673	-0.0418008486378062	-0.1681212593944633	0.1908523385256041	-0.09602249616572751	0.05793351576644401	0.17626790822894003	-0.1863094754230881	-0.08207514930676271	-0.07240960389602405	-0.18295098918955718	0.18311116594390317	-0.07387170752140065	-0.07906618301796563	0.18625389423983005	-0.18625389423401076	0.07906618301811488	0.07387170751367718	-0.18311116594872806	-0.18295098919502728	-0.07240960388467561	-0.08207514930888056	0.18630947541806525	-0.1762679082302188	-0.05793351577457641	0.09602249616526155	-0.1908523385223602	-0.16812125939771475	-0.04180084863617106	0.1102788980195394	0.19440486294174875	-0.15877512599882235	-0.02539216548999192	0.12363345949697009	0.19678978637926878	0.14940355626896218	-0.010710076158371877	0.13457297065088467	0.19824180382342416	0.1419844824765895
0.1502856654941205	0.19612517830154913	-0.10546503294946866	0.058702441483609626	0.1816757608528329	-0.17710462031032545	0.047981711179464745	-0.11489678132654868	0.1966506401822391	-0.13948566234973642	0.01625890074170997	-0.1605012726771225	-0.1912591305753803	0.08679828632723137	0.07902395876464104	0.18904045026631786	0.16560694151682495	-0.025349580324048757	0.13283171810072752	-0.19780706773276782	-0.12442010273240034	-0.03566027786136052	0.1715969992803997	-0.19105387863668036	0.08196057540165892	0.08196057539897247	-0.1910538786423072	0.17159699927533287	-0.03566027786766907	0.12442010274532428	0.1978070677157215	-0.13283171811156125	-0.02534958033398412	0.16560694150852065	0.18904045027502267	0.07902395876661733	0.08679828632127586	0.19125913057864394	0.1605012726712215	0.016258900738526868	-0.1394856623420457	0.19665064019650294	0.11489678131412019	-0.047981711187696646	-0.17710462032334273	-0.1816757608335982	0.05870244149937723	-0.10546503295887723	-0.1961251782629523	-0.15028566553791128
0.15801064477477714	0.19100997298674205	-0.07274011919791439	0.10313315001220652	0.19679795093903013	-0.13346954568966676	-0.03645142511166429	-0.17710827100486792	0.17579717669942369	-0.033501886878545786	0.1356556750727565	-0.19592212174379223	-0.09892242609946544	-0.07748316443472782	0.19173269364706735	0.152197367444096	-0.00937568523307786	0.1635016541318419	0.18689574559506855	-0.061058556266595794	0.11359416165150273	-0.19872049045366075	0.12792727010019925	0.042744252752363446	-0.18106947396176898	0.18106947396286038	-0.04274425275085975	-0.12792727009706825	0.19872049045635176	0.11359416164804118	-0.06105855626007668	0.18689574560745031	-0.16350165412134995	0.00937568523630766	-0.15219736744501017	-0.1917326936429947	0.0774831644439022	-0.09892242609615919	-0.1959221217436756	-0.13565567507919354	0.03350188688845396	-0.17579717670705897	-0.1771082709906793	-0.036451425102179115	0.13346954569453492	0.19679795093597566	-0.10313315002808507	0.07274011921123442	0.19100997294843736	0.15801064480873334
0.16513139530178444	0.18297697123796794	-0.03752265293391726	0.1413037956996473	0.19334300988913192	-0.07178709374773895	-0.11421317833877417	-0.19725064339682868	0.10244767193830441	0.08474315835446994	0.1954228109001396	-0.1296818987843008	0.05313719152850383	-0.18800183580899657	0.15319559383075698	-0.019853824306140716	-0.17505086671291475	0.17253227494539228	0.014644299284143666	0.15660470476229177	0.18775006677525405	-0.051297724317801094	-0.13128079794616315	0.1991716910039282	-0.09347735573356414	-0.09347735573441693	0.19917169100192356	-0.13128079794534828	-0.051297724307996374	-0.18775006679309753	-0.15660470474999233	-0.014644299288079202	0.17253227494301066	-0.17505086670351727	-0.0198538243201499	0.15319559382368547	-0.18800183581991203	-0.053137191534267963	0.12968189879419614	0.1954228109107445	0.08474315832887289	0.10244767193296238	0.19725064338408635	0.11421317833238896	-0.07178709374324091	-0.19334300990627828	0.14130379571362786	-0.03752265295282227	-0.18297697120009127	-0.16513139532374635
0.17161992348916832	0.1721478026104215	-0.0010189766278994642	0.17089720860083285	0.17163543065342146	-0.0003960189061992847	-0.17107463252956048	-0.17053895733683883	-0.0014957355547518653	0.17196764891902594	0.16928845599333264	0.0038514809999381262	0.1731170264503012	-0.16807602584808418	-0.006190039781426104	-0.17426713269978802	-0.1670436550734446	-0.008191232120369879	-0.17534452623696975	0.16672925698401506	-0.00892373077416653	0.17627761185681134	-0.16928607751606956	-0.004863891117242849	0.17513160157946514	-0.1751316015903504	0.0048638911180676194	0.1692860775225755	-0.17627761185886595	-0.008923730752926299	0.16672925696322036	-0.1753445262452411	0.008191232117977083	0.16704365506206661	0.1742671327187266	0.006190039781348323	0.16807602585064135	0.17311702645229485	0.00385148098981001	-0.1692884560042843	-0.17196764889490243	0.0014957355687121741	-0.17053895733702334	-0.17107463252043165	0.00039601890003423615	0.17163543068049925	-0.17089720860620825	0.0010189766396004078	0.17214780257107118	0.17161992351122785
0.17745178547027737	0.15868846378592497	0.035519481937041096	0.1901176684486653	0.13372570062696137	0.07104832305045503	-0.19662937584538367	-0.10331849021081589	-0.10499211560549143	0.1962435225294906	0.06874247680203438	0.13538552405213666	0.18857605404856698	-0.03153102024616087	-0.16069217985632395	-0.17386105423650164	0.006698065176642919	-0.17990409429540005	-0.15300291710077144	-0.04410372590630062	-0.19272455696502544	0.1284296795814123	0.07794412575537164	-0.2000923329281818	0.10461965115874518	0.10461965116054009	-0.20009233292882814	0.07794412574783975	0.12842967957241458	0.19272455696158536	0.044103725911664504	0.15300291710167283	-0.17990409430008755	0.0066980651859758515	-0.17386105425228415	-0.16069217985300008	-0.03153102024802448	-0.18857605404843258	-0.1353855240367458	0.06874247680959111	0.19624352250686788	-0.10499211562536642	0.10331849021655624	0.19662937583731344	0.07104832306312611	-0.1337257006657175	0.1901176684494364	0.035519481929576005	-0.15868846374847737	-0.17745178548629204
0.18260435066776876	0.14280417412734123	0.07084058679071108	0.19779843453817095	0.08319214639161011	0.13288499357219724	-0.1862004591548686	-0.011555611359150866	-0.17713536583461587	0.1486845277633241	-0.06201993375700478	0.1966689505377437	0.09018018454341263	0.1268927783313372	-0.18843319491506338	-0.018995753124912616	0.17379420791966418	-0.15375844731610636	0.05461574325941498	-0.1964895244653161	-0.09852162092200709	-0.12008377335264343	0.1938420246601059	-0.03319580303525989	-0.16847781020947117	0.1684778102043834	0.03319580303828615	-0.19384202464637043	0.12008377336814428	-0.09852162093341582	-0.19648952446177015	0.05461574326630929	0.15375844733204494	-0.17379420791152714	0.018995753123296395	0.1884331949067855	-0.12689277833600923	0.09018018453987041	0.1966689505328734	0.062019933753321634	-0.1486845277608164	0.17713536584617032	-0.01155561137814211	-0.18620045913763839	-0.13288499358331116	0.08319214642591612	-0.19779843452915144	-0.07084058680276374	0.14280417408943602	0.18260435069297581
0.18705808332109558	0.12473789775531108	0.10373351252749567	0.19347336657656894	0.024805304151623717	0.17675215004322367	-0.14169685369534896	0.08295201512168768	-0.19638113330489976	0.0466996853121915	-0.16552079272036468	0.15590283078587996	-0.06266223842587705	0.19727166905770824	-0.067529187789002	0.15274535371762793	0.168456593735831	0.04148944301551059	0.19609795632485016	-0.08847712916990232	0.1377979811807362	-0.18097266842310822	-0.016874145175383562	0.19377626459339187	-0.11533980383666007	-0.11533980383431076	0.19377626459735656	-0.0168741451768829	-0.18097266842558318	-0.1377979811737028	0.08847712916851484	-0.19609795633410423	0.041489442999624655	0.1684565937222515	0.1527453537269843	-0.06752918778728606	0.19727166905309138	0.06266223842993393	-0.15590283078134773	-0.16552079272445408	0.046699685319099	-0.19638113330834184	-0.08295201510723327	0.14169685368057025	0.17675215006384132	-0.02480530419235805	0.19347336656560307	0.1037335125426439	-0.12473789772052275	-0.18705808333908475
0.1907958568894013	0.10476560738617502	0.1330707767282841	0.17740481711013417	-0.03592327305704765	0.19671787042015942	-0.07126263750842736	0.15775547468866127	-0.15698192135337327	-0.0723798042124138	-0.19626549886095002	0.03424018144918377	-0.17767182389489894	0.13077313210904895	0.10664544700258588	0.18878683009369074	-0.004019174463752424	0.19110735261069223	0.10011920603132321	0.13679027801317656	0.1753451641981926	0.04089913539535804	-0.19915817870344832	0.07005529950555288	0.161139530698704	-0.1611395307011529	-0.07005529950910164	0.19915817869792551	-0.04089913540466877	0.1753451642094441	0.13679027800401758	0.10011920603062836	-0.19110735260758893	0.004019174472336011	-0.1887868300985719	-0.10664544700027455	-0.13077313209802885	-0.1776718238992731	0.03424018144997205	0.1962654988708646	0.07237980419636596	0.15698192134679714	0.15775547468003961	-0.07126263749755478	-0.19671787044293876	-0.03592327301776773	-0.1774048170949582	-0.1330707767515477	0.10476560735542906	0.19079585690268924
0.19380340718436895	0.08319251273045397	0.1578468404758799	0.15056822854492957	-0.09326065685404646	0.19008224674526034	0.012212649253585518	0.19508628742252626	-0.07070363970716091	-0.1649646139187302	-0.14073980646339554	-0.10518933936957373	-0.18541085473747823	-0.026462351479494484	0.19669295133488324	0.05710898380212625	-0.1725072146129946	0.13054627094442756	-0.11709645043701616	0.18077596301876647	-0.04004202199126979	0.1988681458230517	-0.04586980321012944	-0.18044983587935315	0.12559345601165345	0.12559345601140545	-0.18044983587891106	-0.04586980320573608	0.19886814582713583	0.04004202197780628	-0.18077596301021864	0.1170964504460097	0.13054627095450838	-0.1725072146096695	0.05710898379392722	0.19669295133383077	-0.026462351490057504	0.18541085473910995	0.10518933936667832	-0.1407398064750303	-0.1649646139056178	-0.07070363969732968	-0.1950862874243909	-0.012212649253669432	0.19008224676387764	0.09326065681997539	0.15056822852679722	0.15784684050614337	-0.08319251270836174	-0.19380340718529757
0.19606918888094788	0.06034821530439867	0.1772124680225087	0.11459249511023875	-0.14179416336632958	0.15774251970736686	0.09345306053351819	0.18607705440833502	0.036688682060531844	-0.19716404782919042	-0.02335046521723759	-0.1900371438518141	-0.08120682388814167	-0.16533687417342233	0.1315795548561603	-0.12530496265723354	-0.16983824696323913	-0.07358908954903419	-0.19251660859762432	-0.014812148371376972	-0.19766902472912892	0.046115792395686424	0.1847071666037249	-0.10438022716069313	-0.15314797865677712	0.15314797865879798	0.1043802271650379	-0.18470716659939942	-0.04611579238831692	-0.19766902473177853	-0.014812148368853485	-0.1925166086040445	0.0735890895372016	0.16983824695260752	0.12530496267067895	-0.13157955485742479	0.16533687417672094	-0.08120682388700826	-0.19003714384903686	0.023350465228354336	0.19716404782212624	-0.036688682071596236	0.1860770544195293	0.09345306052559799	-0.1577425197200166	-0.14179416334061595	-0.11459249508911332	-0.17721246805792884	0.06034821528771485	0.19606918887147398
0.19758455030416433	0.03658179726781382	0.19050387067058444	0.0716612704319402	-0.1769422183083242	0.10407191307375979	0.15759149434323294	0.13286778498870258	0.13312474479268724	-0.1571915522949872	0.10430277745196556	-0.17627640727990074	0.07202637832746267	-0.18949223728570253	-0.03733002628154507	-0.19639720574028566	0.0013397459822781898	-0.19679145965101386	-0.03481300902192398	-0.19077033465226123	-0.07015958122962901	-0.17869015671982	0.10406080420564476	0.1605944914139984	-0.13533873211779976	-0.13533873211687283	0.1605944914118483	0.10406080419732588	-0.1786901567273353	0.0701595812442616	0.19077033464447427	0.03481300902163957	-0.1967914596480046	0.0013397459910076753	-0.196397205745543	-0.03733002628350902	-0.18949223728504958	-0.07202637832694367	0.17627640727858446	0.10430277744116136	-0.1571915522889679	0.13312474480668446	-0.1328677850069872	-0.15759149433325864	0.10407191308669834	0.17694221828748363	0.0716612704093521	0.19050387070481287	-0.03658179724882163	-0.19758455029094535
0.19834368458685236	0.012256408823135102	0.1972654538695162	0.02438036020464207	-0.19538683083852285	0.03632808264323159	0.19289057120208675	0.04809757530328422	0.18980611293295374	-0.059679066448342886	0.18610869713343217	-0.07104741581916375	0.1817731904813203	-0.08216822172486879	-0.17679188320424932	-0.0930089763450312	0.17118853821676047	-0.1035633501328481	0.16504663638255923	-0.11390981110404941	0.15855473465320324	-0.1243018183428457	-0.15192340493633427	0.13492841169918118	0.1445360265519569	-0.14453602655484282	-0.13492841170347145	0.15192340493739687	0.12430181834077393	0.1585547346451312	-0.11390981110088924	0.16504663638669828	0.10356335014160818	-0.1711885382167746	0.0930089763404263	0.17679188320818348	0.08216822172101257	0.18177319048126522	-0.07104741581657603	-0.18610869713208952	0.0596790664454999	-0.18980611294240302	0.048097575323733356	0.19289057118412467	-0.03632808265097902	-0.1953868308258959	-0.024380360185758662	-0.197265453906974	0.012256408812008972	0.1983436845688581
0.1983436880258032	-0.012256255633034126	0.1972654629451819	-0.02438038231758751	-0.1953868105668488	-0.036328240449352456	0.1928905511944156	-0.048097553054862976	0.1898061448509335	0.05967894048201021	0.1861087204487891	0.07104743046641195	0.18177316318379433	0.08216828662830693	-0.1767918685975884	0.09300896361589847	0.17118855801730312	0.10356332717735657	0.1650466320753867	0.11390983114030996	0.15855473034499476	0.12430180761428578	-0.15192341090738531	-0.13492841670038105	0.1445360220495221	0.1445360220515284	-0.13492841669836783	-0.15192341090343336	0.12430180762260569	-0.15855473034988452	-0.11390983114210941	-0.16504663207936615	0.103563327162093	0.17118855800589525	0.09300896361803139	-0.17679186859189114	0.0821682866387982	-0.18177316319213732	-0.07104743047139979	0.18610872047120122	0.05967894047034773	0.18980614484462469	0.04809755303908244	-0.1928905511586941	-0.036328240463601946	0.19538681057295695	-0.024380382329737982	0.19726546299600886	0.012256255617575902	-0.19834368799216895
0.19758456063310875	-0.0365816466189126	0.190503897535371	-0.07166129105594296	-0.1769421594407927	-0.10407204972787307	0.15759143789959465	-0.13286776780900217	0.1331248311113957	0.15719147278734122	0.10430283716981645	0.17627641372818514	0.07202631297864344	0.18949225798628574	-0.03732999364692577	0.1963972030459665	0.0013397861268084764	0.19679146362766506	-0.03481301682813714	0.19077032639835403	-0.07015958825779621	0.17869016424838471	0.10406079571887539	-0.1605944862238941	-0.1353387377581694	0.13533873776169494	0.1605944862243729	-0.10406079572348394	-0.1786901642589178	-0.07015958824321958	0.19077032640228145	-0.03481301682879159	-0.19679146361263808	-0.0013397861041480551	-0.1963972030372081	0.03732999363582386	-0.18949225799693417	0.072026313002284	0.17627641373634945	-0.10430283721247922	-0.1571914727749005	-0.1331248310885775	-0.13286776780717582	0.15759143784494137	0.10407204975388779	-0.17694215945352282	0.07166129105163714	-0.19050389759475597	-0.03658164657705253	0.19758456059887736
0.19606920595229574	-0.06034806932034239	0.177212511872579	-0.11459251318841338	-0.14179407146204812	-0.15774261664949862	0.0934529780379918	-0.18607704660739893	0.03668879680316414	0.19716404343457664	-0.023350395073153743	0.1900371393350795	-0.08120688820979058	0.16533683541391925	0.13157957911523757	0.12530497384788897	-0.1698382272693655	0.0735891140590255	-0.19251660926632935	0.014812124963868165	-0.1976690256603515	-0.046115780334257894	0.18470716855520794	0.10438023152402802	-0.15314797591729343	-0.15314797590957663	0.10438023153134288	0.18470716856661593	-0.046115780311616165	0.19766902563917793	-0.014812124959067976	0.19251660926555067	0.07358911404785827	-0.16983822730211087	0.1253049738510456	0.13157957912852233	0.16533683542222122	0.08120688818336763	-0.19003713932447305	-0.023350395032583432	0.19716404341482868	0.036688796782464124	0.1860770466177017	-0.09345297799692795	-0.15774261668458425	0.1417940714833256	-0.11459251318777479	0.17721251192418158	0.060348069281884895	-0.19606920590792778
0.19380343088409188	-0.0831923734727998	0.15784689998849374	-0.15056824332436614	-0.09326054023814687	-0.190082290456304	0.012212556140210792	-0.19508629120111787	-0.0707035309914028	0.16496468589453195	-0.14073975637508046	0.10518932708918993	-0.1854108801412694	0.02646227850486579	0.19669294651951297	-0.05710896662858206	-0.1725072365367632	-0.1305462548401957	-0.11709644202965053	-0.18077596888362762	-0.040042015982410833	-0.198868149309337	-0.04586979406431978	0.18044983071469764	0.1255934622813903	-0.12559346226751952	-0.18044983071727574	0.045869794070483215	0.19886814928994367	-0.04004201596964443	-0.18077596888856667	-0.11709644203010307	0.13054625485033955	0.17250723655972422	0.0571089666274695	-0.19669294653056563	-0.026462278511072072	-0.18541088012193066	0.10518932708122038	0.14073975634111782	-0.16496468587917695	0.07070353099915	-0.19508629120959256	0.012212556107143556	0.19008229048565292	-0.09326054025083438	0.15056824333076502	-0.15784690003093838	-0.08319237344579071	0.1938034308442391
0.1907958871068817	-0.10476547699844316	0.13307084978940362	-0.17740482746210082	-0.035923143025791034	-0.19671785535860076	-0.07126272449470532	-0.15775548887402735	-0.15698185091915876	0.07237992655107378	-0.19626549128463278	-0.03424019602145178	-0.17767179382822784	-0.13077318683614864	0.10664541902834701	-0.18878682490782392	-0.004019213630651125	-0.19110735959096067	0.1001192107834354	-0.13679026137421155	0.17534517065378577	-0.04089914659493335	-0.19915817586177423	-0.07005530281589581	0.1611395302274065	0.16113953022725053	-0.07005530280915297	-0.19915817585805642	-0.04089914658173309	-0.17534517066197128	0.1367902613838532	-0.10011921078361999	-0.19110735960059133	-0.004019213638983665	-0.18878682489181894	0.10664541902710128	-0.1307731868332531	0.1776717938277803	0.03424019603407977	-0.19626549128068435	0.07237992654160455	-0.15698185090521283	0.15775548887528687	0.0712627244993921	-0.19671785537303946	0.035923143030207785	-0.17740482748483313	0.13307084981428619	0.10476547700099821	-0.19079588706860945
0.18705812036307323	-0.12473777898489907	0.10373359576884914	-0.19347337101191536	0.024805434666299916	-0.17675207869324902	-0.1416969189104071	-0.08295203597121215	-0.19638112156394835	-0.04669955624942611	-0.16552083261758732	-0.1559028424137771	-0.0626621683807335	-0.19727166447971156	-0.06752921378149664	-0.15274536832714034	0.1684565789938361	-0.041489462685824936	0.19609794960116428	0.08847714431677876	0.13779797990275866	0.18097266821429278	-0.016874153067062705	-0.19377625943573887	-0.11533981028676797	0.11533981029209504	0.19377625943575624	0.016874153067286776	-0.18097266821396366	0.13779797990996834	0.08847714431793298	0.19609794959622648	0.04148946269645293	-0.16845657899467448	0.15274536831947078	0.06752921378885667	0.19727166447176359	-0.06266216838209886	-0.15590284241171998	0.16552083262706072	0.04669955625384042	0.1963811215485178	-0.08295203596515266	-0.14169691891581104	0.17675207870064683	0.024805434668904842	0.19347337103821852	-0.1037335957947931	-0.12473777898758676	0.18705812032742725
0.18260439416147603	-0.1428040683304516	0.07084067786838623	-0.19779843316138718	0.0831922652120024	-0.13288487559868237	-0.18620049080627288	0.011555588874441679	-0.17713541651478784	-0.1486844400506625	-0.06202000206658067	-0.19666895085852892	0.09018024928139982	-0.12689272122507672	-0.18843320220787158	0.018995735576240128	0.17379422864657354	0.15375843317599058	0.05461573610193355	0.1964895208342228	-0.09852163043111958	0.12008378210456243	0.19384201726056896	0.03319580521672958	-0.16847781214617621	-0.1684778121501306	0.03319580521738966	0.19384201726576392	0.12008378209645071	0.09852163041965849	-0.19648952084371418	-0.05461573609816738	0.15375843317635246	0.17379422864148497	0.018995735575182672	-0.18843320221475615	-0.12689272122146344	-0.09018024928606365	0.19666895085071454	-0.06202000208345167	-0.1486844400442197	-0.1771354165010485	-0.011555588878545773	0.18620049081164786	-0.13288487559607579	-0.08319226522672245	-0.19779843318431106	0.07084067789126315	0.14280406833236448	-0.18260439413250357
0.1774518352013507	-0.15868837237685077	0.03551957814131519	-0.19011766204206182	0.1337257975941023	-0.07104817286185722	-0.1966293661093453	0.10331846891114314	-0.10499221653775949	-0.19624351172627777	0.06874241393475737	-0.13538550869722224	0.18857607002271135	0.03153108571601537	-0.16069216712959503	0.17386105359235438	0.006698097049735831	0.17990409788315317	-0.15300291334938648	0.04410371051810647	-0.19272456248643383	-0.1284296767750032	0.07794413069918027	0.20009232765536833	0.1046196575043473	-0.1046196575064481	-0.20009232764813237	-0.0779441307055448	0.12842967677883352	-0.19272456248292805	0.044103710516485636	-0.15300291334137225	-0.17990409789649817	-0.006698097042348642	-0.17386105359280143	0.1606921671241356	-0.0315310857182381	0.18857607002657018	-0.13538550869685034	-0.06874241391789916	0.19624351172533452	0.10499221652579785	0.10331846891510313	-0.19662936610595097	0.07104817285822199	0.1337257976115291	0.19011766206884387	-0.03551957815927547	-0.15868837238181424	0.1774518351646325
0.1716199789061535	-0.17214772629791528	-0.0010188777110595904	-0.17089719838812084	0.1716354971958607	0.00039618116044857886	-0.17107458361245756	0.17053894344061532	-0.0014958547506585412	-0.17196771657256446	0.16928842341335507	-0.0038514609470276973	0.1731169869739062	0.1680760570169629	-0.006190014646037164	0.17426714739056803	-0.16704364188797952	0.00819125108427209	-0.17534451747507399	-0.16672926506193472	-0.008923723162231863	-0.17627761814988085	-0.16928606745189234	0.004863889087764075	0.17513160503878092	0.17513160504518419	0.004863889084981405	-0.16928606745433675	-0.17627761813992865	0.008923723174281169	0.1667292650758809	0.17534451746508903	0.008191251094021622	-0.16704364188821683	0.174267147394586	-0.006190014636500523	0.16807605702015188	-0.1731169869734306	0.003851460953188436	0.1692884233994068	-0.17196771657905627	-0.0014958547449444035	-0.17053894344541423	0.17107458359722189	0.00039618116707434666	-0.1716354972133942	-0.1708971984179052	-0.001018877698853582	0.17214772630971584	-0.17161997886109284
0.1651314568942599	-0.18297691265693652	-0.037522556910727096	-0.14130377937442382	0.19334303607033043	0.071787241706967	-0.1142131042984371	0.1972506459259377	0.10244757630788716	-0.08474327312838043	0.19542281632084743	0.12968190667954912	0.05313712646289955	0.18800181643345232	0.1531956160522372	0.019853837616811313	-0.17505088251879317	-0.17253225946417056	0.014644301183540653	-0.15660469565237892	0.18775007695031926	0.05129771900531904	-0.13128079968943482	-0.1991716860291417	-0.09347736192172891	0.09347736192589573	0.1991716860209249	0.13128079969658848	-0.051297719015558275	0.18775007693834847	-0.15660469565905996	0.014644301179181089	0.1725322594700976	0.17505088251475362	-0.019853837619103414	-0.1531956160562734	-0.1880018164367481	0.05313712646043107	0.12968190667779014	-0.19542281631590305	0.08474327313212059	-0.10244757630215644	0.19725064592423172	-0.11421310427591938	-0.07178724171425124	0.1933430360865111	0.1413037794038037	0.03752255689783799	-0.18297691267416152	0.1651314568512023
0.15801071230793948	-0.19100993302643157	-0.07274002937329253	-0.10313312850060907	0.19679793414267224	0.13346965904668232	-0.03645134012417822	0.17710829047291873	0.17579713486549411	0.033501769230000755	0.13565571328699866	0.1959221100234672	-0.09892247376673238	0.07748311172988216	0.19173269911382973	-0.15219737077246615	-0.00937571130716376	-0.1635016566401328	0.18689573626712527	0.06105856888860564	0.11359416097798782	0.19872049535829167	0.1279272602559251	-0.042744249160387576	-0.18106947724090774	-0.18106947725127362	-0.04274424915861124	0.1279272602600871	0.19872049535437175	-0.11359416098146793	-0.061058568900801004	-0.18689573624976105	-0.16350165665200828	-0.009375711307403188	-0.1521973707710062	0.1917326991136646	0.0774831117333573	0.09892247377082633	-0.19592211003236232	0.13565571329368237	0.0335017692382625	0.17579713485137166	-0.17710829045756593	0.03645134009640034	0.13346965904548813	-0.1967979341524644	-0.10313312853210826	-0.0727400293526235	0.19100993305117953	-0.15801071227600735
0.1502857377421753	-0.19612515569218217	-0.10546494955549576	-0.05870242008355935	0.18167570786813605	0.17710469000985657	0.04798179867476262	0.11489680536370492	0.19665065657685213	0.1394855769525069	0.016258962334990676	0.1605012539715571	-0.19125913755103982	-0.08679834010281139	0.07902394004208801	-0.18904046519739254	0.1656069298699813	0.02534956207948663	0.1328317088678307	0.19780706692390965	-0.12442011292484959	0.03566028564937052	0.17159699822771576	0.19105387449578987	0.08196058146536356	-0.08196058146623812	-0.19105387448887776	-0.1715969982419002	-0.035660285638154175	-0.12442011291720471	0.19780706694181172	0.13283170885042178	-0.02534956208203333	-0.16560692985896652	0.18904046518634168	-0.07902394004677178	0.08679834008818173	-0.19125913755788643	0.16050125399844734	-0.016258962349954838	-0.13948557698441116	-0.19665065656563685	0.11489680532681953	0.047981798712478756	-0.17710468998569917	0.1816757078577319	0.05870242012463162	0.10546494951437298	-0.1961251557301292	0.15028573773447615
0.14198455701560972	-0.19824179468019776	-0.13457289010777737	-0.010710064632753345	0.14940348255256783	0.19678981520279729	0.12363354716532679	0.02539217377213059	0.15877518064372836	0.19440482602130915	-0.1102788255644928	0.04180084618524021	-0.16812123363074427	-0.19085236672629086	-0.09602253346447749	-0.05793352140220058	0.17626791632642605	0.1863094564288557	-0.08207514309025742	0.07240959415748276	-0.18295099709767387	-0.1831111699440043	-0.0738717002572127	0.07906617657755516	0.1862538959150212	0.1862538959177905	0.07906617657015197	-0.07387170024844081	-0.1831111699423833	0.18295099710709947	-0.07240959415893646	0.08207514309561256	0.1863094564430651	0.1762679163085875	-0.05793352138906968	-0.09602253345335203	-0.19085236670887445	0.16812123364064835	-0.04180084621692151	-0.11027882555110322	0.1944048260655986	0.15877518063627707	-0.02539217372437368	-0.12363354720454546	0.1967898151592583	-0.14940348252576088	-0.010710064679891608	-0.1345728900505086	0.19824179473056094	-0.14198455702796567
0.13314146264687407	-0.19733191049095508	-0.15907097150935065	0.03793409034811429	0.10302811681403459	0.18986718904024819	0.17666515506975983	-0.07014792671934865	0.07348470653700202	0.1781662011296427	-0.1883489233656201	-0.09859412041695675	-0.04348085032226129	-0.1624929346973886	-0.19533601514757504	0.12465376040256668	0.012037441658230333	0.1423739728061776	-0.1976060764954382	-0.1489529947775395	0.022410950858975362	-0.115812713606257	-0.19491203756057213	-0.17604985828392639	-0.07012261743851853	0.070122617443716	0.1760498582781249	0.1949120375653996	0.1158127135912541	0.022410950837357512	-0.14895299478606394	-0.19760607648781559	-0.1423739728265345	-0.012037441647892798	-0.12465376041838173	0.19533601514574447	0.16249293468096163	-0.04348085031969053	-0.09859412039167634	0.18834892334368641	-0.17816620116393547	-0.07348470654520357	-0.07014792675404039	0.17666515511021683	-0.18986718900434982	0.10302811678092057	-0.037934090316302314	0.1590709714524595	-0.19733191054015953	0.13314146265656754
0.12378732287280451	-0.19340411424585646	-0.17811362979948953	0.08427405159108242	0.04692498699644506	0.15726257127957843	0.19735498739838547	-0.14901127021421628	-0.033738667895732585	0.09671488582319866	-0.18362587409307132	-0.18782299494036261	0.10740835558428614	-0.02137948231034797	-0.14053649060569098	0.19646502817409148	-0.16410436701696454	-0.05812619398469773	-0.07384583634496508	-0.1728927068211699	0.1954199039583849	0.1324308287962393	0.012495131038034417	-0.1124864680557649	-0.19062345095263333	-0.1906234509693623	-0.11248646805719625	0.012495131044912894	0.132430828805365	-0.1954199039397353	0.17289270682691568	0.07384583634634254	-0.058126193979804584	-0.16410436702232598	0.19646502817761416	-0.14053649060672455	-0.021379482308868023	-0.10740835558792357	0.18782299493486965	-0.18362587407800293	0.09671488583223714	-0.033738667884597645	0.1490112702300419	-0.19735498742751453	0.15726257125664242	-0.046924986968766784	0.08427405157339385	-0.17811362974829012	0.19340411429331814	-0.12378732287567838
0.11396368653316767	-0.1865290995261689	-0.19106141862787357	0.12550854569351333	-0.013613569308303089	0.10339365331703793	0.18193886325264913	-0.1924949899693483	-0.13090209457834295	-0.020145366403542413	-0.09819732422690979	-0.1796178087026455	0.19348462262000934	0.13460108731997497	0.025141339223744317	0.09374386755760236	-0.17745568102997655	-0.19473387857216032	0.13935159106721373	0.032267529975270895	0.08661353377438769	0.1738735379479398	0.19897314301504304	0.15474841324123334	0.05802836408918004	-0.05802836409322643	-0.15474841322976154	-0.1989731430245033	-0.1738735379434073	0.08661353377997937	0.032267529989493365	0.1393515910563408	0.1947338785789089	0.1774556810271201	-0.09374386755618494	-0.025141339216822087	-0.1346010873115584	0.19348462262474386	-0.17961780871363794	0.09819732421846318	0.020145366423680026	0.13090209456552446	-0.1924949899646505	0.18193886326954187	-0.10339365331262769	-0.013613569326859183	-0.12550854569028158	0.19106141858383274	-0.18652909956999342	0.11396368652718655
0.10369722594395007	-0.17679033657045848	-0.19744010953846203	0.1591003145449482	-0.07284238235667005	0.03556173442727858	0.13323481472005025	-0.19024793492733066	-0.1889593130555074	-0.12961755044947654	0.030396196070262255	-0.0781818920682629	0.1626828203416664	0.19710390155359755	0.17089680463997803	-0.09219092842816852	-0.014765688175683297	-0.11714689832117242	0.18373615046441227	0.1945885639107507	-0.14709150334515705	-0.05638805944522245	0.050056869431861335	0.14170005332109006	0.1940404316712932	0.19404043168132293	0.14170005331445573	0.05005686943393238	-0.05638805944929665	0.14709150333091278	-0.19458856393275586	-0.1837361504485875	-0.11714689832680365	-0.014765688175198593	-0.09219092842642664	0.17089680464186882	0.19710390154977311	-0.16268282033506853	0.07818189207725365	0.030396196060178907	-0.12961755047484394	-0.1889593130490701	0.19024793492547273	-0.13323481472486035	0.03556173441992085	0.07284238237603874	0.15910031453661067	-0.19744010948276966	0.17679033662080365	-0.1036972259541244
0.09304538188901836	-0.1643727216953727	-0.197082926580054	0.1830715650604423	-0.12522861170641975	-0.03710003770085651	0.06015080501602728	-0.14284217183794035	-0.19064991724009964	-0.19172513770378186	0.14571220909979182	0.06388338598149867	0.033641825317727504	0.12288150157904203	0.18192338345763667	-0.19632603341720217	0.16265586404633714	0.0892895970340673	0.005725456270276587	0.0992485927635333	-0.1689373176692668	-0.19891394975806617	-0.18354510481756614	-0.12803604279128808	-0.04576798368195516	0.045767983683421505	0.12803604278384284	0.18354510482943348	0.19891394975183485	-0.16893731766466075	0.09924859276964534	0.005725456270819532	-0.08928959703871783	-0.16265586404760454	0.196326033409478	-0.18192338346222345	-0.1228815015833967	0.03364182530897395	0.06388338598008081	-0.14571220908119073	0.19172513772735847	0.19064991723728245	-0.14284217183745213	0.06015080501060795	0.0371000377058432	-0.12522861172530203	-0.18307156505069536	0.19708292651688397	-0.16437272174886738	0.09304538191127716
0.08203465625143426	-0.1494354397155732	-0.18995378777762412	0.1959042765800925	-0.16576037694759369	-0.10471586849216094	-0.02393139328128379	-0.06147774724519433	-0.1353255326627083	-0.18351074886530325	0.19678694900371022	0.17258126642990695	-0.11550240553709124	-0.0364477956359012	0.04950376183213912	-0.12599775883092637	0.17854800366180576	0.19732068035713324	-0.1790246706294322	-0.12752251127411937	0.052983003190074054	-0.03034907341607603	-0.10735616691068108	-0.16534515283375853	-0.19614052350543124	-0.1961405235115716	-0.16534515282364406	-0.10735616692014603	-0.03034907341140904	-0.05298300318421711	0.1275225112925428	0.17902467060647498	0.19732068036642214	0.17854800366998658	-0.12599775882494058	0.04950376182729398	-0.03644779563163071	0.11550240553350187	-0.17258126642919702	0.1967869489930784	-0.1835107488909559	-0.1353255326591501	0.06147774723282295	0.02393139329633384	-0.10471586847854532	0.16576037695783652	0.19590427658172413	-0.1899537877227116	0.149435439763734	-0.08203465626821922
0.07074465111207831	-0.13228485519836405	-0.17641914568851014	0.19698385174167748	-0.19080588670662407	-0.15834112360702088	-0.10378916631092154	0.034602732293455	-0.03954585701299659	-0.10816889339113733	0.16150536410642966	0.19195481711211457	-0.1951844150335287	-0.17074913218137366	-0.12214273663441036	0.05628097632523367	0.017504185947480367	0.08881886157551587	-0.14772823744769462	-0.18623920407075217	0.19952533790965274	0.18665653276259242	0.15057706805110885	0.09714958746149915	0.033484415155413345	-0.03348441515554099	-0.09714958745714698	-0.1505770680615299	-0.1866565327556093	0.1995253379011848	-0.18623920409324976	-0.1477282374298331	-0.08881886157745965	-0.017504185952697194	-0.05628097632184411	0.1221427366426466	0.17074913218264134	-0.19518441502275982	0.19195481711098544	-0.16150536410537003	0.1081688934108162	0.03954585701259458	0.0346027323131184	-0.10378916633490294	0.15834112357825528	-0.19080588670759221	-0.1969838517515091	0.17641914564343378	-0.13228485524183206	0.07074465112437317
0.0591666036871691	-0.11306933077978823	-0.15675171561626947	0.18596092820934637	-0.19761805922413156	-0.19025266132422994	-0.16427932352015345	0.12204257394642096	0.06761605546658553	0.006387552306141772	0.055510417874271266	0.11185073783462038	-0.156965886901879	-0.1863353090787856	-0.1970474158033721	0.18809421356163789	-0.16047435291383716	-0.11709632327553339	0.06248482847932061	0.0022988362277128476	0.057327929233169934	0.11059976131969014	0.15293529278326123	0.18164298285305377	0.19592001606423792	0.19592001606876605	0.18164298284193922	0.15293529279701293	0.11059976131260793	-0.05732792923165753	-0.002298836229770212	-0.0624848284679597	-0.1170963232824915	-0.16047435292068096	0.18809421355188527	-0.19704741580423493	-0.1863353090821335	0.15696588689536012	-0.11185073783710298	0.055510417879228266	0.0063875523040508005	0.06761605546112494	-0.12204257396221527	0.16427932354873198	-0.19025266129084356	0.19761805922006687	0.1859609282196041	-0.15675171557682654	0.11306933082132785	-0.05916660370219861
0.04745009430750987	-0.09230525029518459	-0.13198653263203516	0.16402549035916436	-0.1862485148736796	-0.19699932876921972	-0.19533451035243254	0.18114890569633144	0.15521469193312473	0.11913632659825335	-0.07523353407541965	-0.026369171843967067	-0.024259455407650503	-0.07334745338291884	-0.11771060848757152	0.1545010997132446	-0.1814002271701761	-0.1967812201258466	0.19983720955494105	0.19066771469356916	-0.1703074135614099	-0.140658011272923	-0.1042505461534249	-0.0637677882344718	-0.02141667572153886	0.02141667572125564	0.06376778823211084	0.1042505461608064	0.14065801126755603	-0.17030741355367043	0.19066771471929927	0.19983720952751013	0.19678122013351823	0.18140022718167853	-0.15450109970588363	0.11771060848131432	0.07334745338336462	-0.024259455408236392	-0.026369171837925837	0.07523353406491373	-0.11913632661491455	-0.1552146919247318	0.1811489057057485	-0.19533451037961852	0.19699932873428314	-0.18624851486679242	-0.16402549036921651	0.13198653259974957	-0.09230525033336348	0.04745009432417221
0.035726203139817295	-0.07046055829815198	-0.10314661999627867	0.13265200737168062	-0.15782238614445115	-0.17757429901378616	-0.19099208870616138	0.1974063722117161	0.19644561773491304	0.1880608895215855	-0.17252736789575474	-0.15042727663978825	0.12261888408018413	0.09019588945903828	0.0544409177481492	-0.016775897703550795	-0.02128950921934395	-0.05821291158393441	0.09248320781685807	0.12270499836799657	-0.14772088541869835	-0.16678756988188437	-0.1797878560024324	-0.18735652650775053	-0.1906574546153759	-0.19065745461897463	-0.18735652649613999	-0.17978785601748956	-0.16678756987259674	0.14772088541220973	-0.12270499838481524	-0.09248320780796655	-0.058212911585615604	-0.021289509221751476	-0.016775897703762813	0.05444091775522515	0.09019588946225521	-0.12261888407477163	0.15042727663389285	-0.1725273678817857	0.188060889549101	0.19644561772707694	-0.19740637221701096	0.19099208872780613	-0.17757429897897092	0.1578223861357302	0.13265200738245228	-0.10314661997403918	0.07046055833007181	-0.03572620315402916
0.024176685262898095	-0.04817219762184844	-0.07174654991074728	0.09457312051402014	-0.11624925389716999	-0.13633097435782887	-0.1543732135020059	0.16996405004776574	0.18274915130260178	0.1924468734877926	-0.19885590276852577	-0.2018574451213534	0.2014137279926051	0.19756431394022542	0.19042157567795345	-0.18016664659032028	0.16704714345595836	0.15137776973358366	-0.133544224135445	-0.11400899766062414	0.09331310065531312	0.07205823401311354	0.05084014333785117	0.030103320554717095	0.009947690887478808	-0.00994769088620635	-0.030103320553885267	-0.050840143343005725	-0.07205823401214718	0.09331310065131673	-0.11400899767461695	-0.1335442241126573	-0.1513777697376013	-0.1670471434655705	0.180166646584883	-0.19042157568244042	-0.19756431394500548	0.20141372798496632	-0.20185744511790737	0.19885590275597345	-0.19244687351633885	-0.1827491512963976	0.1699640500498972	-0.1543732135165839	0.1363309743284754	-0.11624925388873533	-0.09457312052355336	0.07174654989788419	-0.048172197645812584	0.02417668527353717
0.0126347619071033	-0.025327428794054387	-0.03810502330525254	0.05094727965728055	-0.06378811057465039	-0.07652823379610231	-0.08905039868681622	0.10123207698671763	0.11295404322932442	0.12410514958026857	-0.13458412954042895	-0.144299206307785	0.1531660838387898	0.1611047361085805	0.1680353832744336	-0.17387425133235537	0.17853029079787253	0.18190520906457933	-0.18390133004661818	-0.1844453571937962	0.18354043450569554	0.18135881228826287	0.1783662896059044	0.17539989445390133	0.17351990410762333	0.1735199041109512	0.1753998944442461	0.1783662896223882	0.18135881228067877	-0.18354043449754281	0.18444535721759223	0.18390133001935233	0.18190520906903687	0.1785302908081309	-0.17387425132651443	0.16803538327594345	0.16110473611193712	-0.15316608383330046	0.14429920630704762	-0.134584129533805	0.12410514959922883	0.11295404322539986	-0.1012320769864589	0.08905039869371965	-0.0765282337785336	0.06378811056929735	0.05094727966308713	-0.03810502329975002	0.02532742880820299	-0.01263476191369805
