0.02952445084361935
0.029468326137435608
0.029406858674363587
0.02935585425838793
0.0293202502890906
0.02930025656552407
0.02929534415706896
0.029304789970988128
0.02932457700247036
0.029348314835813426
0.02937602781492253
0.029412631764134306
0.029448425189333344
0.029458453646616464
0.02944589402318357
0.02942650517573582
0.029406459637441824
0.02938653327537043
0.029366375609095927
0.029346046683865732
0.029326779981762377
0.02931123199089631
0.029302133620756288
0.029298918834752958
0.02929766320439068
0.0292976632043421
0.029298918834512695
0.029302133620625875
0.02931123199090751
0.029326779981724373
0.02934604668392722
0.02936637560904299
0.029386533275317407
0.029406459637449638
0.029426505175560495
0.029445894023257303
0.02945845364659424
0.029448425189355313
0.029412631764076658
0.029376027814926767
0.029348314835849158
0.029324577002624537
0.029304789970979343
0.02929534415741483
0.029300256565003
0.029320250289178763
0.029355854258590844
0.029406858674370047
0.029468326138290514
0.029524450838186143
