0.9502972157164246
0.9498450740836798
0.9490815391994526
0.9479905797135628
0.9465479066095118
0.9447195018863696
0.9424597868665034
0.9397092077837228
0.9363909741402846
0.9324066380567789
0.9276301217462366
0.9218996815824114
0.9150071494508943
0.9066836430508832
0.8965808578284178
0.8842472138924546
0.8690989079230672
0.8503880874524249
0.8271753875405017
0.7983243640748056
0.7625539147874002
0.7186123169481677
0.6656615756626132
0.6039326683376506
0.5354972722722402
0.46450272772640744
0.3960673316650336
0.3343384243346397
0.281387683052842
0.23744608521270927
0.20167563592657678
0.1728246124579288
0.1496119125487425
0.13090109207650824
0.11575278610693185
0.10341914217224712
0.0933163569487464
0.08499285054908079
0.07810031841733978
0.0723698782534774
0.06759336194333554
0.06360902585953154
0.060290792216740385
0.05754021313375479
0.05528049811365565
0.053452093390847555
0.05200942028619371
0.05091846080051485
0.05015492591621266
0.04970278428328666
