0.9502972157166211
0.9498450740835389
0.9490815391991532
0.9479905797135509
0.9465479066091084
0.9447195018865914
0.942459786866752
0.9397092077838206
0.9363909741408039
0.9324066380566459
0.9276301217463371
0.9218996815826002
0.915007149450904
0.9066836430508292
0.8965808578267697
0.8842472138921961
0.8690989079237412
0.850388087452744
0.8271753875434789
0.7983243640732617
0.7625539147856083
0.7186123169457577
0.6656615756658867
0.6039326683368265
0.5354972722745401
0.464502727726588
0.396067331660487
0.33433842433712946
0.28138768305351247
0.23744608521431132
0.20167563592503368
0.17282461245760183
0.149611912545757
0.13090109207668654
0.11575278610873474
0.10341914217295356
0.09331635694976803
0.08499285054908312
0.07810031841736453
0.07236987825356755
0.06759336194295906
0.06360902585930317
0.06029079221585554
0.05754021313324187
0.05528049811357727
0.05345209339057633
0.05200942028659872
0.050918460800722994
0.05015492591644386
0.04970278428360851
