0.02952445083538748
0.02946832613885704
0.02940685867478552
0.029355854258111484
0.029320250289680723
0.029300256564803156
0.029295344157476512
0.029304789970884204
0.029324577002654194
0.029348314835789792
0.029376027814912324
0.02941263176401037
0.0294484251893411
0.029458453646681097
0.02944589402331811
0.02942650517555918
0.029406459637423124
0.02938653327533558
0.02936637560908644
0.02934604668389284
0.029326779981740925
0.029311231990856765
0.02930213362068811
0.02929891883435033
0.029297663204389375
0.029297663204457765
0.029298918834584336
0.029302133620796617
0.029311231990818823
0.0293267799817835
0.029346046683839402
0.029366375609138413
0.0293865332754
0.029406459637424387
0.029426505175744824
0.02944589402327236
0.029458453646708134
0.02944842518928871
0.029412631764048458
0.029376027814891032
0.02934831483576806
0.02932457700250746
0.029304789970932867
0.02929534415716402
0.029300256565310913
0.029320250289742732
0.0293558542577311
0.02940685867433534
0.02946832613740198
0.029524450838650074
