0.012634730121880332	0.025327390577189978	0.038105010198358484	-0.05094730344587029	0.06378815291534362	0.07652826040689849	-0.08905038879682417	0.10123203901547077	0.11295400868311305	-0.12410514561976725	0.13458415491712372	0.14429923613191942	0.15316609472446677	-0.16110472435521997	0.1680353628494885	0.17387423976918803	0.17853029673326384	-0.1819052250748481	-0.18390133875525358	0.18444534833700588	-0.18354041865234771	-0.18135881128876233	0.17836630617012858	-0.17539990339379571	0.17351989036911486	-0.17351989037966917	-0.17539990338251807	0.1783663061822508	0.18135881128193312	0.18354041864379414	0.18444534835689547	0.18390133873642175	0.18190522508705134	-0.17853029673068976	0.17387423976630692	0.16803536285117873	0.16110472435578418	-0.15316609472615392	0.14429923613267165	0.13458415491093406	0.12410514562775557	-0.11295400867210137	-0.10123203901682161	-0.0890503887995005	-0.07652826040447953	-0.06378815292087774	0.050947303449465485	0.038105010196231574	0.025327390578845425	0.012634730114097565
0.024176632095363727	0.048172135655496696	0.07174653244555163	-0.09457316361707205	0.11624932170308297	0.13633100909681814	-0.15437318773630265	0.16996398714468347	0.1827491057288249	-0.19244688125420956	0.19885594923364847	0.20185748508544235	0.20141373102262614	-0.197564286782504	0.19042154792506844	0.1801666416796879	0.16704716140564746	-0.15137778914602196	-0.1335442243156987	0.11400898064058623	-0.09331308845792781	-0.07205824022982546	0.05084015528418395	-0.030103321887361232	0.009947687995581038	0.009947687996393522	0.030103321884697967	-0.05084015528879046	-0.07205824022672985	-0.09331308845336421	-0.11400898065182012	-0.13354422430325083	-0.15137778915535585	0.16704716140384337	-0.1801666416773302	-0.19042154792576485	-0.19756428678366103	0.20141373102501275	-0.20185748508725926	-0.19885594922527577	-0.19244688126624393	0.18274910571098657	0.16996398714573244	0.1543731877404766	0.13633100909279347	0.11624932171304898	-0.09457316362421374	-0.0717465324413597	-0.048172135658248266	-0.024176632080189962
0.0357261367618016	0.0704604847053211	0.1031466063467584	-0.13265206626008827	0.15782246368691497	0.17757432469701653	-0.19099204360948296	0.197406300569221	0.1964455847860119	-0.18806091885447354	0.17252742256814266	0.150427304063818	0.12261886787894309	-0.0901958554606531	0.054440900813976095	0.016775908976810205	-0.021289487851567566	0.05821290562876186	0.09248322155634355	-0.12270501103836835	0.1477208800001997	0.1667875576973706	-0.1797878565721642	0.18735653359765167	-0.19065745289565214	0.1906574529069976	0.18735653358557397	-0.17978785658362323	-0.16678755769171202	-0.1477208799937755	-0.12270501105292149	-0.09248322154453394	-0.05821290563406929	0.021289487850222888	0.01677590897776416	0.05444090081153909	0.09019585546232264	-0.12261886788095265	0.15042730406691693	0.17252742256245163	0.18806091886532342	-0.19644558476696047	-0.19740630056783315	-0.19099204361359684	-0.17757432469230353	-0.15782246369993563	0.13265206627111584	0.10314660634035101	0.07046048470869838	0.03572613673902102
0.04745002282612156	0.09230517732404123	0.1319865311146265	-0.16402556128302395	0.1862485865336474	0.1969993302750216	-0.1953344461889119	0.18114884294514913	0.15521469032352417	-0.11913637822132706	0.07523357947272283	0.026369170054388855	-0.02425949006983196	0.07334747915926991	-0.11771060325957934	-0.15450107741562275	-0.18140021670671835	0.19678123067567765	0.1998372222233189	-0.19066771107763714	0.17030740311124	0.14065801358962024	-0.10425055439942968	0.06376778396001355	-0.02141666913062938	-0.021416669132025036	-0.06376778395437131	0.10425055440891372	0.14065801358413232	0.17030740310316667	0.19066771109698388	0.19983722220260441	0.19678123068920914	-0.1814002167039964	0.15450107741224095	0.11771060326331736	0.07334747915780188	-0.02425949006941649	-0.026369170057359458	-0.07523357947245544	-0.11913637822711855	0.1552146903097062	0.1811488429403168	0.1953344461911734	0.1969993302695678	0.18624858654677826	-0.16402556129787932	-0.131986531106569	-0.09230517732891004	-0.047450022796443246
0.059166530225198084	0.11306926379013528	0.1567517295874741	-0.18596100713735098	0.19761811500482815	0.19025263352962699	-0.16427924869422672	0.12204253569870031	0.06761609004882076	-0.006387612130725477	-0.05551040015684926	-0.1118507707331298	-0.1569659237608363	0.18633531110148088	-0.19704739050591452	-0.18809419574583544	-0.16047436164100234	0.11709634111276764	0.062484828983940637	-0.0022988225154311364	-0.05732793229961425	-0.11059975124676157	0.15293529110204573	-0.18164298936457074	0.19592001380825436	-0.19592001381989896	-0.18164298935356396	0.152935291110046	0.11059975124318168	0.057327932297462234	-0.0022988225121012684	-0.06248482898070161	-0.11709634111813771	0.16047436164029205	-0.18809419574421296	-0.19704739050762607	-0.18633531110144283	0.15696592376211396	-0.11185077073172497	-0.0555104001511167	0.006387612129381685	-0.06761609004502424	-0.12204253568987468	-0.16427924869304183	-0.19025263352373312	-0.1976181150148626	0.18596100715601754	0.15675172957855613	0.11306926379725024	0.05916653018926732
0.07074457812898603	0.13228479794437412	0.17641917593884868	-0.19698393281724016	0.19080591887429368	0.15834106839413398	-0.10378909471452653	0.03460272963216343	-0.039545794595946156	0.10816884711346134	-0.16150538360836927	-0.19195486590754043	-0.19518443191104226	0.17074910740145913	-0.12214270981592003	-0.05628097915574005	0.01750416538670474	-0.08881885573211769	-0.1477282506504407	0.18623921013609376	-0.19952532803875914	-0.18665652945776806	0.1505770763647326	-0.0971495863568577	0.03348440946322829	0.03348440946644584	0.09714958634833581	-0.15057707637663315	-0.18665652944978922	-0.1995253280297302	-0.1862392101578709	-0.1477282506325433	-0.08881885574155249	0.017504165384118687	0.05628097915844618	0.12214270981310708	0.17074910740342242	-0.19518443191345408	0.19195486590895477	0.16150538359923	0.10816884712107092	-0.03954579458805771	0.0346027296205921	0.103789094709065	0.1583410683877491	0.190805918877932	-0.19698393283949325	-0.1764191759299795	-0.13228479795474557	-0.07074457808791323
0.08203458290113555	0.14943539147340484	0.1899538320698323	-0.19590435464686354	0.16576038319138275	0.10471579448661526	-0.023931338835067987	-0.061477713876720734	-0.1353254624422157	0.18351073517220035	-0.19678699891091592	-0.17258130623866066	-0.1155023911792885	0.03644775964227793	0.049503769579703275	0.12599773648876778	0.1785479891988317	-0.1973206914566175	-0.1790246821994521	0.12752250318587513	-0.05298299489337321	0.030349066090370747	-0.10735616389646087	0.16534515972925162	-0.19614052101459506	0.1961405210257346	0.16534515971996108	-0.10735616390014235	-0.030349066090954547	0.05298299489012774	0.12752250319626976	0.17902468218390305	0.19732069147038508	-0.17854798919511589	0.1259977364833968	0.04950376958531415	-0.0364477596457378	0.11550239118114164	-0.17258130624198686	-0.19678699890279347	-0.18351073518360475	0.13532546242545665	0.061477713888653814	-0.02393133882560637	-0.10471579448057426	-0.16576038318723604	0.1959043546727589	0.18995383206100977	0.14943539148680685	0.08203458285563418
0.09304530825426167	0.16437268254150003	0.19708298222681492	-0.1830716342345561	0.12522859111323062	0.03709995562459907	0.060150831443943155	-0.14284211063502253	-0.19064986218557656	0.19172516431605657	-0.14571226907440726	-0.06388339583401953	0.03364186334522799	-0.12288152386591117	0.18192336455939753	0.19632600974918726	0.16265586944012408	-0.08928961300581421	0.005725460586890835	-0.09924860493727747	0.16893731261594597	0.19891394290290734	-0.183545112179807	0.12803604360614995	-0.04576797822851368	-0.04576797823240816	-0.1280360435954049	0.18354511219356368	0.1989139428952925	0.1689373126091619	0.09924860495216002	0.00572546057953879	-0.08928961300738328	0.16265586943918106	-0.1963260097465606	-0.18192336456280442	-0.12288152386294747	0.033641863345410444	0.06388339583774622	0.14571226907187604	0.19172516432684114	-0.19064986216521973	-0.14284211064400215	-0.06015083145600818	0.03709995561972166	0.1252285911005143	-0.18307163426359194	-0.197082982218322	-0.16437268255811682	-0.09304530820513107
0.10369715123467925	0.17679030573358168	0.19744017378268783	-0.1591003704650875	0.07284233692656379	-0.035561813749972616	0.13323480909865168	-0.19024786170388885	-0.18895929126864677	0.12961760950432188	-0.030396241391598033	0.07818191638841476	0.1626828588409293	-0.19710389417401433	0.1708967724003104	0.09219092215562487	-0.014765669848740927	0.11714689521705592	0.1837361653116731	-0.19458856493378898	0.14709149377704156	0.05638806456638715	0.050056864238461056	-0.14170005994393475	0.1940404285554378	-0.1940404285658996	-0.14170005993748847	0.05005686423719185	-0.05638806456252742	-0.147091493769896	-0.1945885649530901	-0.1837361652907165	-0.11714689523016357	0.014765669844969544	0.092190922158558	0.17089677239694	0.19710389417458393	-0.16268285884362318	0.07818191638549668	-0.03039624139642283	-0.12961760950944926	0.1889592912516521	0.19024786170728306	0.13323480911035127	0.03556181375232262	-0.07284233690494804	0.15910037049607656	0.1974401737754833	0.17679030575356178	0.10369715118184869
0.11396361113464144	0.18652907732027257	0.19106148870537473	-0.12550858438790236	0.013613503233835153	-0.10339371888741107	0.18193882670412093	-0.19249492310349295	-0.13090211403942761	0.02014543730171618	0.09819731330027284	0.17961785454667575	0.19348463757207088	-0.13460105393082963	0.0251413178528105	-0.09374385130945759	-0.17745566811903776	0.19473389232970537	0.13935159936151575	-0.03226751911192891	-0.08661353392765349	-0.17387352887734295	0.19897314855686196	-0.15474841493468275	0.058028358235823946	0.05802835824053755	0.15474841492297284	-0.19897314856999407	-0.17387352887103344	-0.08661353392579714	0.0322675191094344	0.13935159935436126	0.19473389234162355	-0.17745566811410704	0.09374385130408396	-0.025141317844562396	-0.13460105393611957	0.19348463757526424	-0.17961785454589224	-0.09819731329072603	0.020145437298893114	-0.13090211403214788	-0.19249492309890814	-0.1819388267121172	-0.10339371888695502	0.013613503204358083	-0.12550858441999116	-0.19106148870016412	-0.18652907734370183	-0.11396361107882749
0.12378724686505596	0.19340410110689008	0.1781137040516465	-0.08427407182658588	-0.04692506650824458	-0.15726261352437465	0.197354925819952	-0.14901122445949327	-0.03373872154131086	-0.0967148300274556	0.18362590308233903	0.1878230392497526	0.1074083387590422	0.021379517996027633	-0.1405364841208106	-0.19646500383394108	-0.16410437215701779	0.05812620931890177	-0.07384584448241224	0.17289271478763812	-0.19541989418331968	-0.1324308297992618	0.01249513782428614	0.11248647460418265	-0.19062344852705973	0.19062344853595145	0.1124864746008985	0.012495137829695913	0.13243082979344384	0.19541989417502448	0.17289271480733198	0.0738458444672822	-0.05812620931468114	0.16410437215804838	-0.19646500383101453	-0.14053648412598266	-0.021379517990445355	-0.1074083387596991	0.18782303925374683	0.18362590307301643	0.0967148300353491	0.03373872154597754	0.14901122444440862	0.1973549258226349	0.15726261352254628	0.04692506654141459	0.08427407185965825	0.1781137040469885	0.193404101133349	0.12378724680923114
0.13314138686337082	0.19733190752915009	0.1590710486230444	-0.037934092651872156	-0.10302819983596208	-0.1898671993477841	0.17666507667368905	-0.07014790976346388	0.07348463826465422	-0.17816618477633964	0.1883489834002493	0.09859414361047701	-0.04348088576236263	0.16249294503717046	-0.1953359832476268	-0.12465374747695991	0.012037425077079462	-0.142373973963223	-0.1976060922027373	0.14895298993678108	-0.02241094560640883	0.11581270380993469	-0.1949120407511381	0.17604986117155247	-0.07012261145870977	-0.07012261146340437	-0.17604986116093652	0.19491204076133	0.11581270380517449	-0.022410945601283157	-0.14895298994722156	-0.19760609218607084	-0.14237397397736068	0.012037425069589562	0.12465374747796401	0.19533598324525822	0.16249294503735745	-0.043480885763665184	-0.09859414361907008	-0.18834898339462516	-0.1781661847855782	0.0734846382507998	-0.07014790973974479	-0.17666507667054945	-0.18986719934450105	-0.10302819986804237	-0.037934092684525716	-0.15907104861869856	-0.19733190755908073	-0.1331413868093771
0.14198448254385093	0.19824180383022796	0.1345729705780384	0.01071007621057994	-0.14940355625512292	-0.19678978635417535	0.12363345951796098	0.025392165453365197	0.15877512599916113	-0.19440486296160428	0.11027889803094545	-0.04180084862782928	-0.16812125940068592	0.1908523385259399	-0.09602249614424452	0.057933515788770436	0.17626790821731123	-0.18630947541694068	-0.08207514932259082	-0.07240960388663945	0.18295098920057112	0.18311116594267007	-0.07387170751205555	-0.07906618301422369	0.18625389423751676	-0.18625389424298883	-0.07906618301392247	-0.07387170751890691	-0.18311116593756283	-0.1829509891957504	-0.0724096038969414	0.08207514932318977	0.186309475422334	-0.1762679082142643	0.057933515783433455	-0.09602249613901885	-0.19085233853008474	0.16812125940078124	-0.04180084862271094	0.11027889803123332	0.19440486297278498	-0.15877512598002558	-0.02539216547683614	0.12363345950618082	0.19678978634583955	0.14940355628521507	-0.010710076182402276	0.13457297057856862	0.19824180386505896	0.1419844824883851
0.15028566559386855	0.1961251782421215	0.10546503285792615	0.058702441567205325	-0.18167576083799977	-0.17710462033315882	0.04798171124166006	0.11489678127159546	0.19665064020260709	-0.139485662358028	-0.016258900731434742	-0.16050127266448355	-0.19125913057864932	0.08679828630733603	0.07902395879312511	0.1890404502739445	0.16560694149942315	-0.02534958034771948	0.1328317181058127	-0.19780706772459739	0.12442010274261453	-0.03566027787192322	0.17159699927029934	-0.19105387864286824	0.08196057540245795	0.08196057540561537	0.19105387863680517	-0.17159699927554706	-0.03566027786663769	0.1244201027299903	0.19780706774257958	0.13283171809294878	-0.025349580340476203	0.16560694150636984	-0.18904045026423216	-0.0790239587970995	0.08679828630946745	-0.19125913057960486	0.16050127266887362	0.016258900722300386	-0.1394856623686806	0.19665064018212974	0.11489678128862359	-0.047981711219860335	-0.17710462032001892	-0.18167576086351436	0.058702441544602364	-0.10546503286548814	-0.196125178281984	-0.15028566553712674
0.15801064485510305	0.19100997290445315	0.07274011909132035	0.10313315010085872	-0.19679795095044011	-0.13346954572858238	-0.03645142503504733	0.17710827096099868	0.1757971767244053	-0.03350188690131875	-0.1356556750743878	-0.1959221217388874	-0.09892242609294839	-0.07748316446300557	0.19173269365098158	0.15219736742582352	-0.009375685239144158	0.16350165411471265	0.18689574562195996	-0.06105855626993185	-0.11359416164915169	-0.19872049044763807	0.1279272700896438	0.04274425275126994	-0.18106947396982498	0.18106947396830061	0.04274425275264102	0.12792727009195845	0.19872049044522955	0.11359416165331407	-0.06105855627807568	-0.18689574561064082	-0.16350165412277504	0.009375685235247113	0.15219736742073134	0.19173269365641188	0.07748316445998045	0.09892242609888917	-0.19592212174422843	-0.13565567505868287	0.0335018868994204	-0.17579717671062076	-0.17710827097419077	-0.036451425058499076	0.13346954571963499	0.1967979509611068	-0.10313315008107027	0.07274011909671131	0.1910099729463368	0.15801064480743957
0.1651313953636378	0.18297697114020636	0.037522652826611304	0.1413037957775739	-0.19334300991943792	-0.07178709378665547	-0.11421317827305731	0.19725064337964304	0.1024476719590817	0.08474315832312705	-0.19542281091223407	-0.12968189879831038	0.05313719153162241	-0.1880018358229473	0.15319559380014003	-0.019853824347839496	-0.17505086670521958	0.17253227495590723	0.014644299308986329	0.15660470474842528	-0.18775006678901796	-0.051297724299186935	-0.13128079794359898	0.19917169100281532	-0.09347735573805316	-0.09347735573780856	-0.1991716910044712	0.13128079794505576	-0.05129772430783276	-0.18775006677178133	-0.1566047047604812	0.014644299308289544	0.17253227495905718	-0.1750508667126216	0.019853824337952432	-0.1531955938020471	-0.1880018358158312	0.0531371915261594	0.12968189879855804	0.19542281090043576	0.08474315833871938	0.10244767196008595	0.197250643385275	0.1142131782909383	-0.07178709378303755	-0.19334300991014364	0.1413037957629187	-0.037522652827842264	-0.18297697118444434	-0.16513139532741447
0.17161992354847935	0.172147802504215	0.0010189765221422587	0.17089720864495447	-0.1716354306767833	-0.00039601893141190094	-0.1710746324942748	0.17053895737096128	-0.0014957355311470528	0.1719676488900549	-0.16928845600660633	0.003851480979734803	0.173117026442193	-0.16807602583042613	-0.0061900398248019945	-0.17426713274097436	-0.16704365507203559	-0.00819123208987406	-0.17534452623230534	0.16672925696168586	0.00892373076457176	0.17627761186198102	-0.16928607752181982	-0.004863891112391731	0.17513160159101432	-0.17513160157963845	-0.004863891111556199	-0.16928607751453215	-0.17627761186062488	-0.0089237307860265	0.166729256984322	0.1753445262227351	0.008191232089076699	0.16704365508186692	-0.17426713272228372	-0.006190039833028167	0.16807602582612985	-0.17311702644310561	0.0038514809793671863	-0.16928845600443967	-0.17196764890664087	0.0014957355188452515	-0.1705389573580848	-0.17107463250918234	0.00039601892661997686	0.1716354306571342	-0.17089720864273186	0.001018976531169673	0.1721478025528635	0.1716199235116846
0.17745178551726806	0.15868846366937556	-0.035519482043433415	0.19011766847167003	-0.13372570065608003	0.07104832303913197	-0.19662937584163	0.10331849027571209	-0.10499211558828035	0.1962435225019304	-0.0687424768070159	0.1353855240315735	0.1885760540431552	-0.031531020225726195	-0.16069217987689663	-0.1738610542467183	0.00669806518081247	-0.179904094289349	-0.15300291711168243	-0.044103725911147425	0.19272455696433385	0.1284296795661297	0.07794412574602605	-0.20009233292833636	0.1046196511637386	0.1046196511625947	0.20009233292730372	-0.07794412575447306	0.12842967957421042	0.1927245569685213	0.04410372590410134	-0.1530029171133596	-0.1799040942825335	0.006698065170988445	0.17386105422673986	0.16069217988498957	-0.03153102021727715	0.18857605404696945	-0.13538552404145665	0.0687424768153419	0.19624352252298452	-0.10499211556683025	0.1033184902543552	0.19662937584800397	0.07104832303908891	-0.13372570062303102	0.19011766847764344	0.03551948202998553	-0.15868846371959167	-0.177451785486389
0.18260435071598843	0.14280417399640402	-0.07084058691416438	0.19779843454031318	-0.08319214641827476	0.13288499356293385	-0.18620045916389744	0.011555611441457982	-0.17713536582521464	0.14868452776100066	0.06201993375692537	0.19666895053330774	0.09018018454221478	0.12689277834397955	-0.18843319489254326	-0.018995753093947174	0.17379420791939076	-0.15375844735233388	0.05461574324289791	-0.19648952445589637	0.09852162092029244	-0.12008377337743885	0.19384202464889883	-0.03319580304695535	-0.16847781020134395	0.16847781020588615	-0.03319580304379829	0.19384202466202713	0.12008377336308333	-0.0985216209091116	-0.1964895244603023	-0.05461574323253035	0.15375844733778563	-0.17379420792536765	-0.018995753090271524	-0.18843319489792512	-0.12689277834632237	-0.09018018454795669	0.1966689505410101	0.06201993374442034	-0.14868452776903301	0.17713536580911018	-0.011555611407649422	-0.18620045917154399	-0.1328849935645289	0.08319214638673748	-0.19779843455915216	-0.0708405868815192	0.14280417405097134	0.18260435067611314
0.18705808335619703	0.12473789761909441	-0.10373351264325477	0.19347336656035785	-0.024805304182123976	0.17675215005464534	-0.14169685372685845	-0.08295201505255226	-0.19638113330777832	0.046699685324456904	0.1655207927254301	0.15590283078391265	-0.0626622384245037	0.19727166904518947	-0.06752918775122657	0.1527453537516332	0.16845659373350033	0.0414894429730518	0.19609795632564903	-0.08847712916504065	-0.1377979811834258	-0.18097266842414442	-0.016874145174120194	0.19377626459516414	-0.11533980383692313	-0.11533980383989496	-0.1937762645907922	0.01687414517381475	-0.18097266842118534	-0.13779798119113448	0.0884771291688536	0.19609795631630908	0.04148944298529051	0.16845659374539046	-0.15274535374406728	0.06752918774389823	0.19727166905197974	-0.0626622384209988	-0.15590283079885103	-0.16552079271234166	0.04669968532872504	-0.19638113329833923	-0.08295201507762932	0.14169685372471005	0.17675215004430922	-0.02480530414097435	0.1934733665840989	0.10373351260892665	-0.1247378976744052	-0.18705808332387244
0.19079585691477638	0.10476560724896375	-0.1330707768364506	0.17740481707208092	0.035923273032133315	0.1967178704486473	-0.07126263755724097	-0.1577554746440225	-0.1569819213634117	-0.0723798041896209	0.19626549886961417	0.03424018145383377	-0.1776718238934286	0.1307731320807731	0.106645447028896	0.1887868300977496	-0.004019174469582112	0.19110735260425818	0.10011920604666992	0.13679027799943078	-0.1753451642012173	0.04089913541513813	-0.19915817870094218	0.0700552995180755	0.16113953069675194	-0.1611395306936975	0.0700552995142696	-0.19915817870620106	-0.04089913540731326	0.17534516419057453	0.13679027800777444	-0.10011920605108976	-0.19110735260546255	0.004019174460513929	0.1887868300892268	0.10664544703956756	-0.13077313208706087	0.17767182389200153	0.03424018146614489	0.19626549886265549	0.07237980419264477	0.15698192136464284	0.1577554746564498	-0.07126263754592607	-0.1967178704312618	-0.0359232730747999	-0.17740481710277037	-0.1330707767966267	0.10476560730397687	0.19079585688764814
0.19380340719167657	0.08319251259724672	-0.15784684057516538	0.15056822849084625	0.09326065683470586	0.19008224678128804	0.012212649193648594	-0.19508628741551826	-0.0707036397255373	-0.16496461389980607	0.14073980647227946	-0.10518933936251057	-0.18541085473501007	-0.02646235150521625	0.19669295133501075	0.057108983771138336	-0.1725072146172956	0.13054627097567847	-0.1170964504260584	0.18077596300370805	0.04004202199120915	0.19886814583050247	-0.04586980320939999	-0.18044983587521016	0.12559345601339217	0.12559345601425964	0.1804498358752767	0.04586980321242976	0.19886814582657822	0.04004202200505005	-0.18077596301426785	-0.11709645041381718	0.13054627096786875	-0.17250721461846236	-0.05710898377300382	-0.19669295133673062	-0.026462351503305278	-0.1854108547369933	0.10518933935631997	-0.1407398064752534	-0.16496461390310818	-0.07070363973241096	-0.19508628740920642	-0.012212649217309945	0.19008224676157492	0.09326065687484118	0.1505682285265332	0.15784684053192352	-0.08319251264731133	-0.19380340717766148
0.19606918887202557	0.060348215173386496	-0.17721246811017208	0.11459249504378279	0.14179416335355163	0.15774251974558065	0.0934530604771196	-0.18607705443922085	0.036688682039978215	-0.19716404781807978	0.02335046522442848	-0.1900371438468366	-0.08120682388740506	-0.16533687417921972	0.13157955483245495	-0.12530496269475686	-0.16983824696277958	-0.0735890895161496	-0.19251660860354494	-0.014812148368506587	0.19766902473089842	0.04611579237976259	0.18470716660172995	-0.10438022717311272	-0.1531479786540781	0.15314797865135948	-0.10438022716843894	0.18470716660623773	-0.046115792385587724	-0.19766902472908143	-0.014812148368676196	0.19251660859850145	0.0735890895238005	0.16983824697171312	-0.12530496268488092	0.13157955482288636	0.16533687418239032	0.08120682389068873	-0.19003714384959286	0.02335046523390354	0.19716404782283736	-0.03668868202859085	0.1860770544157102	0.09345306050583423	-0.15774251972472605	-0.14179416338737888	-0.11459249508359941	-0.17721246806623603	0.06034821522158558	0.1960691888694649
0.19758455028621563	0.03658179713387866	-0.19050387073844846	0.07166127035687397	0.1769422182987558	0.10407191311774104	0.15759149430396796	-0.1328677850485814	0.13312474478107905	-0.15719155228736548	-0.10430277744485458	-0.17627640727939858	0.07202637832175825	-0.18949223727369122	-0.03733002631388289	-0.19639720575112493	0.0013397459882414577	-0.1967914596492382	-0.0348130090394265	-0.1907703346378245	0.07015958123143151	-0.1786901567342482	0.10406080420163416	0.16059449140696586	-0.13533873211825556	-0.13533873211978173	-0.16059449140882104	-0.1040608042085404	-0.17869015672761546	0.07015958121683076	0.19077033464604298	-0.034813009044424345	-0.19679145965087813	0.0013397459791254537	0.1963972057431753	0.03733002632312198	-0.18949223727370612	0.0720263783228868	0.17627640729035957	0.10430277743799264	-0.1571915523002011	0.1331247447636158	-0.13286778501246635	-0.1575914943274427	0.10407191308983327	0.17694221832870588	0.07166127039834959	0.19050387070101998	-0.03658179718755178	-0.19758455028866465
0.1983436845592051	0.01225640869852704	-0.19726545392141873	0.024380360129253098	0.19538683083520347	0.0363280826835899	0.19289057117823413	-0.04809757537596469	0.18980611292979888	-0.05967906644650317	-0.18610869713346434	-0.07104741581931713	0.1817731904745331	-0.08216822170503742	-0.1767918832203732	-0.0930089763242248	0.17118853822419644	-0.10356335016188603	0.16504663637247216	-0.11390981109668877	-0.1585547346509711	-0.12430181833587738	-0.15192340493857107	0.13492841171016537	0.14453602655018527	-0.14453602654650036	0.13492841170551437	-0.1519234049381829	0.12430181833669036	0.15855473465987086	-0.1139098111027243	-0.1650466363659056	0.10356335015643499	-0.17118853822209518	-0.09300897632179246	-0.1767918832215397	0.08216822170112495	-0.1817731904776312	-0.0710474158368283	-0.18610869712836384	0.0596790664634767	-0.1898061129148515	0.0480975753360376	0.19289057119905326	-0.03632808265557553	-0.1953868308567924	-0.02438036016624307	-0.1972654538868643	0.01225640874706952	0.19834368456787393
0.19834368797776963	-0.012256255728099496	-0.19726546299199954	-0.024380382386363367	0.19538681057945778	-0.03632824043420982	0.1928905511766445	0.048097552988780316	0.18980614484737415	0.059678940467392534	-0.18610872046906515	0.07104743046851433	0.18177316318810582	0.08216828664753027	-0.17679186857820278	0.0930089636409977	0.1711885580160626	0.103563327145941	0.16504663208447512	0.11390983113841686	-0.15855473034115194	0.12430180763113749	-0.15192341090800807	-0.1349284166926869	0.14453602205231267	0.14453602205090646	0.13492841669448483	0.15192341091070408	0.12430180762432269	-0.15855473033673803	-0.11390983113495606	0.1650466320836182	0.10356332715667785	0.1711885580256808	-0.0930089636442542	0.1767918685782405	0.08216828664675621	0.18177316318343856	-0.07104743045080963	0.18610872045521268	0.05967894046248185	0.18980614484787195	0.04809755302125662	-0.19289055120293092	-0.03632824044299704	0.1953868105810493	-0.024380382357938695	0.19726546295072964	0.01225625570387172	-0.19834368800365276
0.19758456057999935	-0.036581646683071754	-0.1905038975734653	-0.07166129110492883	0.17694215945690883	-0.10407204973181428	0.15759143788262217	0.13286776777022707	0.13312483110444998	0.1571914727709319	-0.10430283720737003	0.1762764137345599	0.07202631300333363	0.18949225799298308	-0.037329993609219916	0.19639720304732655	0.001339786106707696	0.19679146361738642	-0.034813016811871086	0.1907703263955409	0.07015958825309228	0.1786901642582445	0.10406079572333041	-0.1605944862295323	-0.1353387377572271	0.1353387377528398	-0.1605944862286625	0.1040607957198785	-0.17869016424701112	-0.0701595882682641	0.19077032639348204	0.034813016806001705	-0.19679146363182093	-0.00133978612958524	0.19639720305482455	-0.03732999360774642	-0.18949225798700625	-0.07202631298176225	0.17627641372273964	-0.10430283718542019	-0.15719147277065973	-0.1331248311230017	-0.13286776778187073	0.15759143791615599	0.10407204972825619	-0.17694215944954358	0.07166129109581884	-0.1905038975305369	-0.03658164668359826	0.1975845606082186
0.1960692058848825	-0.060348069381749754	-0.17721251188714943	-0.11459251323493846	0.14179407148388734	-0.15774261667263695	0.0934529780465262	0.18607704660195146	0.036688796805766345	0.19716404341058574	0.023350395038623722	0.19003713932414343	-0.08120688817791658	0.16533683540971564	0.13157957914650142	0.1253049738410301	-0.16983822730979908	0.07358911406643984	-0.19251660925697694	0.014812124958069623	0.19766902563630842	-0.04611578031967811	0.1847071685710598	0.10438023152522095	-0.15314797590981058	-0.15314797591809887	-0.10438023151781715	-0.18470716855872166	-0.04611578034428007	0.19766902565829914	-0.014812124966010427	-0.192516609256837	0.07358911408194786	-0.1698382272749904	-0.12530497383051387	-0.131579579142975	0.16533683539727673	-0.08120688820517385	-0.19003713934266905	-0.023350395054973768	0.19716404342687854	0.03668879682521718	0.18607704659175203	-0.09345297805773194	-0.15774261665581968	0.1417940714647602	-0.11459251322592834	0.17721251185884454	0.060348069378039215	-0.1960692059251961
0.19380343081732737	-0.08319237353807848	-0.1578468999803002	-0.1505682433694987	0.09326054024896255	-0.19008229048533928	0.012212556159041255	0.19508629121742982	-0.070703530975695	0.16496468587527766	0.14073975634532254	0.1051893270820337	-0.18541088011533186	0.026462278499823272	0.19669294652737335	-0.05710896664759476	-0.17250723656981734	-0.13054625483913182	-0.11709644203863707	-0.18077596888251143	0.04004201595917145	-0.19886814929297425	-0.045869794069027886	0.18044983072092918	0.1255934622633625	-0.1255934622762616	0.180449830717934	-0.04586979406441771	0.19886814931246985	-0.04004201597174779	-0.1807759688773296	0.11709644204313424	0.1305462548242351	0.17250723654480807	-0.05710896665600933	0.19669294651506217	-0.026462278483019745	0.1854108801379679	0.10518932710602313	0.14073975636243982	-0.16496468589868543	0.07070353096556733	-0.19508629119857349	0.012212556158491868	0.1900822904666411	-0.09326054023460675	0.1505682433579431	-0.15784689996756615	-0.08319237352307589	0.19380343085535107
0.19079588703810563	-0.10476547708455161	-0.13307084975261813	-0.1774048275133576	0.03592314302633089	-0.19671785538441258	-0.07126272445477394	0.15775548890332047	-0.1569818508881879	0.0723799265387901	0.1962654912808712	-0.03424019603288433	-0.17767179382389056	-0.1307731868352099	0.10664541900771964	-0.18878682490464715	-0.004019213641241049	-0.19110735960790418	0.10011921076924848	-0.13679026137871025	-0.1753451706647878	-0.04089914657581629	-0.1991581758619883	-0.07005530280294792	0.161139530226977	0.16113953022767674	0.07005530280969388	0.19915817586521425	-0.040899146586942596	-0.17534517065745428	0.1367902613721063	0.10011921076408496	-0.1911073595985175	-0.004019213632789252	0.18878682492128346	-0.10664541899690015	-0.13077318684799683	-0.17767179382824402	0.034240196003933486	-0.19626549128333107	0.07237992656549543	-0.1569818508968288	0.15775548888297924	0.07126272448127371	-0.19671785537042302	0.03592314301625596	-0.17740482749054248	0.13307084976328273	0.10476547704103727	-0.1907958870769559
0.1870581202936877	-0.12473777906153616	-0.10373359572480781	-0.19347337105547976	-0.02480543467430133	-0.176752078722085	-0.1416969188863249	0.08295203600540771	-0.19638112154182458	-0.04669955625471282	0.16552083262272563	-0.15590284241080102	-0.06266216838313873	-0.1972716644638527	-0.06752921380782549	-0.15274536831527824	0.1684565790024671	-0.041489462712419656	0.19609794959258994	0.08847714431541759	-0.13779797990199036	0.18097266821946237	-0.01687415306981294	-0.19377625943795931	-0.11533981028829977	0.11533981028189404	-0.19377625943756974	-0.016874153067857122	-0.18097266822072697	0.13779797989494605	0.08847714431194433	-0.19609794959891094	0.041489462707205355	-0.16845657899965574	-0.1527453683158413	-0.06752921381429058	0.19727166447395866	0.06266216838413731	-0.15590284240461683	0.1655208326285979	0.0466995562300708	0.196381121550866	-0.08295203598777884	-0.1416969189034832	0.17675207870380222	0.024805434680988572	0.19347337103454024	-0.10373359573950738	-0.12473777901977208	0.18705812033243788
0.18260439409593168	-0.1428040683960273	-0.07084067781585661	-0.19779843319014573	-0.08319226523319727	-0.1328848756244989	-0.18620049080197074	-0.011555588836181982	-0.17713541650539352	-0.14868444004270975	0.06202000207603535	-0.19666895085011435	0.09018024928067676	-0.12689272121054737	-0.18843320221925708	0.01899573559137502	0.1737942286512635	0.15375843316964122	0.05461573610810651	0.1964895208368621	0.09852163042625703	0.12008378209367901	0.19384201726887956	0.0331958052114124	-0.16847781214943017	-0.168477812145985	-0.033195805210846266	-0.19384201726375183	0.12008378209997791	0.09852163043850155	-0.19648952082892523	0.05461573611829188	0.15375843316466695	0.17379422865434532	-0.018995735601178954	0.18843320221660642	-0.12689272120639253	0.09018024927676886	0.19666895086266725	-0.062020002085560993	-0.14868444003335546	-0.1771354165135007	-0.011555588855256997	0.18620049080577905	-0.13288487560564854	-0.08319226523033688	-0.19779843317785722	0.07084067783756827	0.14280406835780818	-0.1826043941306242
0.17745183512560841	-0.15868837243469172	-0.03551957808145902	-0.19011766206391306	-0.1337257976188637	-0.07104817288946272	-0.1966293661167289	-0.1033184688803395	-0.10499221653892664	-0.19624351172169474	-0.06874241392554492	-0.13538550869612667	0.18857607001988197	0.031531085723544794	-0.16069216711306472	0.1738610536069119	0.006698097044078389	0.17990409790490894	-0.15300291333031207	0.04410371051429122	0.1927245624791566	-0.12842967678506043	0.07794413070891905	0.20009232764904297	0.10461965750299278	-0.10461965749986267	0.20009232765607987	0.0779441307008956	0.12842967678286799	-0.19272456248305458	0.04410371051927972	0.15300291333478547	-0.17990409789336553	-0.006698097051709499	0.17386105360864407	-0.1606921671087365	-0.03153108573434676	-0.18857607001985038	-0.13538550871280414	-0.06874241391582894	0.19624351171722207	0.10499221654741848	0.10331846889389332	-0.19662936611352114	0.07104817286365925	0.13372579761429254	0.1901176620524393	-0.03551957811056815	-0.15868837239714687	0.17745183517078272
0.17161997882004174	-0.17214772635162423	0.0010188777762653548	-0.17089719840329795	-0.17163549722119173	0.00039618113722040155	-0.17107458362560443	-0.17053894342579293	-0.001495854762138866	-0.17196771657377918	-0.1692884234036592	-0.003851460952454943	0.17311698696959155	0.1680760570164937	-0.0061900146204268295	0.17426714739552607	-0.16704364189611076	0.008191251106736625	-0.17534451746518517	-0.1667292650706718	0.008923723166428596	-0.17627761814028797	-0.16928606745630487	0.004863889090530261	0.17513160504414496	0.17513160503821934	-0.004863889093160348	0.16928606745453664	-0.1762776181491153	0.008923723153879458	0.16672926505584318	-0.17534451747896407	0.008191251103337386	-0.16704364189384405	-0.17426714738497684	0.006190014613576988	0.1680760570221136	0.17311698697428596	0.003851460965751164	0.1692884234032947	-0.17196771657542323	-0.0014958547680617325	-0.1705389434279447	0.17107458361812614	0.0003961811647225055	-0.1716354972163315	-0.17089719839305578	-0.0010188777402464222	0.17214772631167033	-0.1716199788762755
0.16513145680866254	-0.18297691270534625	0.03752255697254201	-0.14130377938070063	-0.19334303609391543	0.07178724168918121	-0.11421310431657353	-0.19725064592381134	0.10244757628674143	-0.08474327312578415	-0.19542281631381372	0.12968190667755577	0.05313712646230973	0.1880018164282927	0.1531956160649937	0.019853837607274556	-0.17505088252389397	-0.1725322594668819	0.014644301169261572	-0.1566046956534492	-0.18775007693907309	0.051297719021037885	-0.13128079970032958	-0.19917168602062893	-0.09347736192269761	0.09347736191777474	-0.19917168602905938	-0.13128079969202802	-0.051297719012623956	0.1877500769512087	-0.15660469564912302	-0.014644301167422501	0.17253225945778355	0.17505088252694484	0.019853837595980618	0.15319561607004872	-0.18800181642192476	-0.05313712646567983	0.12968190666797172	-0.19542281632503125	0.08474327314260209	-0.10244757628749752	0.19725064591857303	-0.11421310430237239	-0.0717872417170225	0.19334303608949074	0.1413037793747664	0.03752255693722433	-0.18297691266484875	0.1651314568654615
0.15801071223236426	-0.1910099330717929	0.07274002942219139	-0.10313312850255277	-0.19679793415925376	0.13346965902855482	-0.036451340141303364	-0.17710829047490398	0.17579713484163037	0.033501769243660696	-0.13565571328571305	0.19592211003101173	-0.09892247376448517	0.07748311172706414	0.19173269910976373	-0.15219737078465972	-0.009375711308715699	-0.16350165666046806	0.1868957362422107	0.06105856889975477	-0.11359416097471814	0.1987204953570939	0.12792726026073584	-0.04274424916355556	-0.18106947724998704	-0.181069477240103	0.04274424916521896	-0.12792726025775944	0.19872049536077427	-0.11359416097096413	-0.06105856888469253	0.18689573625824443	-0.16350165665208077	-0.009375711309160789	0.15219737079009035	-0.19173269910455049	0.07748311171086177	-0.09892247376275741	-0.19592211002458043	0.13565571330346737	0.03350176921026337	0.1757971348482015	-0.17710829047102272	0.03645134012500449	0.13346965906021632	-0.19679793415838712	-0.10313312849682688	-0.0727400293967095	0.1910099330296165	-0.15801071228075741
0.1502857376897192	-0.1961251557398263	0.10546494957576938	-0.05870242009215703	-0.18167570786530154	0.17710468998078063	0.047981798673397934	-0.11489680535480083	0.19665065656164452	0.13948557698518335	-0.01625896234073329	0.16050125399749954	-0.19125913755215757	-0.0867983400886056	0.07902394003456227	-0.18904046519007817	0.16560692986588538	0.025349562071856343	0.1328317088536725	0.19780706693617905	0.12442011292171612	0.03566028563416691	0.17159699824529204	0.19105387448734873	0.0819605814630878	-0.08196058146215321	0.19105387449530906	0.1715969982311121	-0.035660285644218206	-0.12442011292866102	0.1978070669174541	-0.13283170887501605	-0.02534956206451129	-0.16560692987709322	-0.18904046519825946	0.07902394001598628	0.08679834011436725	0.19125913754676907	0.1605012539833409	-0.01625896235526926	-0.13948557693594396	-0.19665065656798963	0.11489680536684488	0.047981798676640056	-0.1771046900234641	0.18167570787843573	0.058702420076079447	0.10546494957582776	-0.19612515569184896	0.15028573771709727
0.14198455698242007	-0.19824179472985454	0.13457289010211135	-0.010710064646775352	-0.14940348253397912	0.19678981516706634	0.12363354717835164	-0.025392173755359914	0.15877518063770527	0.19440482606067377	0.1102788255573084	0.04180084621663732	-0.1681212336391616	-0.19085236670395972	-0.09602253346354905	-0.05793352138105323	0.17626791631646152	0.18630945644189836	-0.08207514308632018	0.0724095941563035	0.18295099710365506	-0.18311116994685891	-0.07387170024829443	0.07906617657399007	0.18625389591601202	0.18625389591368682	-0.07906617658139467	0.07387170025837635	-0.18311116994888124	0.18295099709375662	-0.07240959415749551	-0.0820751430762126	0.18630945642672417	0.176267916334792	0.05793352138624589	0.09602253348653639	-0.1908523667231018	-0.16812123362918063	-0.04180084620204527	-0.11027882554907072	0.19440482601387488	0.15877518064456564	-0.025392173778135355	-0.12363354716905973	0.1967898152134716	-0.14940348255645292	-0.010710064622335485	-0.13457289012514626	0.19824179467758155	-0.14198455699313378
0.13314146261107074	-0.19733191053086802	0.15907097149487823	0.03793409035015389	-0.1030281167870088	0.18986718902106095	0.17666515509816363	0.07014792672448827	0.0734847065535482	0.17816620115719947	0.18834892334661854	-0.09859412039391588	-0.04348085032096886	-0.1624929346734358	-0.19533601514535226	0.12465376042895583	0.012037441650000221	0.1423739728349243	-0.1976060764838534	-0.1489529947829425	-0.022410950843475892	-0.11581271358949759	-0.19491203756829006	-0.17604985827571693	-0.07012261744058612	0.07012261743623574	-0.176049858283547	-0.1949120375648606	0.1158127136046446	0.02241095086307739	-0.1489529947699033	0.19760607648975487	-0.14237397281626643	-0.0120374416574824	0.12465376042274959	-0.1953360151510305	0.16249293468458767	0.043480850326627754	-0.09859412040146774	0.18834892335980355	-0.178166201131873	-0.07348470654420884	-0.07014792671414188	0.1766651550750662	-0.18986718904686528	0.10302811681243461	-0.03793409035978428	0.15907097152343802	-0.19733191048674834	0.13314146262712023
0.12378732283112868	-0.19340411427737575	0.17811362978240522	0.08427405160804735	-0.04692498697015206	0.1572625712773722	0.19735498742830432	0.14901127020570845	-0.0337386678697234	0.09671488582792884	0.18362587407819805	-0.18782299493974552	0.10740835558648362	-0.02137948230353477	-0.1405364905971713	0.196465028181418	-0.1641043670272287	-0.05812619397177968	-0.07384583635137856	-0.17289270682249752	-0.19541990394015346	0.13243082881035842	0.012495131044103207	-0.11248646805985701	-0.190623450967179	-0.1906234509510149	0.11248646805892067	-0.012495131037988239	0.13243082880119794	-0.19541990395647227	0.1728927068155624	-0.07384583635259004	-0.05812619397553053	-0.164104367027299	-0.19646502818282574	0.14053649059115886	-0.02137948229942844	0.10740835557440402	0.18782299493182095	-0.1836258740972943	0.09671488583166582	-0.03373866788736812	0.14901127021281482	-0.19735498740480342	0.15726257128232754	-0.04692498699145449	0.08427405160195317	-0.17811362980982917	0.19340411424042997	-0.12378732285567161
0.11396368648404556	-0.1865290995486129	0.1910614186097391	0.12550854572447348	0.01361356933069142	0.10339365333392109	0.1819388632815026	0.19249498994963107	-0.13090209454790727	-0.020145366424043087	0.09819732421565319	-0.17961780871837876	0.1934846226241698	0.13460108731092085	0.025141339226379046	0.09374386755143282	-0.1774556810337252	-0.19473387857933888	0.13935159104877617	0.03226752998907778	-0.08661353377557644	0.17387353794490387	0.19897314302768213	0.15474841322790603	0.05802836409141634	-0.058028364086432485	0.15474841323962577	0.1989731430180877	-0.1738735379474931	0.08661353376842708	0.032267529973396325	-0.13935159105834047	0.19473387857624389	0.17745568104248435	0.09374386755188938	0.025141339239808023	-0.1346010873173039	-0.19348462260628127	-0.17961780870106533	0.09819732423514398	0.020145366396506333	0.13090209457554555	-0.1924949899747078	0.18193886326089656	-0.10339365331825165	-0.013613569313093774	-0.12550854570086906	0.19106141863352172	-0.18652909951936467	0.11396368651825292
0.10369722591303698	-0.17679033659554982	0.1974401095012297	0.159100314569699	0.07284238238581825	0.035561734437649345	0.1332348147437383	0.19024793492072523	-0.18895931303199986	-0.12961755047004564	-0.030396196064106075	-0.07818189207965992	0.1626828203362646	0.19710390154495563	0.17089680464454599	-0.09219092843494302	-0.01476568817649661	-0.1171468983332272	0.1837361504463897	0.19458856392790552	0.1470915033331793	-0.05638805945274229	0.05005686943577903	0.1417000533163721	0.19404043167909182	0.1940404316695857	-0.1417000533235501	-0.05005686943280562	-0.05638805944957936	0.1470915033459277	-0.19458856390368273	0.1837361504639507	-0.11714689833225057	-0.01476568817743899	0.0921909284428632	-0.17089680464531357	0.19710390153992377	0.1626828203325243	0.0781818920746875	0.03039619606128397	-0.12961755044633572	-0.1889593130581805	0.190247934935942	-0.1332348147265839	0.03556173442615089	0.07284238236084323	0.15910031454906817	-0.19744010954069985	0.17679033656344234	-0.10369722593150517
0.09304538187249417	-0.16437272172063203	0.1970829265279838	0.18307156508105973	0.125228611739935	-0.037100037693675134	0.06015080503283742	0.14284217184324596	-0.19064991722517313	-0.19172513771929342	-0.14571220908512703	0.06388338598220437	0.03364182531049323	0.12288150157842109	0.18192338345739512	-0.196326033414511	0.16265586405251198	0.08928959703417971	0.0057254562753323145	0.09924859276679221	0.16893731766231038	-0.19891394975502727	-0.1835451048319219	-0.1280360427819216	-0.04576798368191672	0.04576798367993306	-0.12803604279007014	-0.18354510482079783	0.1989139497601984	-0.16893731766499206	0.09924859276135914	-0.005725456278394098	-0.08928959702825848	-0.1626558640562007	-0.19632603342743835	0.1819233834483899	-0.12288150156348102	-0.03364182531746824	0.06388338597157908	-0.14571220909532057	0.19172513770693117	0.19064991724748803	-0.14284217184681128	0.06015080501929575	0.037100037703386955	-0.12522861170874217	-0.18307156506124275	0.19708292657976847	-0.16437272168889325	0.09304538187908745
0.08203465623203908	-0.14943543973364146	0.1899537877272331	0.19590427660862064	0.16576037697659327	-0.10471586847389082	-0.023931393275425494	0.06147774724639796	-0.13532553265405617	-0.18351074888163224	-0.19678694899474597	0.17258126643442143	-0.11550240553246699	-0.03644779563242667	0.04950376182099653	-0.12599775882380634	0.1785480036760405	0.19732068036798361	-0.17902467060081512	-0.12752251128965372	-0.052983003186861444	-0.03034907341022926	-0.10735616692264228	-0.16534515282469378	-0.19614052350912511	-0.19614052350348143	0.16534515283546825	0.10735616691238836	-0.030349073413343017	-0.05298300319237315	0.12752251126847866	-0.17902467062263114	0.19732068036228545	0.17854800367319418	0.12599775882878514	-0.04950376181703693	-0.03644779564213934	-0.11550240552834727	-0.17258126642164234	0.1967869490060106	-0.18351074887355479	-0.13532553267141167	0.06147774725065153	0.02393139328251324	-0.10471586849553598	0.16576037694791312	0.19590427657852777	-0.1899537877762892	0.14943543971061957	-0.08203465624419104
0.07074465109102858	-0.1322848552108944	0.17641914564220992	0.19698385177426211	0.19080588672919593	-0.1583411235816877	-0.10378916631898327	-0.03460273229539009	-0.03954585701513813	-0.10816889340290238	-0.16150536410345614	0.19195481711607584	-0.1951844150228292	-0.17074913217903134	-0.1221427366449685	0.056280976327094195	0.017504185953625795	0.08881886158155987	-0.14772823742838562	-0.18623920408830164	-0.19952533790053212	0.18665653275921193	0.1505770680633357	0.0971495874556316	0.0334844151546018	-0.033484415153846495	0.0971495874605404	0.15057706805390442	-0.18665653276572922	0.19952533790676993	-0.18623920406471303	0.14772823744932903	-0.0888188615844685	-0.017504185948776486	0.056280976337223294	-0.12214273664329102	0.17074913217432616	0.19518441502119208	0.19195481710996332	-0.16150536411503363	0.1081688934015711	0.039545857019735994	0.03460273229317514	-0.10378916631595518	0.15834112361000852	-0.19080588670488258	-0.1969838517388537	0.17641914568756095	-0.13228485519582245	0.07074465110767626
0.0591666036720284	-0.11306933079071482	0.1567517155710305	0.1859609282379512	0.19761805924309558	-0.19025266130172244	-0.16427932353995797	-0.12204257394396394	0.06761605545179483	0.006387552308161915	-0.05551041787382514	0.1118507378384882	-0.1569658868962446	-0.18633530907787915	-0.1970474158025706	0.18809421355738087	-0.16047435292584364	-0.11709632328097021	0.06248482846436142	0.002298836230182763	-0.057327929229559225	0.11059976131352145	0.15293529279979134	0.1816429828423771	0.19592001606641596	0.19592001606239293	-0.18164298285433034	-0.15293529278551657	0.11059976131866076	-0.05732792923000482	-0.0022988362260699534	0.06248482847194659	-0.1170963232730811	-0.16047435292387988	-0.1880942135733995	0.19704741580043192	-0.18633530906431342	-0.15696588689339824	-0.11185073783963133	0.055510417885642996	0.0063875522973275405	0.06761605546388065	-0.12204257395074236	0.16427932352675675	-0.19025266132543653	0.1976180592206004	0.18596092820652219	-0.15675171561700646	0.11306933078032917	-0.059166603685659375
0.04745009429783354	-0.09230525030466288	0.13198653259097518	0.16402549038314376	0.1862485148894026	-0.19699932875049259	-0.19533451037818508	-0.18114890568990386	0.1552146919108014	0.11913632661390382	0.07523353407194353	-0.026369171841548054	-0.024259455409312052	-0.0733474533827458	-0.11771060847950468	0.15450109970860473	-0.1814002271877156	-0.1967812201351393	0.19983720952256537	0.1906677147144851	0.1703074135538845	-0.14065801127039163	-0.1042505461619057	-0.06376778823117307	-0.021416675720861846	0.021416675720425337	-0.06376778823391198	-0.10425054615569411	0.14065801127612898	-0.17030741355996526	0.19066771468637755	-0.19983720955043321	0.1967812201318536	0.18140022718147158	0.1545010997154659	-0.11771060847657125	0.07334745337166977	0.024259455408165105	-0.026369171834194523	0.07523353406602822	-0.11913632659426639	-0.1552146919348988	0.1811489057029354	-0.19533451035760171	0.1969993287672569	-0.18624851486867164	-0.1640254903575199	0.13198653263572893	-0.09230525029960741	0.0474500943091229
0.03572620313229923	-0.07046055830501816	0.10314661996407783	0.1326520073921221	0.1578223861557995	-0.17757429899718682	-0.1909920887319984	-0.19740637220539548	0.19644561771184776	0.18806088954369735	0.1725273678880863	-0.15042727664106487	0.12261888407392164	0.09019588945741783	0.05444091775320408	-0.01677589770417007	-0.02128950922213017	-0.05821291158559253	0.09248320780474731	0.12270499838047337	0.14772088541158002	-0.1667875698765191	-0.17978785602162836	-0.1873565264964509	-0.19065745461594022	-0.1906574546124243	0.187356526507944	0.17978785600513134	-0.16678756988318777	0.14772088541635792	-0.12270499836560707	0.09248320781971604	-0.058212911589964646	-0.021289509219718433	0.016775897712609632	-0.05444091775807316	0.09019588945900625	0.12261888407043835	0.15042727662940666	-0.17252736789181913	0.18806088952361183	0.19644561774013117	-0.1974063722180436	0.19099208870796539	-0.17757429900850422	0.15782238613857943	0.13265200737159474	-0.10314662000277448	0.07046055830588298	-0.035726203143992316
0.024176685258085938	-0.04817219762745284	0.07174654988978006	0.09457312052995943	0.1162492539041302	-0.1363309743442054	-0.1543732135224481	-0.16996405004214235	0.18274915128282934	0.1924468735090381	0.19885590276044	-0.201857445126295	0.2014137279852216	0.19756431393745613	0.1904215756768993	-0.18016664658676593	0.16704714347107133	0.15137776974081585	-0.13354422411255232	-0.11400899767391287	-0.09331310065106707	0.07205823401136513	0.05084014334153911	0.030103320553272132	0.009947690887538978	-0.009947690885371969	0.030103320554475864	0.05084014334095005	-0.0720582340173444	0.09331310065539775	-0.11400899765369896	0.13354422412658612	-0.15137776973256734	-0.16704714346695143	-0.18016664660469325	0.19042157568190912	-0.19756431393082133	-0.20141372797938187	-0.2018574451142931	0.1988559027701552	-0.19244687349362616	-0.18274915130831648	0.16996405005127055	-0.1543732134997932	0.13633097435032987	-0.1162492538915764	-0.09457312051569786	0.07174654991935424	-0.04817219763179298	0.02417668526879629
0.012634761904488532	-0.025327428796702172	0.03810502329361477	0.050947279665498245	0.06378811057799347	-0.07652823378890752	-0.08905039869941739	-0.10123207698398133	0.11295404321793263	0.12410514959370413	0.13458412953482216	-0.14429920631107887	0.15316608383252234	0.1611047361059009	0.16803538327188536	-0.1738742513295994	0.1785302908153326	0.18190520907323507	-0.18390133001756842	-0.18444535721353594	-0.18354043449569907	0.18135881228172207	0.1783662896238232	0.17539989444394385	0.1735199041092109	0.1735199041063838	-0.175399894455496	-0.1783662896102495	0.1813588122914253	-0.1835404345027672	0.18444535718513413	-0.1839013300399808	0.18190520906770785	0.17853029080997648	0.17387425134306475	-0.16803538327395234	0.16110473609857986	0.15316608382869992	0.14429920630420312	-0.13458412954343368	0.12410514958561213	0.1129540432335702	-0.10123207698838467	0.08905039868424186	-0.07652823379046207	0.06378811057086203	0.05094727965862364	-0.03810502331124856	0.025327428801012394	-0.012634761911352438
